8.073629514114419869e-01 -1.565342958278907459e-01 1.190851925742650863e-01
8.072614110868741033e-01 -1.564231481396080592e-01 1.194692823394283288e-01
8.073885774572100438e-01 -1.565863809977089960e-01 1.188552988222797424e-01
8.072926192143086155e-01 -1.564693151303240826e-01 1.194808380698264560e-01
8.072764367413696185e-01 -1.564358535880883694e-01 1.194413767430559936e-01
7.981527906609948708e-01 -1.479635897267004285e-01 1.470934963737113854e-01
8.072881294968597965e-01 -1.564725756238680154e-01 1.193937832655844744e-01
8.073469747147028475e-01 -1.565700256918677313e-01 1.191171879503667430e-01
8.072788401045464246e-01 -1.564928937200810721e-01 1.193914858885485319e-01
8.075081334742191252e-01 -1.567262778280982816e-01 1.185336035844595237e-01
7.981484864191907835e-01 -1.479264769788579681e-01 1.472275674820739955e-01
7.981856985907267443e-01 -1.479842417618212891e-01 1.470502337415922067e-01
7.981513591381326211e-01 -1.479347787924892854e-01 1.472608163542885595e-01
7.981613586349628475e-01 -1.479553400873299118e-01 1.471286975483629966e-01
8.072980008228473059e-01 -1.564357567777167612e-01 1.195078270394278608e-01
8.074382337727937786e-01 -1.566197772201979865e-01 1.189451838027812958e-01
8.012478263699043257e-01 -1.479574247403414033e-01 1.481157263345416197e-01
8.010907156996265321e-01 -1.477490957787967463e-01 1.486063108091149054e-01
8.045249371432716678e-01 -1.465295587247596454e-01 1.481325985643937582e-01
7.989645663231417227e-01 -1.336217144931666767e-01 1.746507758722792847e-01
7.873626274964645733e-01 -9.994586784868308982e-02 2.176177959568250664e-01
7.789518387087732698e-01 -7.164482682766759591e-02 2.324208808412366878e-01
7.813995305207013242e-01 -5.634794828630979024e-02 1.955894935026034620e-01
7.604612419291139069e-01 -1.108120492540298763e-02 2.298435970619872037e-01
7.530591343714833075e-01 1.634372302719955261e-02 2.423953364187270143e-01
7.550726193651705609e-01 3.302151834183930657e-02 2.063151149187518740e-01
7.539788747511744216e-01 5.069207858619090290e-02 1.684342668706446666e-01
7.306479114272087516e-01 7.865007772177462497e-02 2.350145952292725937e-01
7.440456884477376631e-01 7.603502122434979693e-02 1.249136744386403208e-01
7.141434237348526226e-01 1.048685814515650794e-01 2.185403986323133374e-01
7.114858002807110671e-01 1.080044870841205817e-01 2.171510162402225941e-01
7.113834978227854267e-01 1.080123703991174855e-01 2.174883325113057264e-01
7.117534828457175999e-01 1.092553878062367811e-01 2.160756827020853255e-01
7.180298578754991112e-01 1.049635512679219507e-01 1.944171681645616712e-01
7.184592142142474103e-01 1.062366976642906691e-01 1.928576518214581981e-01
7.213289933228910211e-01 1.060827643919586838e-01 1.934528078452140143e-01
7.311732998840421160e-01 1.010499352371097004e-01 1.701110009378774546e-01
7.312201371830850949e-01 1.010085041500032310e-01 1.700022496477531231e-01
7.237783228908538646e-01 1.030670504888892558e-01 1.961944674120366106e-01
7.333568889623374165e-01 9.673634849092366261e-02 1.737418779162600568e-01
7.295259487703890100e-01 9.434666548383235929e-02 2.285962905159277803e-01
7.334285129360854638e-01 8.009118294879796762e-02 2.361485500111399904e-01
7.452252704641550984e-01 5.837096727159618581e-02 2.472153608868137287e-01
7.506014913557201851e-01 3.745103524884585422e-02 2.595069700118108891e-01
7.613728709057927535e-01 1.471034945786003911e-02 2.456642721984090283e-01
7.598820460924983200e-01 4.298662590250412752e-03 2.786228536670611877e-01
7.597702047791063951e-01 -2.047183367434141088e-02 2.886597395349144168e-01
7.578935125931978156e-01 -3.398753260484332905e-02 2.946561462073296056e-01
7.676245939450859757e-01 -6.675070526146886785e-02 2.287207440678655779e-01
7.388945141918777937e-01 -4.925812655867639611e-02 2.992590216534303238e-01
7.240824216424912585e-01 -4.202487153739481451e-02 3.178307515371121550e-01
7.115245417751580037e-01 -3.217895733959225124e-02 3.110863705514497202e-01
6.886354835424005616e-01 -7.396407764390156014e-03 3.679073247334316843e-01
6.660696580517173615e-01 9.486554261699364776e-03 3.789032161401226784e-01
6.563886345087319718e-01 1.760172038130464189e-02 3.742726483453093778e-01
6.325093739596366893e-01 4.021499075962603476e-02 4.232975090002073504e-01
6.172727867578163830e-01 6.296852486974002794e-02 4.108126337156361441e-01
6.048647802591383682e-01 8.077400857053701477e-02 4.405292667635813952e-01
5.902992762081116229e-01 1.080749857538939041e-01 4.274308263683779252e-01
5.723014669671550037e-01 1.274120503431708240e-01 4.169654363634192062e-01
5.533604196500427896e-01 1.499544424063786741e-01 4.230671743481035918e-01
5.273116392719776613e-01 1.776946849444117071e-01 4.452585586221098346e-01
5.074501765350949434e-01 2.059524427940286895e-01 4.652965005949758481e-01
4.972568425282712923e-01 2.251320331566222244e-01 4.570959373325289565e-01
4.843352088831819335e-01 2.377922545546218847e-01 4.819580636091271852e-01
4.783498264581307891e-01 2.496308549297602264e-01 4.772838045095866288e-01
4.792830264531425799e-01 2.597107545030489240e-01 4.734840228185031030e-01
4.773923862058050416e-01 2.644987969313487564e-01 4.718901360583420690e-01
4.716581135450064743e-01 2.740648821770548249e-01 4.806424241236000316e-01
4.716968045998432002e-01 2.752149916026517262e-01 4.817393787537227468e-01
4.692276717944204312e-01 2.776375273768306173e-01 4.631799291914431294e-01
4.692962283347241748e-01 2.776519633830561440e-01 4.633155626088683032e-01
4.691506213089167709e-01 2.765075406315327111e-01 4.633394812781899130e-01
4.685173303554803770e-01 2.742248254506886029e-01 4.493049767921730719e-01
4.681823627141229460e-01 2.662848596479072683e-01 4.685671822123471664e-01
4.739455224136270295e-01 2.552887385016604505e-01 4.571246142361919951e-01
4.863898004151202548e-01 2.348021813008710490e-01 4.668242435070644181e-01
5.011767548208571066e-01 2.164947003841325990e-01 4.750881306687007033e-01
5.183921176227616057e-01 1.864809485938295208e-01 4.398884401863172311e-01
5.358697157491836283e-01 1.557846688019446924e-01 4.875368687693637515e-01
5.626765558224372521e-01 1.193325111684873652e-01 4.372665110575917335e-01
5.892447461254581853e-01 8.382341494320338926e-02 4.192464290975128627e-01
6.194023056114464909e-01 4.130634346300365856e-02 4.021345354359224800e-01
6.497995825690567884e-01 9.362919125855018176e-03 3.781083881843299022e-01
6.765787614228964131e-01 -1.685061374782770294e-02 3.712641324166066070e-01
7.293425059901476049e-01 -6.316280382532624138e-02 3.297863426205687176e-01
7.461732186374991915e-01 -8.388879153463990601e-02 3.405786191884940806e-01
7.594732769983312259e-01 -1.062281854865604336e-01 2.743684468072637994e-01
7.741401256820736876e-01 -1.278170941646841197e-01 2.008626511272542103e-01
7.770807334623498486e-01 -1.378980343777346795e-01 1.709288250818605803e-01
7.825055206934898866e-01 -1.459298563913628000e-01 1.433035123830608271e-01
7.820583683465989200e-01 -1.525157235363651664e-01 1.126871216660803032e-01
7.885722806449637634e-01 -1.584434112428095842e-01 8.009722416022535540e-02
7.736956041351952251e-01 -1.426972486849671373e-01 1.393291975710406749e-01
7.736099500325487321e-01 -1.426307094416621180e-01 1.396359725712126298e-01
7.705415998063308569e-01 -1.424905758740895312e-01 1.390075482433741350e-01
7.736445475268269867e-01 -1.426653153655185191e-01 1.395679608431437124e-01
7.826358704282401213e-01 -1.495736457280660847e-01 1.105506376020848336e-01
7.671470024170086166e-01 -1.195824155110083442e-01 1.604658634474362966e-01
7.636690046338915350e-01 -1.001147944757193042e-01 1.496421758448138739e-01
7.634019533791929213e-01 -7.910573250960556413e-02 1.390490429460249366e-01
7.391132548041791095e-01 -3.712865696106842917e-02 2.088375051997182208e-01
7.405201268748640153e-01 -1.438477650004627018e-02 1.378699477090239434e-01
7.010864450993478103e-01 2.584441876450188635e-02 2.540491204110739698e-01
7.026531521013170689e-01 3.162825407937164268e-02 1.698449354272231204e-01
6.949215736885935302e-01 5.599466585513951378e-02 1.255336922964138680e-01
6.865256118890911141e-01 7.385792380553485303e-02 1.470275834258809589e-01
6.846894369897604804e-01 8.442111520141365455e-02 1.416231393785774006e-01
6.726420609446883692e-01 9.747341548961396818e-02 1.903124358273147188e-01
6.732397281442970005e-01 1.017550148158669621e-01 1.879135424057825077e-01
6.731126383851587791e-01 1.033248501078188331e-01 1.890932557252107404e-01
6.731750732555240591e-01 1.033299043650925397e-01 1.889279860540462597e-01
6.761048972868144435e-01 1.016009896705448723e-01 1.889829437431456149e-01
6.823703705739796455e-01 9.826978152456877780e-02 1.642412033394873294e-01
6.981355464020728707e-01 8.478376600238690664e-02 1.138707990443914575e-01
6.887959140100895494e-01 8.347337437200547106e-02 1.990073035938233481e-01
6.872789128388553381e-01 7.685798022526502127e-02 2.277614845735207449e-01
7.134313338410407379e-01 4.573451916265486306e-02 1.654386207859410707e-01
7.159165050118594387e-01 2.935411617749933422e-02 2.021724857705011758e-01
7.300202123283623390e-01 6.590388352870957256e-03 1.854965854323982200e-01
7.255199594869344848e-01 5.065512413680639536e-03 2.433093947498010667e-01
7.292353051387578944e-01 -1.179261164201794720e-02 2.516747952322364590e-01
7.337901026895821133e-01 -2.034787946154176241e-02 2.569554028318301597e-01
7.282380384954750818e-01 -2.595081969495116603e-02 2.850326061424923729e-01
7.185281731429309371e-01 -1.894800892633197176e-02 3.070745160115524452e-01
7.138620271165401210e-01 -1.053263325938585959e-02 3.031126146137284039e-01
6.998129796532303049e-01 9.734727023378020316e-03 3.399217940754619693e-01
6.800072557327271339e-01 3.798538528843231621e-02 3.688998339481786015e-01
6.575206284012079516e-01 6.489173823530974827e-02 4.195336869825556647e-01
6.293622614015519368e-01 1.074070177178681473e-01 4.378234116396186870e-01
6.127553390543639678e-01 1.309079752373992767e-01 4.430546785113451680e-01
5.913318925527900616e-01 1.575772492733002461e-01 4.802438621788307493e-01
5.704155099477589141e-01 1.830993177573680963e-01 4.661217517192273174e-01
5.463172032205025896e-01 2.063421888499595847e-01 5.022967085463889703e-01
5.380279354494016397e-01 2.257414219633974706e-01 4.616518979827204383e-01
5.253091729634180584e-01 2.456608532566829650e-01 4.679341258548586069e-01
5.224455302577023508e-01 2.643059327409011394e-01 4.589641789929383986e-01
5.218571096409444499e-01 2.781402618959956108e-01 4.367140124268618084e-01
5.125913725982400582e-01 2.835017988118734844e-01 4.497652445542243971e-01
5.080011845151860550e-01 2.872176021643541577e-01 4.628157123245646432e-01
5.054811681083322128e-01 2.862859584439397809e-01 4.640823064218639882e-01
5.033291479143756630e-01 2.887081666125916324e-01 4.631017600264450973e-01
5.037461825469951027e-01 2.912114538321829982e-01 4.448654012941279934e-01
5.057929695394411951e-01 2.886658361393659722e-01 4.474640059610655030e-01
5.055564989140953758e-01 2.852313892284520369e-01 4.476529887960956078e-01
5.052320973684031324e-01 2.817495639891885451e-01 4.340404126096000237e-01
5.023521284782648255e-01 2.761857100955844024e-01 4.353919863659678757e-01
5.042758332162465829e-01 2.726010332108624867e-01 4.530090585564241490e-01
5.059783705476290638e-01 2.668376583540066904e-01 4.710130380652723936e-01
5.169386710369489046e-01 2.528434248595312628e-01 4.461157290260062691e-01
5.251755936543515135e-01 2.394221266780389157e-01 4.530154844158560401e-01
5.923230207909897516e-01 1.411963529010564211e-01 4.843196405654124348e-01
6.137212136546135177e-01 1.045079509365559045e-01 4.858513039317844395e-01
6.470757320021182091e-01 5.859561178618671873e-02 4.368825003617720082e-01
6.689419338855147057e-01 2.984227858486776519e-02 4.337488543321696977e-01
6.955393670108079851e-01 -5.665088685162300575e-03 3.908600349033706234e-01
7.233423215877086143e-01 -4.574672885280095525e-02 3.204332468227588659e-01
7.312996322208971112e-01 -6.661563183576613145e-02 3.045710628701185918e-01
7.434130495171918929e-01 -9.426553543539717417e-02 2.371233836365331804e-01
7.589940029130752830e-01 -1.324550267297318062e-01 1.659400007925180276e-01
7.648823437488645460e-01 -1.570711188109889522e-01 1.468996647964664337e-01
7.672398789899632643e-01 -1.649737213139794156e-01 1.503366972765680654e-01
7.731750953803584459e-01 -1.664698624495379309e-01 1.528235130671988795e-01
7.762315424456327495e-01 -1.664293457643762075e-01 1.537078242626794822e-01
7.763650570726290390e-01 -1.666372419477142319e-01 1.530939578077559204e-01
7.764192000574067221e-01 -1.666871181759572718e-01 1.528778384732845108e-01
7.820497714221910091e-01 -1.755316222859509001e-01 1.243311683227765752e-01
7.768160696066707116e-01 -1.655013735862448099e-01 1.513986051372386843e-01
7.849633961356893286e-01 -1.752882351133115413e-01 1.260758320261794463e-01
7.765382798634603567e-01 -1.668155683199800121e-01 1.525865126348469047e-01
7.794238274912654862e-01 -1.665871317638009663e-01 1.540406361438317884e-01
7.792133258487363712e-01 -1.456351148342988622e-01 1.433805359838460358e-01
7.572363416235283751e-01 -9.867109217843783586e-02 2.129448993683520364e-01
7.487078597870350238e-01 -7.048611598899212627e-02 1.993593591675855148e-01
7.213921803853213799e-01 -2.372747696489097002e-02 2.579731940856366812e-01
6.998350980709731051e-01 1.065476013085248086e-02 2.374860031127989934e-01
6.853949355810253774e-01 3.233481676915289649e-02 2.225837594309523215e-01
6.800119463391720576e-01 4.759057200872907067e-02 1.594583658817381178e-01
6.605806107052684117e-01 7.232484737241268169e-02 2.003143181433022502e-01
6.471363186718435134e-01 8.620580950081357940e-02 1.935322577942355515e-01
6.372831577731892239e-01 1.027197878220528771e-01 2.099959022748238979e-01
6.402530812830611318e-01 1.037428345286101061e-01 1.558009791656083110e-01
6.401473052368075178e-01 1.039618378369212004e-01 1.560838776004329631e-01
6.375276283355518769e-01 1.070813541206866448e-01 1.819710524291910936e-01
6.375181752417787839e-01 1.071514374194592611e-01 1.822652605144954308e-01
6.378173037986130112e-01 1.099695272335410312e-01 2.077519382909043255e-01
6.355343345302580937e-01 1.127137926136850821e-01 2.309158440056979789e-01
6.405232701271117435e-01 1.084745313523710064e-01 2.103828543848156318e-01
6.635703866915881877e-01 8.868818888202312234e-02 1.358046127425669436e-01
6.615458694204717771e-01 8.271875624692437423e-02 2.219951984232857445e-01
6.912210213643849022e-01 5.167040630328656459e-02 1.270251909069088914e-01
6.860711556991220261e-01 3.805695216822624349e-02 2.207279567298949807e-01
6.787563812526732354e-01 3.559986719647051379e-02 2.482445676322266870e-01
6.680181648550420626e-01 2.928581668017810058e-02 2.993900772604525251e-01
6.619285048918932546e-01 2.705849563856427276e-02 3.008027520766436425e-01
6.453676552187204152e-01 3.485454966242612640e-02 3.428167467060760920e-01
6.461095187600701673e-01 3.457561664758623809e-02 2.941835545741586788e-01
6.157182880553782045e-01 7.033841551378366974e-02 4.067336471343816484e-01
6.014199780535444129e-01 8.828657600985467813e-02 3.787551867389000737e-01
5.855546966565922107e-01 1.033428471070677035e-01 3.907808030186645798e-01
5.728891857311285696e-01 1.215220594487116390e-01 4.016657324785928296e-01
5.423086356349691162e-01 1.603800852615386296e-01 4.574210224509125400e-01
5.303986340542818922e-01 1.796806067716069655e-01 4.293633169325934418e-01
5.207848960522988291e-01 1.984588270431635881e-01 3.838276891190517404e-01
5.022775853187434469e-01 2.233559559066667921e-01 4.240428617672327150e-01
4.890534293553106537e-01 2.385915626382009158e-01 4.498676397836627316e-01
4.849581938017412663e-01 2.470927078614980621e-01 4.465649161964813096e-01
4.828168495642967684e-01 2.565445954467878154e-01 3.728781895985568973e-01
4.786537165410899020e-01 2.644829344557598216e-01 3.876255577844964773e-01
4.743207212420292307e-01 2.653148754891977990e-01 4.205410366918529430e-01
4.695660080273992842e-01 2.679934161890373256e-01 4.201362273392554858e-01
4.672396295607075256e-01 2.693779538642913085e-01 4.199369700923212267e-01
4.698359438392005760e-01 2.715467707109526230e-01 4.196584961887317444e-01
4.673034829341918273e-01 2.693782749125659959e-01 4.194670818001851043e-01
4.660484130417309467e-01 2.654421716307476808e-01 3.862645799806014857e-01
4.681068506697960152e-01 2.592109766426310413e-01 3.868474448176648650e-01
4.794799293422721265e-01 2.460574905348495434e-01 3.937807432898152715e-01
4.929319053422577257e-01 2.287734851028547234e-01 4.196369788014764346e-01
5.105982028539450823e-01 2.071587606605199139e-01 4.304846305077640878e-01
5.334851424430984146e-01 1.767749701844119059e-01 4.107365877067825632e-01
5.562259098370239130e-01 1.417837919459492002e-01 4.079399159568704025e-01
5.912690990817218717e-01 1.079095225193500429e-01 3.887852436123084843e-01
6.649124324194162217e-01 2.223932998175920384e-02 3.732736695631444501e-01
6.980986924212544409e-01 -1.597822381639474321e-02 3.264821589449091732e-01
7.300204087154149590e-01 -6.324492905150352895e-02 2.504105712358966063e-01
7.598245643603711574e-01 -1.048770675797238705e-01 2.145937568539120210e-01
7.870033199800529067e-01 -1.353633618713859232e-01 1.393821954816396591e-01
7.875543120821959509e-01 -1.341060739374924093e-01 1.380305682113038834e-01
7.871552416845291056e-01 -1.354308032577708487e-01 1.391012130611100073e-01
7.841531470385528779e-01 -1.337555679581705070e-01 1.381313491945379557e-01
7.928948654372178773e-01 -1.418302563422377816e-01 1.103463231558297064e-01
7.791096526338771033e-01 -1.248197289031781065e-01 1.637941978496884055e-01
7.847740227724857576e-01 -1.309859437783527647e-01 1.357773185668722515e-01
7.848388180092781274e-01 -1.310701981973722563e-01 1.354835775581337831e-01
7.931011625380307573e-01 -1.403367985911145865e-01 1.094596570582544448e-01
7.846880965039730871e-01 -1.309584200877845217e-01 1.360316673345836058e-01
7.931180986452326387e-01 -1.403942831273637393e-01 1.094673362110312187e-01
7.847171607859351194e-01 -1.310241851095202970e-01 1.358073334144498379e-01
7.843830658532842115e-01 -1.339942732887379750e-01 1.371139914153318706e-01
