4.379022234678270342e-01 4.991018354892731712e-01 3.352511158585548268e-01
4.379021489620210650e-01 4.991021335124970482e-01 3.352510860562324391e-01
4.379022234678270342e-01 4.991018354892731712e-01 3.352511158585548268e-01
4.379021489620210650e-01 4.991021335124970482e-01 3.352510860562324391e-01
4.379022234678270342e-01 4.991018354892731712e-01 3.352511158585548268e-01
4.379022234678270342e-01 4.991018354892731712e-01 3.352511158585548268e-01
4.379021489620210650e-01 4.991021335124970482e-01 3.352510860562324391e-01
4.379021489620210650e-01 4.991021335124970482e-01 3.352510860562324391e-01
4.379022234678270342e-01 4.991018354892731712e-01 3.352511158585548268e-01
4.379022234678270342e-01 4.991018354892731712e-01 3.352511158585548268e-01
4.379022234678270342e-01 4.991018354892731712e-01 3.352510860562324391e-01
4.379022234678270342e-01 4.991018354892731712e-01 3.352511158585548268e-01
4.379022234678270342e-01 4.991018354892731712e-01 3.352511158585548268e-01
4.379022234678270342e-01 4.991018354892731712e-01 3.352511158585548268e-01
4.379022234678270342e-01 4.991018354892731712e-01 3.352511158585548268e-01
4.379022234678270342e-01 4.991018354892731712e-01 3.352511158585548268e-01
4.379022234678270342e-01 4.991018354892731712e-01 3.352511158585548268e-01
4.379021489620210650e-01 4.991021335124970482e-01 3.352510860562324391e-01
4.379022234678270342e-01 4.991018354892731712e-01 3.352511158585548268e-01
4.379021489620210650e-01 4.991021335124970482e-01 3.352510860562324391e-01
4.379022234678270342e-01 4.991018354892731712e-01 3.352511158585548268e-01
4.379022234678270342e-01 4.991018354892731712e-01 3.352511158585548268e-01
4.379022234678270342e-01 4.991018354892731712e-01 3.352511158585548268e-01
4.379022234678270342e-01 4.991018354892731712e-01 3.352511158585548268e-01
4.379022234678270342e-01 4.991018354892731712e-01 3.352511158585548268e-01
4.379022234678270342e-01 4.991018354892731712e-01 3.352511158585548268e-01
4.379022234678270342e-01 4.991018354892731712e-01 3.352510860562324391e-01
4.379022234678270342e-01 4.991018354892731712e-01 3.352511158585548268e-01
4.379022234678270342e-01 4.991018354892731712e-01 3.352511158585548268e-01
4.379022234678270342e-01 4.991018354892731712e-01 3.352511158585548268e-01
4.379022234678270342e-01 4.991018354892731712e-01 3.352511158585548268e-01
4.379022234678270342e-01 4.991018354892731712e-01 3.352511158585548268e-01
4.379022234678270342e-01 4.991018354892731712e-01 3.352511158585548268e-01
4.379021489620210650e-01 4.991021335124970482e-01 3.352510860562324391e-01
4.379022234678270342e-01 4.991018354892731712e-01 3.352511158585548268e-01
4.379022979736330035e-01 4.991015672683716820e-01 3.352511158585548268e-01
4.379022234678270342e-01 4.991018354892731712e-01 3.352511158585548268e-01
4.379022234678270342e-01 4.991018354892731712e-01 3.352511158585548268e-01
4.379022234678270342e-01 4.991018354892731712e-01 3.352511158585548268e-01
4.379022234678270342e-01 4.991018354892731712e-01 3.352511158585548268e-01
4.379022234678270342e-01 4.991018354892731712e-01 3.352511158585548268e-01
4.379022234678270342e-01 4.991018354892731712e-01 3.352511158585548268e-01
4.379022234678270342e-01 4.991018354892731712e-01 3.352511158585548268e-01
4.379022234678270342e-01 4.991018354892731712e-01 3.352511158585548268e-01
4.379022234678270342e-01 4.991018354892731712e-01 3.352511158585548268e-01
4.379022234678270342e-01 4.991018354892731712e-01 3.352511158585548268e-01
4.379022234678270342e-01 4.991018354892731712e-01 3.352511158585548268e-01
4.379022234678270342e-01 4.991018354892731712e-01 3.352511158585548268e-01
4.379022234678270342e-01 4.991018354892732822e-01 3.352511158585548268e-01
4.379021489620210650e-01 4.991021335124970482e-01 3.352510860562324391e-01
4.379022234678270342e-01 4.991018354892731712e-01 3.352511158585548268e-01
4.379022234678270342e-01 4.991018354892731712e-01 3.352511158585548268e-01
4.379022234678270342e-01 4.991018354892731712e-01 3.352511158585548268e-01
4.385732749104501726e-01 4.982786655426026390e-01 3.351129895448684559e-01
4.502673336863519671e-01 4.866477727890015648e-01 3.322886756062507496e-01
4.574189373850824358e-01 4.769709587097168968e-01 3.294276973605155812e-01
4.741213434934617998e-01 4.513397097587586448e-01 3.201892530918121205e-01
4.931813293695451739e-01 4.192163527011872337e-01 3.056376805901527272e-01
5.113089644908906939e-01 3.871347784996033714e-01 2.868296882510185108e-01
5.194076710939409258e-01 3.731746554374695823e-01 2.762747263908386097e-01
5.348504000902178923e-01 3.469394028186799650e-01 2.461286267638206626e-01
5.410971456766130450e-01 3.403285324573518400e-01 2.202507039904594288e-01
5.424200856685640337e-01 3.397940278053285246e-01 2.129614284634590016e-01
5.431415104866029742e-01 3.401794016361238127e-01 2.066681912541389055e-01
5.434581154584886553e-01 3.425685048103334074e-01 1.959259366989135887e-01
5.439774656295778277e-01 3.429716110229493742e-01 1.914517736434936390e-01
5.438854956626893999e-01 3.438659191131593351e-01 1.870502984523773060e-01
5.431750380992891314e-01 3.464831292629243498e-01 1.793436488509178028e-01
5.431111568212511065e-01 3.472711026668550138e-01 1.746184273064136372e-01
5.431158208847048918e-01 3.471812784671786112e-01 1.726391656696796284e-01
5.419074559211732867e-01 3.487872064113618498e-01 1.711671283841132984e-01
5.195068085193635943e-01 3.631422400474549339e-01 1.780362582206725941e-01
5.114809536933900835e-01 3.699119269847870872e-01 1.846284499764442311e-01
5.041179770231248858e-01 3.775022208690644310e-01 1.928870236873626576e-01
4.898878002166749956e-01 3.960178077220917747e-01 2.145318841934203968e-01
4.757330679893495562e-01 4.207415163516999290e-01 2.396436265110969410e-01
4.682414197921754839e-01 4.364481449127198265e-01 2.508511027693748341e-01
4.612430298328401568e-01 4.527354121208191917e-01 2.613585075736045704e-01
4.494465032219888689e-01 4.810555458068848655e-01 2.786904430389404164e-01
4.448049479722978594e-01 4.924749910831452415e-01 2.858491173386573658e-01
4.383178764581681652e-01 5.085784375667572466e-01 2.973058378696441517e-01
4.363205620646478100e-01 5.133049070835113969e-01 3.020074373483657704e-01
4.350423106551171704e-01 5.155704200267794413e-01 3.063534578680991993e-01
4.347199389338495257e-01 5.142025232315063921e-01 3.136978453397750721e-01
4.352802300453187390e-01 5.115247249603271928e-01 3.167582830786704884e-01
4.366782718896867199e-01 5.058687806129456010e-01 3.217995321750640736e-01
4.379313701391222002e-01 5.012348473072052446e-01 3.255768647789955006e-01
4.383693823218347552e-01 4.998066306114197777e-01 3.269961929321288929e-01
4.386401513218881609e-01 4.987307071685792015e-01 3.289450636506080494e-01
4.385950008034708025e-01 4.986859440803528831e-01 3.296206152439117298e-01
4.384961241483690264e-01 4.989082396030427025e-01 3.310212945938110218e-01
4.382715114951135638e-01 4.996827125549317405e-01 3.321710756421089039e-01
4.380755314230920794e-01 5.002227604389191118e-01 3.332137918472289906e-01
4.379525744915010455e-01 5.005304396152496782e-01 3.335493957996368275e-01
4.378622660040857317e-01 5.000704705715179887e-01 3.339207476377487049e-01
4.387775251269342425e-01 4.945736408233643577e-01 3.332150509953498707e-01
4.397961163520814898e-01 4.718634366989136741e-01 3.287932431697845326e-01
4.394371548295022967e-01 4.557624936103821800e-01 3.250967195630073414e-01
4.385094457864763262e-01 4.369149386882782982e-01 3.202036029100417958e-01
4.348370844125749590e-01 3.969496965408326195e-01 3.065804398059844837e-01
4.277325162291528704e-01 3.628778040409089134e-01 2.869937723875045643e-01
4.191628658771517357e-01 3.414450168609620140e-01 2.654117724299430714e-01
4.110677430033685686e-01 3.299676954746247337e-01 2.456336921453475541e-01
4.076059797406199059e-01 3.275450348854065941e-01 2.367398744821548329e-01
4.039524906873706023e-01 3.256903767585755394e-01 2.284509918093681202e-01
3.971238584816458306e-01 3.262893736362457719e-01 2.137790700793266163e-01
3.917079755663874230e-01 3.294851064682007280e-01 2.012719145417213307e-01
3.890485876798632225e-01 3.309934318065643755e-01 1.952676630020141468e-01
3.846722991764547905e-01 3.350004434585571733e-01 1.849094784259796009e-01
3.816755937039854607e-01 3.375846028327942339e-01 1.774351751804351673e-01
3.789438904821874621e-01 3.410534143447876421e-01 1.706874227523803578e-01
3.777931036055090508e-01 3.419632792472839800e-01 1.683862736821174488e-01
3.763755263388158800e-01 3.433540642261505571e-01 1.663244745135307179e-01
3.680956961214544854e-01 3.567800700664520708e-01 1.596763512492179737e-01
3.645775878429415306e-01 3.563147068023682085e-01 1.542765802145004139e-01
3.640080468356611809e-01 3.498726069927216020e-01 1.527721142768859730e-01
3.642250338196756920e-01 3.283052623271942583e-01 1.525596833229064531e-01
3.645409831404688439e-01 3.176996290683746782e-01 1.528145378828048573e-01
3.660325837880375466e-01 2.928780198097229448e-01 1.549838414788246022e-01
3.662202341109516701e-01 2.872535467147827593e-01 1.560954755544662342e-01
3.667541091889145455e-01 2.788990616798401323e-01 1.575836843252181874e-01
3.667634484916927895e-01 2.741051197052002397e-01 1.583524650335311756e-01
3.668566105514767250e-01 2.667030572891235796e-01 1.592089912295341358e-01
3.675735519826414666e-01 2.614134430885315385e-01 1.604831671714782304e-01
3.675662001222374520e-01 2.588245749473572221e-01 1.610699972510337696e-01
3.674514928460123619e-01 2.562934637069702593e-01 1.612576848268508778e-01
3.677421455830338082e-01 2.498999714851379839e-01 1.630765578150749351e-01
3.679599819332363686e-01 2.490262269973755327e-01 1.637230223417281971e-01
3.682460525631907067e-01 2.471780657768249956e-01 1.651490634679794178e-01
3.680972551554443917e-01 2.456012845039368120e-01 1.658515340089797840e-01
3.681626451760532936e-01 2.443278908729553667e-01 1.665751567482948170e-01
3.681190555542709908e-01 2.433644413948059526e-01 1.670358932018279896e-01
3.675594331324102959e-01 2.414383769035339800e-01 1.676012879610061512e-01
3.676116877794268767e-01 2.405388832092285600e-01 1.679243302345275746e-01
3.675945179164411547e-01 2.394580125808716264e-01 1.681651851534843312e-01
3.675453198701146285e-01 2.387713670730591264e-01 1.681860467791557179e-01
3.677049094438555876e-01 2.386006593704224077e-01 1.675985312461852894e-01
3.677147386223080794e-01 2.375217556953430620e-01 1.671196302771568165e-01
3.677393721044065478e-01 2.373690485954285112e-01 1.666875785589218006e-01
3.678577674180272261e-01 2.370883107185364214e-01 1.663881397247314320e-01
3.678190784156325499e-01 2.366145730018616167e-01 1.656720346212386952e-01
3.678303083032372633e-01 2.364583492279053178e-01 1.651894828677177296e-01
3.678850980103018919e-01 2.357789754867554155e-01 1.644717609882354603e-01
3.679055107384923140e-01 2.355096817016602007e-01 1.636863505840301380e-01
3.679117375612261931e-01 2.354232549667358843e-01 1.622768199443817005e-01
3.679169119894507567e-01 2.353218078613281694e-01 1.616906976699828968e-01
3.679389973729851882e-01 2.349662065505981889e-01 1.605567491054534779e-01
3.679462989419701735e-01 2.348923563957214800e-01 1.598877465724944935e-01
3.679346331954005400e-01 2.350606799125671831e-01 1.592934212088584767e-01
3.679291290789845625e-01 2.351427555084230070e-01 1.579787588119506703e-01
3.679364734888079802e-01 2.349987506866455522e-01 1.572346320748329029e-01
3.679638078063729445e-01 2.346854090690613237e-01 1.562897717952728138e-01
3.680789118260148207e-01 2.344244003295898882e-01 1.551784059405326710e-01
3.679981791973117033e-01 2.343231916427612749e-01 1.546047335863113270e-01
3.680245337635281722e-01 2.339846372604370561e-01 1.536577945947646961e-01
3.680243679881098906e-01 2.340201616287231889e-01 1.530398881435393876e-01
3.680064512044194380e-01 2.343553781509399858e-01 1.522589927911758290e-01
3.680247554183009306e-01 2.342166185379028764e-01 1.515932834148406849e-01
3.680513335019353072e-01 2.339328408241272417e-01 1.511416143178939686e-01
3.680736703425647738e-01 2.337537288665771928e-01 1.509999638795852250e-01
3.681167123466733138e-01 2.334197044372559038e-01 1.502329415082931385e-01
3.681208921223881325e-01 2.334706664085388628e-01 1.496291911602019853e-01
3.681945262104275862e-01 2.330762624740601030e-01 1.486007204651832447e-01
3.682216407358649413e-01 2.327748417854309526e-01 1.476046746969222889e-01
3.682233208417895476e-01 2.325713515281677690e-01 1.467135852575301991e-01
3.682525569200518767e-01 2.324789047241211382e-01 1.462503007054328785e-01
3.682943751662972609e-01 2.325083494186401811e-01 1.453993028402328358e-01
3.683180605620148818e-01 2.320964813232422319e-01 1.445587581396102772e-01
3.683371619880202452e-01 2.317765235900879350e-01 1.440663939714431629e-01
3.683369552344086806e-01 2.316958785057068315e-01 1.437573289871215687e-01
3.683123515546325444e-01 2.317265152931213823e-01 1.430979824066161976e-01
3.683112768083813826e-01 2.318134188652039018e-01 1.416651016473770008e-01
3.683030718564990758e-01 2.319282174110414152e-01 1.412213674187660084e-01
3.682787606120112578e-01 2.319501519203186479e-01 1.407643637061118946e-01
3.681838010996583144e-01 2.319821000099182573e-01 1.403797572851180897e-01
3.681795840710404555e-01 2.318572878837585893e-01 1.401656201481819020e-01
3.681709134578707854e-01 2.318031072616577593e-01 1.396009927988052235e-01
3.681539671123030821e-01 2.318211674690245916e-01 1.393124243617057667e-01
3.681059145927432219e-01 2.315894842147827593e-01 1.389095342159271107e-01
3.681439702957871596e-01 2.312141537666321245e-01 1.386005064845085011e-01
3.682552223652604262e-01 2.306420087814331499e-01 1.384662842750549183e-01
3.682702445983889739e-01 2.303342103958130327e-01 1.384521132707595692e-01
3.682310452312234084e-01 2.298747181892395464e-01 1.382098054885864125e-01
3.682166562974455992e-01 2.297646284103393999e-01 1.378023928403854237e-01
3.682180272042754332e-01 2.296949505805969682e-01 1.375040268898010121e-01
3.681688328832390944e-01 2.298409223556520109e-01 1.367780870199203358e-01
3.700701204687359969e-01 2.303623437881470171e-01 1.350292420387267933e-01
3.715413884818556944e-01 2.297156929969788042e-01 1.346698707342147694e-01
3.732833454012873808e-01 2.300924539566040483e-01 1.338250121474265919e-01
3.759253995120528380e-01 2.269781708717347746e-01 1.331618806719779835e-01
3.779375591874125639e-01 2.232833981513976385e-01 1.333659818768501149e-01
3.792582528293135802e-01 2.210194945335388628e-01 1.335141366720199452e-01
3.810010069608691374e-01 2.176806807518005815e-01 1.336827284097671376e-01
3.810280637443068663e-01 2.175724983215332475e-01 1.334498530626296864e-01
3.825393059849742095e-01 2.137831926345826750e-01 1.334836786985397206e-01
3.837333434820177636e-01 2.105724096298217107e-01 1.343780314922332630e-01
3.836010509729388396e-01 2.112264513969421831e-01 1.341965055465698109e-01
3.838950359821322600e-01 2.104521870613098589e-01 1.342068916559219227e-01
3.840696254372599761e-01 2.099040627479553667e-01 1.344945958256721363e-01
3.845288494229319731e-01 2.085047245025635210e-01 1.349341949820518360e-01
3.846693450212481658e-01 2.080062508583069292e-01 1.351729041337966786e-01
3.850107753276827971e-01 2.070993661880493608e-01 1.357485508918762074e-01
3.852013015747073887e-01 2.065619707107544389e-01 1.360877609252929554e-01
3.852943816781047026e-01 2.066936969757080522e-01 1.361088684201240406e-01
3.859503941237930058e-01 2.057468175888061968e-01 1.367840474843979026e-01
3.866389693319800536e-01 2.052505493164062944e-01 1.370269364118575917e-01
3.871158958971502861e-01 2.041062593460083452e-01 1.376118069887161122e-01
3.872419373691085576e-01 2.036607146263124113e-01 1.379847532510757313e-01
3.872894497215750853e-01 2.035431742668152300e-01 1.381591415405273304e-01
3.880405874550346135e-01 2.021062254905701128e-01 1.386426320672035084e-01
3.879916669428351561e-01 2.019902944564819780e-01 1.386777913570403920e-01
3.880524525046351592e-01 2.006478190422058550e-01 1.392806401848792897e-01
3.881149666011336485e-01 1.998730778694153276e-01 1.395089483261108265e-01
3.882103750109675566e-01 1.986876010894775835e-01 1.397493189573287831e-01
3.884210960567000548e-01 1.980926275253296343e-01 1.399408063292503224e-01
3.885710985958579222e-01 1.978599905967712846e-01 1.399750715494155751e-01
3.886851595342162291e-01 1.969124555587768999e-01 1.402895754575729237e-01
3.885912747681143919e-01 1.968390822410583940e-01 1.403135216236114369e-01
3.887720593810084502e-01 1.965268135070802336e-01 1.404013937711715565e-01
3.888427616655829588e-01 1.961367011070251909e-01 1.405153727531432972e-01
3.889770248532298247e-01 1.960215449333191362e-01 1.404776057600974903e-01
3.891762124001983403e-01 1.953323960304260698e-01 1.407330712676048423e-01
3.892188073694709538e-01 1.949800729751587358e-01 1.408138877153396473e-01
3.894305118918422459e-01 1.943566679954529253e-01 1.409680253267288075e-01
3.897033484280112425e-01 1.938343524932861772e-01 1.409925973415374623e-01
3.898127788305285613e-01 1.933094739913940874e-01 1.411560183763503895e-01
3.899782785773280303e-01 1.924617171287537065e-01 1.413159450888633595e-01
3.901898080110552947e-01 1.920907974243164507e-01 1.413503444194793846e-01
3.902919182181360802e-01 1.918036222457886186e-01 1.413382670283317433e-01
3.904124686121943633e-01 1.912644982337952104e-01 1.414530432224273548e-01
3.905336187779906432e-01 1.908010721206665483e-01 1.416094979643821583e-01
3.907065765559676329e-01 1.902919888496399370e-01 1.416214859485626087e-01
3.908666075766089598e-01 1.897411227226257768e-01 1.417926406860351429e-01
3.909416051208975951e-01 1.893070220947266069e-01 1.418801552057266102e-01
3.909893819689753691e-01 1.891431093215942827e-01 1.419729745388030595e-01
3.911987470090392272e-01 1.883647918701172319e-01 1.422329029440879689e-01
3.913074584305289427e-01 1.876244425773621050e-01 1.424375331401824818e-01
3.913548143208029906e-01 1.873303532600403276e-01 1.425567498803138600e-01
3.914429435133936486e-01 1.867098093032837358e-01 1.427888727188109941e-01
3.914469370245936553e-01 1.866798877716064897e-01 1.427795445919036732e-01
3.915021644532683531e-01 1.861297369003296343e-01 1.428804403543472157e-01
3.914908917248252074e-01 1.858767747879028764e-01 1.428675359487533436e-01
3.915215732157233397e-01 1.855872750282288042e-01 1.429273343086242543e-01
3.916673102974894682e-01 1.849557638168335405e-01 1.430308079719543324e-01
3.917061427235606352e-01 1.847854137420654741e-01 1.429544544219970570e-01
3.917489127814772765e-01 1.845061659812927690e-01 1.430453962087631092e-01
3.917567768692973296e-01 1.844543695449829546e-01 1.429808145761489735e-01
3.917729632556441466e-01 1.843242526054382768e-01 1.430119505524635182e-01
3.918074668943885008e-01 1.839675784111023393e-01 1.431545472145080433e-01
3.918810674548152129e-01 1.834398388862610307e-01 1.433459377288818226e-01
3.918767982721331755e-01 1.833405375480652300e-01 1.433352163434028492e-01
3.918997758626940886e-01 1.831717967987060991e-01 1.434126651287078724e-01
3.919468896090987364e-01 1.828961253166199175e-01 1.435148051381111289e-01
3.919642941653731505e-01 1.829990029335022417e-01 1.435214287042617665e-01
3.919746504724028746e-01 1.829764723777771440e-01 1.435364267230033741e-01
3.920389787852767149e-01 1.826584219932556596e-01 1.436475670337676869e-01
3.920646423101428191e-01 1.826144337654114214e-01 1.436533337831497059e-01
3.921041713654997984e-01 1.824422359466553178e-01 1.436739867925643788e-01
3.922045195102694670e-01 1.821732997894287553e-01 1.437005257606506214e-01
3.923016490042212645e-01 1.820227384567261186e-01 1.437627828121185170e-01
3.923666925728324095e-01 1.817662000656128374e-01 1.437320938706397877e-01
3.923699373006823699e-01 1.818889260292052557e-01 1.435830524563788957e-01
3.924281188845637480e-01 1.817638754844665971e-01 1.435488766431808338e-01
3.924339303374294041e-01 1.819231986999512163e-01 1.434913730621337757e-01
3.924747967720034758e-01 1.820454478263855425e-01 1.433312451839446888e-01
3.925638647377493462e-01 1.819507956504822221e-01 1.431694781780242509e-01
3.926262968778613249e-01 1.817774653434753862e-01 1.431443101167678700e-01
3.926609197258952300e-01 1.820889592170715776e-01 1.429383611679077015e-01
3.926698641479018370e-01 1.822661042213440385e-01 1.429037308692931996e-01
3.927304857969287077e-01 1.823859691619873491e-01 1.428057706356048451e-01
3.927596175670626799e-01 1.826667666435242143e-01 1.424989259243011341e-01
3.927747161686423460e-01 1.827927112579346147e-01 1.423877483606338368e-01
3.928820753097537199e-01 1.829175829887390581e-01 1.422904288768768177e-01
3.929584363102915923e-01 1.832823634147644487e-01 1.420991948246955738e-01
3.930105493962767760e-01 1.831195831298828569e-01 1.421792885661125050e-01
3.930774556100371520e-01 1.829470276832581010e-01 1.422167575359344349e-01
3.931447641551497618e-01 1.828934431076050249e-01 1.422211533784866200e-01
3.932167218625548522e-01 1.827207684516907182e-01 1.422372615337371971e-01
3.933097386360171477e-01 1.825468420982361284e-01 1.422724282741546498e-01
3.934038841724398772e-01 1.821673393249512163e-01 1.423515385389327870e-01
3.934438602626326165e-01 1.819983005523682085e-01 1.423866754770278520e-01
3.935420998930934111e-01 1.815094828605652300e-01 1.425402468442916737e-01
3.936255761981013457e-01 1.811429738998413530e-01 1.426159298419952259e-01
3.937060461938384215e-01 1.808878064155579057e-01 1.426849967241287098e-01
3.937522993981841246e-01 1.806714415550232378e-01 1.427159017324447499e-01
3.938257136940959136e-01 1.804873228073120561e-01 1.426813608407974110e-01
3.939314001798632781e-01 1.803200125694275346e-01 1.426182469725608692e-01
3.939356805384162108e-01 1.803381323814392534e-01 1.425594693422317094e-01
3.939835691452029387e-01 1.801665902137756792e-01 1.425329750776290760e-01
3.940070533752444426e-01 1.800866603851318803e-01 1.425597822666168080e-01
3.940041960775855223e-01 1.802427649497985174e-01 1.424626117944716996e-01
3.940378354489806334e-01 1.800653219223022905e-01 1.425463265180587635e-01
3.941292317211630980e-01 1.796280026435852495e-01 1.427998176217079029e-01
3.941615486145022551e-01 1.796636462211609331e-01 1.427941775321960316e-01
3.941753433644774596e-01 1.796551823616028276e-01 1.428116491436958180e-01
3.941975162923339049e-01 1.795908689498901811e-01 1.427670872211456166e-01
3.942201921343806426e-01 1.795611858367920366e-01 1.427765345573425160e-01
3.942200431227687041e-01 1.795852661132812944e-01 1.427523872256278858e-01
3.942471520602706114e-01 1.794710636138916460e-01 1.427355116605758534e-01
3.942672649025920073e-01 1.793919682502747026e-01 1.427054336667060719e-01
3.942840324342253844e-01 1.793019056320190874e-01 1.427065289020538197e-01
3.942962588369848809e-01 1.793489336967468706e-01 1.426394513249397145e-01
3.943122179806235472e-01 1.793660998344421831e-01 1.426149910688400135e-01
3.943285757303240935e-01 1.793168067932129350e-01 1.425977504253387318e-01
3.943335191905501524e-01 1.793310523033142534e-01 1.425371250510215626e-01
3.943544031679633299e-01 1.792687058448791948e-01 1.425259268283843861e-01
3.943701834976676146e-01 1.792021870613098589e-01 1.425029268860816822e-01
3.944216111302379368e-01 1.789381980895996538e-01 1.426379388570785389e-01
3.944653609395030180e-01 1.786739110946655718e-01 1.426485931873321400e-01
3.944889271259310881e-01 1.785595297813415971e-01 1.426654613018035755e-01
3.945236542820933501e-01 1.783392906188965288e-01 1.427029153704643116e-01
3.945615740120413384e-01 1.780881762504578081e-01 1.427198430895805226e-01
3.945720830559732994e-01 1.780362606048584428e-01 1.426865762472152577e-01
3.955778630077841918e-01 1.732556104660034624e-01 1.406492224335670338e-01
3.960314022004607359e-01 1.702211976051331010e-01 1.380912667512893544e-01
3.958161884546282372e-01 1.662706613540649858e-01 1.316046571731567250e-01
3.958366104960444609e-01 1.639237880706787553e-01 1.260818621516227589e-01
3.958846704661849181e-01 1.635046482086182085e-01 1.227084106206893788e-01
3.960611337423327605e-01 1.636917471885681596e-01 1.150627216696739064e-01
3.957832717895510832e-01 1.644059300422668901e-01 1.114076083898544178e-01
3.954050505161288420e-01 1.663294911384582964e-01 1.029893761873245106e-01
3.948894107341769377e-01 1.686882257461548296e-01 9.516190052032469371e-02
3.944695258140566985e-01 1.709990978240967241e-01 8.945392131805421365e-02
3.943945096433165709e-01 1.729951381683350053e-01 8.436466813087462047e-02
3.943877333402636687e-01 1.743604421615601030e-01 8.195515036582945445e-02
3.947845698893073241e-01 1.762590885162353960e-01 7.803012490272520640e-02
3.954043278098109959e-01 1.773961663246155229e-01 7.586844325065611461e-02
3.954522946476939360e-01 1.778873085975647417e-01 7.463035047054289439e-02
3.957540953159335295e-01 1.780809044837952104e-01 7.296103298664091685e-02
3.960343302786353270e-01 1.782567977905273882e-01 7.185331046581266978e-02
3.961738163232806365e-01 1.786473870277405229e-01 7.093618869781492808e-02
3.962590062618258635e-01 1.796641826629639116e-01 6.917338132858275035e-02
3.964560219645503203e-01 1.802039623260498491e-01 6.781980454921721080e-02
3.964133338630202452e-01 1.805961608886719194e-01 6.720820128917692760e-02
3.963889294862750767e-01 1.812615275382996050e-01 6.595860481262205699e-02
3.963796609640124480e-01 1.814391493797302690e-01 6.550510287284849742e-02
3.963425123691561858e-01 1.818404078483583097e-01 6.482903718948362926e-02
3.963186034560206572e-01 1.821011781692505327e-01 6.432476699352263072e-02
3.962727600336077849e-01 1.825014233589172807e-01 6.355322957038878062e-02
3.962398172914985417e-01 1.827437162399292436e-01 6.313227176666258433e-02
3.961111196875575224e-01 1.832199573516846147e-01 6.222243666648863414e-02
3.960860410332682768e-01 1.833314776420593706e-01 6.210218429565428355e-02
3.960430511832240819e-01 1.835416436195373979e-01 6.190602540969847301e-02
3.959936836361888091e-01 1.837007880210876909e-01 6.187357068061827281e-02
3.958834746479991118e-01 1.837649822235107866e-01 6.189961791038511851e-02
3.958747202157977263e-01 1.837234377861023393e-01 6.203655958175657847e-02
3.958946318924429497e-01 1.835580348968506303e-01 6.244815945625303844e-02
3.959186041355136076e-01 1.833466768264770952e-01 6.292671024799345592e-02
3.927239255607131163e-01 1.871567249298096147e-01 6.553147792816160777e-02
3.892906123399737517e-01 1.908257484436035600e-01 7.028019487857817271e-02
3.772848585247996489e-01 1.989235162734985796e-01 8.690227627754210094e-02
3.517775695398452918e-01 2.102010726928711382e-01 1.095349943637847767e-01
3.327066056989136378e-01 2.186404347419739214e-01 1.211189782619476185e-01
2.818510086834433714e-01 2.372145533561706987e-01 1.444515144824981556e-01
2.510470861196519854e-01 2.471867680549622026e-01 1.552542975544929371e-01
1.792190188169481835e-01 2.714304208755492498e-01 1.750001503527164326e-01
1.416631007194521508e-01 2.865258932113646795e-01 1.833034163713455067e-01
7.142588138580346913e-02 3.195259451866149236e-01 1.969694873690605030e-01
1.123177647590656303e-02 3.528116226196287841e-01 2.069664826989173756e-01
-1.351139307022075631e-02 3.687626302242277831e-01 2.108826941251754628e-01
-5.801084995269756295e-02 4.003303229808806152e-01 2.174600145220756398e-01
-8.887455224990825631e-02 4.264949440956114501e-01 2.220696440339088307e-01
-1.003334558010099409e-01 4.376901268959043634e-01 2.233796274662017689e-01
-1.169464623928068159e-01 4.560013890266416681e-01 2.250149106979369984e-01
-1.219618654251096723e-01 4.619401872158048761e-01 2.256282424926757679e-01
-1.276345884799955366e-01 4.683947145938871515e-01 2.264748743176460133e-01
-1.389757430553433815e-01 4.816518902778623712e-01 2.283031722903251515e-01
-1.447604036331175403e-01 4.878523230552671563e-01 2.294839030504226551e-01
-1.464042401313780384e-01 4.895735561847684991e-01 2.298120936751365251e-01
-1.489694750308988569e-01 4.922961771488187921e-01 2.303591898083686695e-01
-1.513976192474363880e-01 4.942230165004728448e-01 2.309283545613288746e-01
-1.524010336399077015e-01 4.941280364990232599e-01 2.312474033236503468e-01
-1.534202432632444379e-01 4.942132711410520685e-01 2.315843856334686146e-01
-1.543841099739073353e-01 4.943482458591459405e-01 2.318700036406516896e-01
-1.536116337776182728e-01 4.881009936332700860e-01 2.317011287808418141e-01
-1.536403334140776789e-01 4.878737211227415216e-01 2.317552199959754811e-01
-1.392123138904570179e-01 4.945208311080930841e-01 2.339597648382186756e-01
-1.277502214908598499e-01 5.002208530902860772e-01 2.395279115438461170e-01
-1.062136626243589399e-01 5.099062502384184015e-01 2.569726935029029713e-01
-8.817601561546312139e-02 5.139619886875150812e-01 2.819590201973914967e-01
-7.675293445587144658e-02 5.150649428367612970e-01 3.062997242808341847e-01
-6.946897864341722295e-02 5.141705453395841730e-01 3.279044187068939076e-01
-6.778520703315721319e-02 5.132477164268491876e-01 3.370202264189720021e-01
-6.640661120414720342e-02 5.104518711566923272e-01 3.536342164874076710e-01
-6.617749094963060186e-02 5.090859115123747003e-01 3.610649263858795033e-01
-6.639847517013536260e-02 5.060151398181913507e-01 3.745336091518401966e-01
-6.742298960685716436e-02 5.030022442340849054e-01 3.856817340850829945e-01
-6.878358483314500615e-02 4.998242437839507946e-01 3.985512411594390736e-01
-6.921637415885911748e-02 4.991315782070158691e-01 4.021875864267349110e-01
-6.984505414962755010e-02 4.979480981826781005e-01 4.080344295501708851e-01
-7.024708747863755987e-02 4.966715157032011718e-01 4.125145232677459584e-01
-7.040503978729234502e-02 4.960360109806059570e-01 4.159767633676528797e-01
-7.140151023864732549e-02 4.958310008049010009e-01 4.191615736484527455e-01
-7.161116957664476201e-02 4.957729756832122692e-01 4.200912570953369007e-01
-7.174772381782518194e-02 4.958597302436827392e-01 4.206504231691360340e-01
-7.178146004676805303e-02 4.958533823490141601e-01 4.211128658056259022e-01
-7.168057918548570440e-02 4.959026455879210205e-01 4.216695731878280506e-01
-7.174632310867290474e-02 4.961633563041686901e-01 4.220381236076354847e-01
-7.173714399337755010e-02 4.961969435214995117e-01 4.222908771038055287e-01
-7.172164678573594854e-02 4.964179873466490478e-01 4.225887215137481556e-01
-7.169050335884080694e-02 4.965043246746062011e-01 4.228547966480254994e-01
-7.173103451728807256e-02 4.968247294425963134e-01 4.232603168487548695e-01
