4.379645624756814959e-01 4.991150379180909202e-01 3.352552881836891041e-01
4.379645624756814959e-01 4.991150379180909202e-01 3.352552881836891041e-01
4.379647338390352251e-01 4.991145312786103294e-01 3.352553477883338795e-01
4.379647338390352251e-01 4.991145312786103294e-01 3.352553477883338795e-01
4.379647338390352251e-01 4.991145312786103294e-01 3.352553477883338795e-01
4.379647338390352251e-01 4.991145312786103294e-01 3.352553477883338795e-01
4.379645624756814959e-01 4.991150379180909202e-01 3.352552881836891041e-01
4.379647338390352251e-01 4.991145312786103294e-01 3.352553477883338795e-01
4.379647338390352251e-01 4.991145312786103294e-01 3.352553477883338795e-01
4.379645624756814959e-01 4.991150379180909202e-01 3.352552881836891041e-01
4.379647338390352251e-01 4.991145312786103294e-01 3.352553477883338795e-01
4.379647338390352251e-01 4.991145312786103294e-01 3.352553477883338795e-01
4.379647338390352251e-01 4.991145312786103294e-01 3.352553477883338795e-01
4.379645624756814959e-01 4.991150379180909202e-01 3.352552881836891041e-01
4.379645624756814959e-01 4.991150379180909202e-01 3.352552881836891041e-01
4.379645624756814959e-01 4.991150379180909202e-01 3.352552881836891041e-01
4.379647338390352251e-01 4.991145312786103294e-01 3.352553477883338795e-01
4.379647338390352251e-01 4.991145312786103294e-01 3.352553477883338795e-01
4.379645624756814959e-01 4.991150379180909202e-01 3.352552881836891041e-01
4.379647338390352251e-01 4.991145312786103294e-01 3.352553477883338795e-01
4.379645624756813849e-01 4.991150379180909202e-01 3.352552881836891041e-01
4.379645624756814959e-01 4.991150379180909202e-01 3.352552881836891041e-01
4.379647338390352251e-01 4.991145312786103294e-01 3.352553477883338795e-01
4.379645624756814959e-01 4.991150379180909202e-01 3.352552881836891041e-01
4.379647338390352251e-01 4.991145312786103294e-01 3.352553477883338795e-01
4.379645624756814959e-01 4.991150379180909202e-01 3.352552881836891041e-01
4.379647338390352251e-01 4.991145312786103294e-01 3.352553477883338795e-01
4.379645624756814959e-01 4.991150379180908092e-01 3.352552881836891041e-01
4.379645624756814959e-01 4.991150379180909202e-01 3.352552881836891041e-01
4.379647338390352251e-01 4.991145312786103294e-01 3.352553477883338795e-01
4.379645624756814959e-01 4.991150379180909202e-01 3.352552881836891041e-01
4.379647338390352251e-01 4.991145312786103294e-01 3.352553477883338795e-01
4.379645624756814959e-01 4.991150379180909202e-01 3.352552881836891041e-01
4.379645624756814959e-01 4.991150379180909202e-01 3.352552881836891041e-01
4.379647338390352251e-01 4.991145312786103294e-01 3.352553477883338795e-01
4.379645624756814959e-01 4.991150379180909202e-01 3.352552881836891041e-01
4.379647338390352251e-01 4.991145312786103294e-01 3.352553477883338795e-01
4.379647338390352251e-01 4.991145312786103294e-01 3.352553477883338795e-01
4.379645624756814959e-01 4.991150379180909202e-01 3.352552881836891041e-01
4.379645624756814959e-01 4.991150379180909202e-01 3.352552881836891041e-01
4.379647338390352251e-01 4.991145312786103294e-01 3.352553477883338795e-01
4.379645624756814959e-01 4.991150379180909202e-01 3.352552881836891041e-01
4.379645624756814959e-01 4.991150379180909202e-01 3.352552881836891041e-01
4.379647338390352251e-01 4.991145312786104404e-01 3.352553477883338795e-01
4.379647338390352251e-01 4.991145312786103294e-01 3.352553477883338795e-01
4.379645624756814959e-01 4.991150379180908092e-01 3.352552881836891041e-01
4.379645624756814959e-01 4.991150379180909202e-01 3.352552881836891041e-01
4.379645624756814959e-01 4.991150379180909202e-01 3.352552881836891041e-01
4.444289246201517107e-01 4.943278312683107578e-01 3.343263572454452381e-01
4.514261373877527239e-01 4.877760887145997093e-01 3.323805412650108204e-01
4.787805193662645342e-01 4.571478843688965843e-01 3.200405991077422962e-01
4.897149467468263628e-01 4.438780128955842064e-01 3.132211869955062733e-01
5.010082983970643999e-01 4.295210123062134788e-01 3.049865147471427784e-01
5.241137707233430865e-01 3.984488725662232445e-01 2.859331226348876820e-01
5.346405917406084063e-01 3.848729908466340666e-01 2.762375256419181691e-01
5.581254923343660357e-01 3.564661622047425871e-01 2.475002712011337147e-01
5.667663478851320269e-01 3.488661825656892423e-01 2.301644316315650807e-01
5.696930253505708697e-01 3.471484959125520353e-01 2.227054318785667286e-01
5.741639846563341143e-01 3.458409190177919035e-01 2.103819704055786000e-01
5.766609573364259722e-01 3.472000241279603605e-01 2.009849256277084217e-01
5.775993281602861407e-01 3.477828383445741300e-01 1.968159979581832753e-01
5.788631552457811358e-01 3.470690727233888273e-01 1.930803066492080555e-01
5.796661341190340044e-01 3.477564930915832964e-01 1.861014446616172380e-01
5.807478392124177935e-01 3.475464761257173185e-01 1.807462504506111012e-01
5.813195967674257281e-01 3.471632182598115568e-01 1.783636441826820240e-01
5.804885739088060381e-01 3.490386784076692228e-01 1.747565573453903065e-01
5.716172420978548052e-01 3.574271678924562101e-01 1.683285540342330799e-01
5.705493503808977129e-01 3.585952997207643156e-01 1.644428974390029774e-01
5.753994697332384112e-01 3.549443662166597013e-01 1.632161444425582753e-01
5.791843944787981036e-01 3.523029863834382658e-01 1.627291148900985585e-01
5.826301687955859343e-01 3.499180555343629484e-01 1.623332506418228016e-01
5.903915131092074553e-01 3.440359711647035246e-01 1.621712675690650807e-01
6.031241381168368498e-01 3.348579883575441007e-01 1.626787340641021595e-01
6.104983949661257903e-01 3.319634675979615812e-01 1.644309020042419300e-01
6.247797870635989348e-01 3.265487432479859953e-01 1.684388524293899680e-01
6.318182909488680998e-01 3.235402882099153166e-01 1.709721690416335926e-01
6.383117997646334807e-01 3.205880701541903299e-01 1.732830411195754872e-01
6.511877739429476897e-01 3.154526531696321134e-01 1.784892162680625782e-01
6.638678872585299651e-01 3.104125142097475254e-01 1.839411488175392018e-01
6.700307691097262541e-01 3.078858435153962181e-01 1.867606571316718922e-01
6.762011015415194670e-01 3.055165588855745518e-01 1.898824056982993946e-01
6.849413478374484221e-01 2.974609613418580656e-01 1.927673971652984486e-01
6.830738151073458830e-01 2.902786612510682707e-01 1.916042274236678944e-01
6.775285863876345793e-01 2.816074371337892179e-01 1.888570940494537220e-01
6.645873153209689299e-01 2.621434211730958586e-01 1.834829157590865956e-01
6.574118697643283049e-01 2.551602005958558683e-01 1.800208917260169850e-01
6.513382756710055510e-01 2.491891860961915617e-01 1.769420249760150776e-01
6.428614521026614348e-01 2.392950534820558195e-01 1.708504116535186634e-01
6.392679476737979094e-01 2.367134571075441007e-01 1.682121312618255482e-01
6.393032932281497160e-01 2.361678957939149504e-01 1.657437092065811024e-01
6.478792691230776946e-01 2.327011704444886808e-01 1.665074086189269886e-01
6.590673291683200041e-01 2.288863539695742411e-01 1.693397766351699973e-01
6.648392939567568938e-01 2.272497892379762296e-01 1.705857372283935414e-01
6.766049528121951262e-01 2.232647418975831632e-01 1.743647648394107685e-01
6.833208465576174895e-01 2.212951660156251554e-01 1.768771713972091542e-01
6.954477989673617522e-01 2.172713756561280851e-01 1.816882422566413746e-01
6.980483496189120451e-01 2.158035516738893156e-01 1.810468962788581715e-01
6.870313549041751067e-01 2.178331494331361418e-01 1.738622269034385548e-01
6.631335282325747649e-01 2.229717254638673429e-01 1.624711906909942494e-01
6.563820207118991057e-01 2.243649840354920988e-01 1.592340177297592030e-01
6.445254051685336272e-01 2.282020330429078703e-01 1.535909181833267079e-01
6.402814054489138762e-01 2.301378130912782316e-01 1.513093119859695301e-01
6.392241084575656096e-01 2.384210705757142668e-01 1.499500876665115223e-01
6.425140166282656828e-01 2.499164819717408781e-01 1.514709970355034019e-01
6.468380057811740080e-01 2.671100974082948332e-01 1.533763712644576893e-01
6.486092174053195158e-01 2.728233218193055754e-01 1.539706966280937062e-01
6.524484121799472014e-01 2.847562313079835539e-01 1.553491583466529713e-01
6.542281174659730913e-01 2.909793138504029875e-01 1.556908419728278703e-01
6.599844360351564410e-01 3.079208314418794834e-01 1.571112653613090104e-01
6.562010312080386321e-01 3.047169625759126865e-01 1.538923686742782460e-01
6.471850836277011076e-01 2.926744103431703214e-01 1.510133749246597157e-01
6.422450208663943449e-01 2.858756661415101652e-01 1.498327261209487782e-01
6.325109565258029143e-01 2.720548987388612394e-01 1.484245961904525624e-01
6.356402897834780852e-01 2.736497998237611418e-01 1.509371480345725880e-01
6.388768815994265715e-01 2.749498963356019621e-01 1.527686721086501942e-01
6.403503680229190032e-01 2.755092263221742277e-01 1.534866398572921620e-01
6.433157289028169634e-01 2.770709276199342375e-01 1.543259626626968251e-01
6.447720193862918059e-01 2.773256778717042570e-01 1.549560135602950917e-01
6.466468536853793303e-01 2.779610633850098100e-01 1.549391454458236561e-01
6.428995990753176848e-01 2.755273461341859464e-01 1.533021932840347157e-01
6.394400262832644621e-01 2.736642241477968973e-01 1.521387702226638661e-01
6.275846326351168791e-01 2.695429801940919523e-01 1.485259687900543080e-01
6.216818058490756194e-01 2.671070575714112882e-01 1.468717461824416981e-01
6.142749452590945403e-01 2.645534753799440031e-01 1.449365472793578968e-01
6.119256579875949065e-01 2.636788964271548075e-01 1.444487205147743092e-01
6.103890204429629485e-01 2.632648825645448332e-01 1.441630131006240711e-01
6.081021988391879241e-01 2.626613855361940031e-01 1.435212051868438587e-01
6.055242681503298918e-01 2.620902538299562101e-01 1.427650308609008656e-01
6.032087171077730181e-01 2.614670276641847257e-01 1.421574062108993119e-01
6.013516747951510588e-01 2.608281850814820890e-01 1.418233072757720814e-01
5.982089304924014250e-01 2.592562317848207121e-01 1.415272882580757008e-01
5.966452324390414397e-01 2.585233330726625089e-01 1.414442962408065663e-01
5.942830109596255461e-01 2.576804041862489347e-01 1.412108844518661366e-01
5.922211670875552336e-01 2.564772844314576750e-01 1.410507789254188404e-01
5.913904571533206145e-01 2.559488296508790617e-01 1.411513245105743275e-01
5.902005398273471037e-01 2.552046656608583097e-01 1.412481969594955034e-01
5.884200745821002165e-01 2.535399079322816496e-01 1.409850573539733753e-01
5.874766373634341399e-01 2.528687596321107511e-01 1.407586640119552757e-01
5.860041046142581145e-01 2.514183402061463957e-01 1.407686775922775135e-01
5.851985180377963225e-01 2.509392976760865812e-01 1.408076143264770375e-01
5.846865439414981047e-01 2.505972266197206144e-01 1.407438075542449818e-01
5.838218295574191252e-01 2.492393136024476652e-01 1.407833626866340504e-01
5.833775663375857512e-01 2.491153955459596281e-01 1.406407511234283314e-01
5.825776273012164275e-01 2.485026597976686125e-01 1.404584652185439930e-01
5.813226664066317717e-01 2.473764896392823820e-01 1.402967727184295521e-01
5.805327707529071013e-01 2.472104310989381437e-01 1.400973951816558705e-01
5.798067265748980681e-01 2.471281170845033293e-01 1.397546088695525990e-01
5.790452176332476775e-01 2.467940330505372648e-01 1.395181944966316090e-01
5.787845665216448943e-01 2.467845559120179777e-01 1.393016657233238087e-01
5.781135374307635466e-01 2.463512897491456632e-01 1.389617925882339344e-01
5.773595684766772429e-01 2.463281035423280363e-01 1.381429737806320057e-01
5.770174527168276946e-01 2.461094737052919035e-01 1.374719148874282704e-01
5.765314811468126299e-01 2.461032152175904875e-01 1.370365923643112049e-01
5.756492727994921843e-01 2.459758400917054777e-01 1.361799991130828724e-01
5.748112165927889983e-01 2.456775188446046476e-01 1.356912410259246693e-01
5.741110706329348723e-01 2.455044865608216886e-01 1.353269076347350941e-01
5.731088483333590666e-01 2.453732967376709428e-01 1.349281376600265370e-01
5.725540035963060381e-01 2.452942013740541105e-01 1.347924774885177479e-01
5.715977662801744463e-01 2.448427557945251909e-01 1.342142379283904896e-01
5.705675148963931242e-01 2.446561932563783293e-01 1.334028324484825001e-01
5.704713428020480315e-01 2.446067214012147550e-01 1.331876671314239369e-01
5.703912043571475188e-01 2.445748925209046964e-01 1.331483429670333729e-01
5.700048619508746306e-01 2.444662332534791593e-01 1.328329151868820057e-01
5.697080904245379607e-01 2.439479112625123625e-01 1.328073745965957508e-01
5.702215993404391448e-01 2.437819719314576750e-01 1.328293165564536915e-01
5.704285913705828825e-01 2.431896209716798429e-01 1.329954645037650929e-01
5.703836941719058196e-01 2.430524110794068937e-01 1.330322331190109120e-01
5.706143641471865813e-01 2.424577951431275968e-01 1.331915488839149342e-01
5.705755466222766081e-01 2.419804215431214933e-01 1.333188271522521839e-01
5.707449281215670744e-01 2.416794776916505461e-01 1.334238132834434376e-01
5.708282405138018767e-01 2.414573907852174406e-01 1.334811305999755726e-01
5.708172285556796233e-01 2.415767788887025480e-01 1.333403295278549061e-01
5.709131473302844206e-01 2.413707256317140226e-01 1.333814790844917164e-01
5.711550825834277312e-01 2.412838816642762785e-01 1.334091728925704823e-01
5.712857657670977751e-01 2.412195682525636320e-01 1.334332382678985462e-01
5.712804907560350420e-01 2.412370324134828214e-01 1.333604162931442128e-01
5.714620614051821867e-01 2.411740303039552336e-01 1.334168022871017323e-01
5.715539568662646452e-01 2.411886334419252043e-01 1.333971253037452565e-01
5.716327244043353240e-01 2.411713480949403410e-01 1.334251022338867054e-01
5.717152321338656584e-01 2.411751627922059660e-01 1.334450250864028797e-01
5.718629175424578825e-01 2.412133693695069914e-01 1.334783589839935170e-01
5.719758683443072478e-01 2.410997629165650968e-01 1.335332250595092640e-01
5.720927977561953703e-01 2.409725666046144132e-01 1.335845744609832630e-01
5.722226315736773650e-01 2.408836364746095304e-01 1.336399024724960194e-01
5.726100170612337115e-01 2.405130147933961515e-01 1.338527208566665516e-01
5.727372580766680876e-01 2.404557347297670011e-01 1.338347351551055775e-01
5.729141795635226408e-01 2.401397705078126554e-01 1.339914953708648548e-01
5.731555932760241667e-01 2.401162266731263761e-01 1.339850878715515003e-01
5.732963943481448332e-01 2.414054751396180754e-01 1.337880125641822682e-01
5.747461730241778533e-01 2.471993446350099211e-01 1.323684459924697743e-01
5.811236315965655486e-01 2.470413923263551359e-01 1.346281996369362022e-01
5.863426738977435271e-01 2.404408931732179289e-01 1.392420163750648365e-01
5.893408024311068694e-01 2.367309808731080656e-01 1.418549573421478138e-01
5.931203627586367766e-01 2.328160285949708586e-01 1.438776856660842762e-01
5.979798698425295989e-01 2.204056262969972257e-01 1.517775511741638050e-01
6.016222202777865569e-01 2.139351248741151457e-01 1.565639978647231922e-01
6.037707889080050627e-01 2.104394912719728117e-01 1.601937866210937367e-01
6.038414502143862883e-01 2.089992046356201616e-01 1.633510297536849842e-01
6.050783360004428069e-01 2.061032533645631437e-01 1.663884824514388905e-01
6.057976448535922209e-01 2.046904444694520597e-01 1.678214824199676380e-01
6.070847773551943938e-01 2.020460247993470793e-01 1.706174618005752430e-01
6.067837142944338957e-01 2.027420282363893156e-01 1.713334625959396229e-01
6.075419449806216399e-01 2.007468819618226652e-01 1.736041425168514118e-01
6.076110267639163176e-01 2.003979563713075285e-01 1.748213922977447377e-01
6.079439783096316496e-01 1.997343182563783293e-01 1.763309469819068775e-01
6.079666280746462981e-01 1.993760347366334562e-01 1.773562549054622517e-01
6.082255208492282073e-01 1.988441228866578703e-01 1.786998963356017933e-01
6.081480646133425871e-01 1.989554047584535246e-01 1.792539066076278553e-01
6.087070965766909758e-01 1.978579044342042570e-01 1.805673471093177662e-01
6.090855562686923186e-01 1.972838521003724699e-01 1.813256895542144920e-01
6.093842947483065764e-01 1.967161178588868742e-01 1.819208940863609181e-01
6.096797847747805754e-01 1.961233496665956144e-01 1.827843269705772267e-01
6.097926759719851653e-01 1.961440324783326750e-01 1.830386078357696400e-01
6.106784605979922453e-01 1.951127529144288664e-01 1.843568539619445390e-01
6.108014845848086516e-01 1.949787616729737882e-01 1.846011361479759083e-01
6.112821364402774016e-01 1.945411443710328703e-01 1.852439051866531516e-01
6.115258598327639739e-01 1.942469358444215421e-01 1.857619440555572377e-01
6.120277905464175383e-01 1.935826420783998136e-01 1.864057859778404103e-01
6.122642421722415129e-01 1.935661911964418058e-01 1.865999853610992298e-01
6.127585136890414397e-01 1.928883075714112882e-01 1.873341059684753285e-01
6.129894816875460783e-01 1.925076127052308683e-01 1.876553824543952809e-01
6.130263173580172698e-01 1.925637602806092863e-01 1.877276903390884266e-01
6.132198238372805754e-01 1.926077485084535246e-01 1.878388082981109486e-01
6.138762497901919524e-01 1.916093707084657316e-01 1.889751857519149647e-01
6.139228904247286955e-01 1.916331529617311125e-01 1.891270509362220631e-01
6.145437324047091643e-01 1.910768628120423918e-01 1.897676071524619923e-01
6.145142281055453459e-01 1.912467956542970304e-01 1.896625614166259632e-01
6.147550904750826994e-01 1.908894658088684526e-01 1.901500752568244523e-01
6.151446068286898772e-01 1.902344703674319071e-01 1.907266086339950706e-01
6.154481136798861662e-01 1.900116086006166105e-01 1.910043811798095570e-01
6.157830023765566985e-01 1.895934224128724699e-01 1.913603699207305775e-01
6.159133279323580901e-01 1.894801735877992277e-01 1.915157294273376332e-01
6.163292193412783782e-01 1.891976475715638761e-01 1.918772539496421681e-01
6.165470147132876555e-01 1.889693021774293546e-01 1.919919779896736012e-01
6.169553959369662444e-01 1.885347843170167570e-01 1.924049413204192982e-01
6.170771384239199797e-01 1.883600234985353117e-01 1.924816748499870167e-01
6.172024273872378508e-01 1.881314396858216886e-01 1.926153382658958302e-01
6.175848507881167571e-01 1.872824907302858000e-01 1.932271054387092457e-01
6.177172029018405119e-01 1.869562149047853117e-01 1.934751799702644215e-01
6.179372334480288664e-01 1.863954544067384367e-01 1.938373750448226795e-01
6.181403660774233977e-01 1.858934044837953214e-01 1.941232687234878684e-01
6.182634496688845793e-01 1.856009244918824796e-01 1.942603519558906422e-01
6.183597409725192229e-01 1.854254484176637296e-01 1.943398496508598194e-01
6.183253788948062102e-01 1.856800198554994230e-01 1.942574983835220204e-01
6.185483896732333342e-01 1.853809237480165129e-01 1.944302326440811024e-01
6.184821689128878752e-01 1.855851888656617765e-01 1.943965783715247975e-01
6.185864174366000334e-01 1.854749202728273039e-01 1.945331698656082020e-01
6.185971462726596037e-01 1.855291604995729093e-01 1.944906643033027516e-01
6.186880135536196867e-01 1.855823278427125578e-01 1.944824835658073292e-01
6.187427008152011076e-01 1.855262398719789152e-01 1.945769867300987110e-01
6.187253260612490813e-01 1.856394886970521574e-01 1.944359472393989430e-01
6.187120640277865569e-01 1.857849240303041105e-01 1.943247622251510487e-01
6.187366211414340178e-01 1.858740925788880949e-01 1.942959284782409535e-01
6.188010537624362151e-01 1.858957886695863371e-01 1.941825231909751759e-01
6.188393199443820158e-01 1.859023451805116300e-01 1.941544717550277577e-01
6.188845002651217619e-01 1.859387040138246183e-01 1.941300114989280567e-01
6.189004147052767912e-01 1.859275579452516203e-01 1.941525867581367359e-01
6.189843976497653166e-01 1.856028914451600675e-01 1.944427943229675160e-01
6.191146337985995451e-01 1.853306174278260832e-01 1.947187489271163807e-01
6.192067527770999114e-01 1.850945234298707609e-01 1.948787948489189015e-01
6.192789340019229094e-01 1.848438262939454679e-01 1.950889980792999134e-01
6.193366909027102629e-01 1.845536112785340910e-01 1.953787288069724903e-01
6.193090939521792571e-01 1.845901489257814054e-01 1.953810161352157460e-01
6.193082892894747893e-01 1.844358325004579191e-01 1.956349691748618946e-01
6.192477309703829924e-01 1.846627473831178312e-01 1.956378823518752919e-01
6.194356644153597991e-01 1.844686746597291593e-01 1.959461650252342091e-01
6.194305086135867278e-01 1.843739032745362882e-01 1.960690921545028553e-01
6.194275283813479582e-01 1.843044042587281828e-01 1.962318277359008656e-01
6.193938517570498625e-01 1.843573927879335050e-01 1.962178951501846180e-01
6.194762253761294524e-01 1.842141032218934660e-01 1.962929150462150441e-01
6.196649932861331145e-01 1.839319348335267668e-01 1.964338278770446367e-01
6.197113955020907561e-01 1.838157057762147550e-01 1.964838510751724110e-01
6.199102365970614592e-01 1.833025693893434171e-01 1.967629498243331776e-01
6.200311446189883391e-01 1.830109238624574308e-01 1.967243334650993214e-01
6.200891101360324065e-01 1.829481005668641691e-01 1.967971107363700733e-01
6.201331281661990324e-01 1.828503489494325285e-01 1.968732184171676503e-01
6.202881896495822112e-01 1.825088739395143156e-01 1.970111957192420826e-01
6.203713381290438811e-01 1.822616934776307707e-01 1.971626436710357533e-01
6.204209589958193938e-01 1.821223378181459074e-01 1.972006192803382740e-01
6.204394960403445403e-01 1.820633292198182707e-01 1.971563255786895619e-01
6.205734276771548430e-01 1.816705942153932218e-01 1.973466581106185780e-01
6.206077301502230803e-01 1.815779685974122648e-01 1.973572230339050160e-01
6.206429862976077239e-01 1.815579414367677336e-01 1.973517766594886647e-01
6.207033956050875823e-01 1.814601898193359819e-01 1.973847380280494557e-01
6.207887494564059416e-01 1.813014626502992277e-01 1.973560607433318959e-01
6.208352112770083586e-01 1.812897205352784757e-01 1.973729884624481068e-01
6.209303402900698821e-01 1.810901641845704679e-01 1.975274315476417408e-01
6.209040844440463225e-01 1.811221718788148527e-01 1.974917730689048911e-01
6.209419035911563078e-01 1.810449242591859464e-01 1.975367969274520741e-01
6.209477150440219084e-01 1.810267448425294523e-01 1.975551775097846852e-01
6.209655070304873625e-01 1.809642791748048429e-01 1.975363424420356617e-01
6.209965610504153410e-01 1.808298707008363371e-01 1.976128971576690541e-01
6.209886634349826018e-01 1.808587193489076261e-01 1.975820741057395802e-01
6.210193002223971526e-01 1.808066844940187101e-01 1.975604525208473072e-01
6.210484468936923186e-01 1.807746767997743254e-01 1.975570848584174977e-01
6.210588777065280119e-01 1.807449340820314054e-01 1.975182375311851368e-01
6.211070084571841399e-01 1.805999755859376554e-01 1.975696092844009266e-01
6.211352312564852873e-01 1.804854750633241300e-01 1.975409021973609791e-01
6.211370790004733244e-01 1.804517388343812589e-01 1.974545946717262135e-01
6.211551690101626555e-01 1.803882002830506925e-01 1.974935984611511097e-01
6.212446653842929045e-01 1.801125288009645109e-01 1.976084342598914967e-01
6.213738584518435637e-01 1.800134062767030363e-01 1.974953791499137745e-01
6.213268899917605559e-01 1.800869584083558683e-01 1.972207581996917591e-01
6.218342447280886809e-01 1.792052865028382902e-01 1.969866237044334278e-01
6.224776172637942473e-01 1.751981854438783293e-01 1.944897106289863453e-01
6.244928503036502043e-01 1.695679903030397062e-01 1.836810490489005909e-01
6.259531342983248869e-01 1.669226765632632059e-01 1.679693466424941883e-01
6.263722145557406584e-01 1.662751913070680265e-01 1.521212315559387074e-01
6.263116562366488616e-01 1.660964369773866300e-01 1.448419994115829335e-01
6.256124937534335295e-01 1.671661019325257902e-01 1.321774354577064381e-01
6.247728431224826018e-01 1.684660792350770597e-01 1.227895623445510731e-01
6.233437919616702239e-01 1.717000484466554289e-01 1.099112486839294300e-01
6.222162508964541594e-01 1.745799660682678667e-01 1.017548298835754261e-01
6.213160419464114348e-01 1.773502707481385832e-01 9.504865169525145152e-02
6.203992927074435393e-01 1.796488642692567472e-01 8.972433269023893931e-02
6.200557315349581877e-01 1.806374073028566007e-01 8.801336646080015758e-02
6.193148159980776946e-01 1.824026584625245695e-01 8.430236637592314342e-02
6.185170972347262541e-01 1.842281699180604582e-01 8.084489464759825328e-02
6.179399752616885344e-01 1.857237100601197843e-01 7.823838353157042125e-02
6.177285277843478362e-01 1.862069249153138761e-01 7.699965000152586558e-02
6.176215970516207854e-01 1.864768743515016203e-01 7.640211343765257457e-02
6.176400744915011565e-01 1.866243958473207121e-01 7.601837873458860972e-02
6.176540815830233733e-01 1.866072893142701750e-01 7.601888537406920054e-02
6.176051461696627776e-01 1.867958188056947355e-01 7.562455594539641002e-02
6.174828076362612883e-01 1.871082663536073332e-01 7.503692865371702769e-02
6.174245142936709563e-01 1.872771263122560148e-01 7.466866135597227672e-02
6.173454189300540129e-01 1.874757289886476164e-01 7.441578865051268199e-02
6.172347927093508879e-01 1.877311348915101652e-01 7.399806439876555064e-02
6.171468460559847991e-01 1.879445791244508390e-01 7.375913918018339732e-02
6.171455943584445158e-01 1.879613280296327238e-01 7.368765830993651011e-02
6.171113812923434416e-01 1.879795074462892179e-01 7.326583623886107066e-02
6.171018445491793791e-01 1.879656195640565519e-01 7.308328211307524302e-02
6.169931554794314543e-01 1.882125020027162199e-01 7.251714229583738902e-02
6.168979668617251555e-01 1.884664773941041593e-01 7.205732226371761029e-02
6.168723070621493498e-01 1.885244727134706144e-01 7.187518537044523814e-02
6.167779827117922942e-01 1.887039422988893156e-01 7.104365587234495738e-02
6.167373025417330901e-01 1.889526128768922453e-01 7.057116985321043590e-02
6.167188847064974944e-01 1.890016674995423918e-01 7.027094125747679332e-02
6.166308188438418547e-01 1.891709446907046122e-01 6.987990498542787088e-02
6.165290439128878752e-01 1.893966078758241300e-01 6.951889455318449595e-02
6.164057815074923674e-01 1.896762728691102629e-01 6.885097980499266246e-02
6.163515114784243742e-01 1.897346258163453703e-01 6.826119184494014447e-02
6.163510346412661711e-01 1.897187113761903410e-01 6.811183750629423717e-02
6.162714624404910246e-01 1.898947834968568449e-01 6.763562619686125377e-02
6.162002050876620451e-01 1.900477290153504972e-01 6.698790252208708385e-02
6.161427760124209563e-01 1.902018666267396574e-01 6.641028881072996715e-02
6.161854827404025237e-01 1.901991248130799894e-01 6.593622326850889781e-02
6.161892974376681487e-01 1.902549147605897550e-01 6.545133948326109508e-02
6.162035727500918547e-01 1.901619911193849211e-01 6.494876801967619517e-02
6.162314677238467375e-01 1.900337219238281694e-01 6.484732091426848033e-02
6.162382030487063567e-01 1.899439573287965421e-01 6.451620221137999156e-02
6.163145267963412444e-01 1.896579742431642179e-01 6.460666716098784068e-02
6.162923240661624114e-01 1.896662592887879972e-01 6.431435108184813121e-02
6.162771546840670744e-01 1.897994756698609953e-01 6.408925414085386851e-02
6.163659060001376311e-01 1.897327184677125578e-01 6.369091629981993297e-02
6.165117883682253996e-01 1.893734812736512785e-01 6.367494225502012828e-02
6.165735983848574797e-01 1.892419338226319914e-01 6.359319448471068004e-02
6.165919268131259123e-01 1.892514109611512785e-01 6.350454747676848033e-02
6.166691744327548186e-01 1.891244530677796964e-01 6.340485870838163951e-02
6.168031954765322844e-01 1.889052867889405851e-01 6.331886410713191693e-02
6.168020629882815520e-01 1.889674544334413175e-01 6.319044589996336558e-02
6.168669128417971770e-01 1.889084458351136808e-01 6.295177400112150767e-02
6.169358456134799162e-01 1.887616991996766691e-01 6.290689170360563853e-02
6.169365906715396086e-01 1.888565897941590910e-01 6.260840654373167613e-02
6.169461870193484465e-01 1.890218138694764738e-01 6.241659879684446910e-02
6.169490480422976653e-01 1.891168236732484464e-01 6.220376551151274302e-02
6.168850624561312834e-01 1.893499374389649992e-01 6.191568136215208629e-02
6.168629193305972258e-01 1.894829750061036711e-01 6.156624913215635875e-02
6.168236398696902434e-01 1.896539807319642668e-01 6.132514834403990367e-02
6.167902612686160246e-01 1.898428678512574796e-01 6.107614994049070933e-02
6.166991257667544524e-01 1.902240395545961027e-01 6.039364695549009898e-02
6.165615582466128508e-01 1.906884193420411711e-01 5.970713555812834361e-02
6.165184044837954680e-01 1.908641934394837980e-01 5.936290383338926890e-02
6.164765024185183684e-01 1.910069465637208586e-01 5.918772578239439586e-02
6.164701247215274016e-01 1.910319805145265226e-01 5.909603893756865123e-02
6.164483094215396086e-01 1.911480903625489836e-01 5.885231554508207896e-02
6.165116691589358489e-01 1.911561369895937723e-01 5.869910180568693736e-02
6.166239643096926848e-01 1.910745382308961515e-01 5.858270883560179332e-02
6.166537964344027678e-01 1.910803198814393644e-01 5.847409427165983775e-02
6.166599357128146330e-01 1.911241888999940519e-01 5.832061231136320689e-02
6.167277061939242522e-01 1.911135792732240324e-01 5.825586676597593883e-02
6.168192589282992522e-01 1.910717368125917082e-01 5.827394187450407603e-02
6.168524289131167571e-01 1.911181092262269621e-01 5.817616045475004771e-02
6.169322097301486174e-01 1.910041451454164152e-01 5.824288785457609752e-02
6.170818173885348479e-01 1.906546831130983000e-01 5.837518036365507701e-02
6.170975232124331633e-01 1.906138539314271574e-01 5.839155673980711558e-02
6.172522270679476897e-01 1.902233839035035734e-01 5.858130812644957164e-02
6.174015665054324309e-01 1.899226784706117277e-01 5.867351651191710094e-02
6.175369882583621184e-01 1.895915746688844328e-01 5.882950186729429820e-02
6.176583731174472014e-01 1.892444372177125578e-01 5.894842803478239635e-02
6.177670025825503508e-01 1.889647126197816496e-01 5.901996850967403119e-02
6.178017520904544035e-01 1.889259696006776457e-01 5.895771145820616344e-02
6.178024375438693205e-01 1.889465332031251554e-01 5.888699054718016246e-02
6.179408395290377776e-01 1.888180255889894132e-01 5.885987043380735972e-02
6.179938876628878752e-01 1.887038230895996538e-01 5.890186190605159466e-02
6.180332267284396330e-01 1.885567188262941007e-01 5.886893033981321910e-02
6.179750823974612395e-01 1.886922597885133390e-01 5.874803721904756082e-02
6.179462933540347258e-01 1.887422084808351164e-01 5.875000417232512095e-02
6.180394256114962737e-01 1.884102702140809660e-01 5.893285632133482554e-02
6.180458927154544035e-01 1.884100317955018644e-01 5.886904954910276988e-02
6.180373990535739104e-01 1.884429931640626554e-01 5.884562492370604136e-02
6.180009806156161467e-01 1.885922431945802336e-01 5.876196980476378062e-02
6.179533863067629973e-01 1.887595534324647550e-01 5.867049157619474986e-02
6.179277861118319670e-01 1.888449668884278898e-01 5.862338900566099742e-02
6.178767347335818449e-01 1.890131711959840421e-01 5.852910935878752330e-02
6.178745889663699309e-01 1.890295624732972746e-01 5.851590692996977427e-02
6.176081860065463225e-01 1.880107998847962980e-01 5.857351481914516156e-02
6.163553857803347746e-01 1.832014203071595793e-01 6.116931200027464488e-02
6.118577682971957366e-01 1.700131773948670988e-01 7.506139636039732554e-02
5.988874101638796965e-01 1.540152311325074796e-01 9.953181505203245738e-02
5.859151446819308440e-01 1.453265428543092375e-01 1.151293075084686146e-01
5.451606774330142180e-01 1.326291441917420988e-01 1.461457467079162464e-01
4.827671015262606780e-01 1.336284160614015226e-01 1.679019039869308338e-01
4.449288734793665490e-01 1.425369262695312944e-01 1.730705319344997273e-01
3.217179106175902525e-01 1.898627161979675737e-01 1.812363943457603044e-01
2.434321606159212947e-01 2.294515848159790483e-01 1.863876289129257069e-01
1.712555849552157006e-01 2.726751446723937322e-01 1.908748081326484547e-01
1.384169721603396019e-01 2.941627383232114923e-01 1.930995962023734636e-01
7.696666955947900624e-02 3.373711287975310613e-01 1.971473178267478810e-01
5.064680814743066639e-02 3.566049516201018621e-01 1.991144350171089039e-01
1.195248365402412638e-03 3.908513069152830810e-01 2.046465283632278309e-01
-5.934873580932598092e-02 4.307349801063536376e-01 2.137467792630195484e-01
-7.632106900215124279e-02 4.425216495990751953e-01 2.166533401608466969e-01
-8.919051647186260201e-02 4.515460610389708251e-01 2.190264841914176808e-01
-1.068736350536343971e-01 4.643822193145750177e-01 2.222823655605316029e-01
-1.150099968910215376e-01 4.698847711086271417e-01 2.237027740478515492e-01
-1.216972804069517133e-01 4.743675470352171075e-01 2.249730458855628834e-01
-1.290394401550291059e-01 4.797061562538145196e-01 2.267730018496513233e-01
-1.362213230133054731e-01 4.846447885036466730e-01 2.284537187218665943e-01
-1.372203862667081831e-01 4.857554018497465265e-01 2.287213659286498890e-01
-1.395737266540525434e-01 4.872254610061644842e-01 2.296713671088218556e-01
-1.400078272819517688e-01 4.869625151157377374e-01 2.303799918293952809e-01
-1.412798798084257124e-01 4.867175996303556573e-01 2.310101470351219044e-01
-1.396030819416044233e-01 4.834393441677091730e-01 2.314299127459525929e-01
-1.387888526916502552e-01 4.813049316406248224e-01 2.317072680592536793e-01
-1.393407320976254860e-01 4.806272566318510187e-01 2.321964284777641441e-01
-1.398468947410581587e-01 4.804779767990110528e-01 2.324738359451293812e-01
-1.395168638229368208e-01 4.801318228244779718e-01 2.325529387593269215e-01
-1.400308644771574018e-01 4.801445782184599054e-01 2.329277923703193531e-01
-1.411911582946775434e-01 4.803803443908689630e-01 2.334129443764686451e-01
-1.417938804626462934e-01 4.807457208633421075e-01 2.337625479698181019e-01
-1.425238883495329456e-01 4.814090609550474298e-01 2.339308938384055958e-01
-1.434002256393430708e-01 4.820263564586637628e-01 2.342277920246124134e-01
-1.441110110282896040e-01 4.825116574764249933e-01 2.343620812892913685e-01
-1.445890998840330122e-01 4.831024587154386651e-01 2.343023127317428456e-01
-1.457525527477262495e-01 4.836771368980405938e-01 2.344920417666435108e-01
-1.458630299568174360e-01 4.835370957851408136e-01 2.345115697383880482e-01
-1.465146279335020063e-01 4.838902533054350030e-01 2.345602145791053639e-01
-1.476877367496488569e-01 4.842983365058897149e-01 2.347369572520255909e-01
-1.480879521369932172e-01 4.841482520103452813e-01 2.348047500848770008e-01
-1.489474511146543501e-01 4.845371425151823175e-01 2.348524338006973133e-01
-1.490431165695188520e-01 4.846334040164945733e-01 2.348244717717170582e-01
-1.498930788040158668e-01 4.852643191814421941e-01 2.348002350330352650e-01
-1.506979799270627973e-01 4.863021552562711847e-01 2.345843246579170094e-01
-1.515719926357267378e-01 4.873660087585447442e-01 2.345137825608253346e-01
-1.518930530548094349e-01 4.876508593559263360e-01 2.344119331240653858e-01
-1.521897351741789417e-01 4.879358887672422540e-01 2.343415400385856495e-01
-1.524365580081938343e-01 4.881742775440214288e-01 2.343462339043617115e-01
-1.525642311573027210e-01 4.884324550628660333e-01 2.342287606000900135e-01
-1.532521581649778919e-01 4.893046498298643243e-01 2.341850033402442799e-01
-1.533429658412931995e-01 4.893075108528135431e-01 2.341764947772025929e-01
-1.534115707874296741e-01 4.892260611057279718e-01 2.341161301732063160e-01
-1.535880005359648304e-01 4.894867122173307550e-01 2.340813508629798756e-01
-1.538198328018187677e-01 4.897812485694883478e-01 2.340279003977775441e-01
-1.539022660255431330e-01 4.898497045040128839e-01 2.339518523216247425e-01
-1.537473833560942249e-01 4.895798146724699151e-01 2.339368021488189564e-01
-1.540073192119597589e-01 4.897686421871183526e-01 2.339030882716178761e-01
-1.541620230674741743e-01 4.899845898151395929e-01 2.338883957266807423e-01
-1.542765533924101429e-01 4.901859939098356378e-01 2.338132193684577809e-01
-1.543706393241880970e-01 4.903803646564481866e-01 2.337689480185508595e-01
-1.543287074565886097e-01 4.903677284717558038e-01 2.337200349569320545e-01
-1.546164488792418079e-01 4.909030079841611993e-01 2.336242130398750172e-01
-1.547396218776701526e-01 4.912679076194761407e-01 2.335603764653205738e-01
-1.547931170463560657e-01 4.914252638816830610e-01 2.335399395227432118e-01
-1.548017299175261097e-01 4.915085017681120050e-01 2.335403344035148487e-01
-1.531548833847044544e-01 4.921949386596677911e-01 2.334366744756698475e-01
-1.531513965129850940e-01 4.921949684619901788e-01 2.334374642372131214e-01
-1.518375909328459339e-01 4.929594576358793390e-01 2.335169693827628956e-01
-1.420275604724882679e-01 4.985217034816740167e-01 2.357621347904205189e-01
-1.316088771820067005e-01 5.039455771446226251e-01 2.404178684949874745e-01
-1.002089118957518177e-01 5.157115340232847345e-01 2.705843603610992298e-01
-9.216717243194566533e-02 5.167627215385435235e-01 2.838209798932075367e-01
-8.003515362739549444e-02 5.161419987678526056e-01 3.080279833078384266e-01
-7.429612040519700811e-02 5.138919234275816095e-01 3.303743532299995289e-01
-7.224977374076829717e-02 5.106024622917173517e-01 3.485201379656791554e-01
-7.189053654670701787e-02 5.071976959705351007e-01 3.616985535621642933e-01
-7.175293922424302862e-02 5.007448077201841485e-01 3.846399641036987171e-01
-7.234952211379985787e-02 4.996782720088957519e-01 3.899586653709411488e-01
-7.290199756622300908e-02 4.989231109619139404e-01 3.943942642211913929e-01
-7.289442777633653447e-02 4.973055005073546142e-01 4.062060421705245838e-01
-7.333052515983567998e-02 4.975311040878294677e-01 4.086018657684326039e-01
-7.366150975227342412e-02 4.972465813159941406e-01 4.133828735351562367e-01
-7.350555419921861455e-02 4.974823176860808105e-01 4.157305812835693226e-01
-7.337773203849784487e-02 4.981646418571469837e-01 4.181156909465789662e-01
-7.330403089523301885e-02 4.984763443469999999e-01 4.183082586526870594e-01
-7.283208131790147588e-02 4.985946595668791503e-01 4.200256770849227772e-01
-7.276010870933519170e-02 4.984648704528807373e-01 4.209627068042754994e-01
-7.267347335815416143e-02 4.987447738647459716e-01 4.221448010206222401e-01
-7.244706511497484014e-02 4.985664367675780029e-01 4.238763308525085316e-01
-7.250246763229356572e-02 4.987022459506987304e-01 4.250041848421096669e-01
-7.224187612533555791e-02 4.985761821269987792e-01 4.263982033729553089e-01
-7.249948740005479619e-02 4.988182961940764160e-01 4.280447518825530873e-01
-7.248634457588182256e-02 4.990076899528502197e-01 4.289542144536971913e-01
-7.236922144889817998e-02 4.987944543361662597e-01 4.300116455554962025e-01
-7.229182481765739077e-02 4.987695693969725341e-01 4.303732669353484974e-01
-7.202801465988145635e-02 4.986627876758574218e-01 4.314767575263976918e-01
-7.176965832710252569e-02 4.986963450908659667e-01 4.320028728246688710e-01
-7.156011819839463994e-02 4.988710761070250244e-01 4.324055916070937977e-01
-7.138833761215190865e-02 4.990239620208739013e-01 4.327984160184860096e-01
-7.118636727333055303e-02 4.993182003498076171e-01 4.333624994754791127e-01
-7.088181734085069463e-02 4.992548704147337646e-01 4.340179419517516957e-01
-7.082912683486924932e-02 4.994049549102781982e-01 4.344425803422927723e-01
-7.076001524925212838e-02 4.995974481105803222e-01 4.344913667440414295e-01
-7.063550114631644838e-02 4.996815502643583984e-01 4.351454830169677601e-01
-7.071018576621995733e-02 4.997213661670683593e-01 4.354595100879669056e-01
-7.028660535812364385e-02 4.999532580375670165e-01 4.356990611553192005e-01
-7.001832485198961065e-02 5.001466751098631036e-01 4.361209875345229969e-01
-6.991944074630723760e-02 5.001594603061674249e-01 4.362488842010497914e-01
-6.979358553886400029e-02 5.002971470355985772e-01 4.361788338422775135e-01
-6.968969464302049444e-02 5.003009617328642022e-01 4.362501060962676869e-01
-6.952453017234788701e-02 5.003965377807615411e-01 4.363080120086669789e-01
-6.902751684188829229e-02 5.007692754268644464e-01 4.362643814086913929e-01
-6.887713432311998174e-02 5.009296715259550226e-01 4.362542486190795765e-01
-6.882337093353263491e-02 5.010026574134824884e-01 4.363244181871414051e-01
-6.881547331809984014e-02 5.010044753551481378e-01 4.363266384601592884e-01
-6.887656807899461553e-02 5.009587585926054132e-01 4.363731002807617054e-01
-6.898391604423509404e-02 5.008772790431974542e-01 4.364492750167846546e-01
-6.911969542503343389e-02 5.007745504379270685e-01 4.364213204383849964e-01
-6.917411446571336553e-02 5.007333338260648858e-01 4.363603746891021595e-01
-6.919572114944444463e-02 5.007168531417844903e-01 4.363185918331146107e-01
-6.927666425704942510e-02 5.006526887416837823e-01 4.363085037469863758e-01
-6.928760170936570928e-02 5.006428539752958429e-01 4.362438476085662709e-01
-6.928748250007615850e-02 5.006380558013914239e-01 4.361850923299789295e-01
-6.928888320922838018e-02 5.006345689296720636e-01 4.361623978614806996e-01
-6.928477048873887822e-02 5.006326317787168634e-01 4.360655552148818836e-01
-6.929469466209398076e-02 5.006177306175230157e-01 4.360527849197387562e-01
