7.137679135788261853e-01 -1.082509299788996238e-01 1.129365999554610145e-01
7.133855072968363631e-01 -1.111193297538384250e-01 1.147033513791182457e-01
7.136900385670452707e-01 -1.081164161877706253e-01 1.135404047243722125e-01
7.135819055037826431e-01 -1.079864657506644510e-01 1.139996686722113406e-01
7.136525187502682499e-01 -1.080642378906755963e-01 1.135552458261444020e-01
7.133213230869204224e-01 -1.093216963458731317e-01 1.149444503588803457e-01
7.133145263878046816e-01 -1.110463358028456193e-01 1.150116145899451325e-01
7.137377900586188151e-01 -1.081737659980505639e-01 1.133150591006144570e-01
7.132886801653534059e-01 -1.092742870601117744e-01 1.152682206098898376e-01
7.137434938711851862e-01 -1.081677461373656834e-01 1.132279795976161019e-01
7.133635497848271889e-01 -1.093417747224046943e-01 1.149974987506323654e-01
7.134224708547324267e-01 -1.094484391542896451e-01 1.145753242226086321e-01
7.137429153590559849e-01 -1.082047493023350904e-01 1.132883784378162506e-01
7.137246338051587147e-01 -1.081375032886713328e-01 1.134211885029881017e-01
7.133333875413387926e-01 -1.110496263212486512e-01 1.150006800742675583e-01
7.133632238449066909e-01 -1.093345527444853915e-01 1.149954204537755320e-01
7.093335878024668029e-01 -1.040082986694797484e-01 1.417945062690639801e-01
7.135285391473025207e-01 -1.096658314696624670e-01 1.141820781170821419e-01
7.135775690437943242e-01 -1.096834359215497767e-01 1.140586086227255436e-01
7.095035841775954033e-01 -1.025475050326510873e-01 1.412160997717655242e-01
7.096167355375320174e-01 -1.027145266844480820e-01 1.406970997560945680e-01
7.133677137121587908e-01 -1.093623452080264569e-01 1.149599715128517552e-01
7.137485181165486026e-01 -1.081753532202318069e-01 1.133435398932822746e-01
7.137059958737850263e-01 -1.081516965711041833e-01 1.134748915372021383e-01
7.137042953630954312e-01 -1.080872262450158772e-01 1.135568580622718926e-01
7.090394301744550321e-01 -1.070387529817745098e-01 1.432166089936428577e-01
7.094725777350440188e-01 -1.042564767684005522e-01 1.412919519920925460e-01
7.129427775187522354e-01 -1.142172510933726626e-01 1.161239558146625050e-01
6.981977866674199396e-01 -1.021583332151286272e-01 1.721704565894361938e-01
6.979358120948702116e-01 -1.036570086522325962e-01 1.728996267926148356e-01
6.980141999001100439e-01 -1.036567758520208216e-01 1.726568968312482966e-01
6.980419859966695562e-01 -1.037577748182043069e-01 1.723663915563413696e-01
6.980790801754623853e-01 -1.021974493742138224e-01 1.723512734553278580e-01
6.978699619699224588e-01 -1.035687231762297267e-01 1.731932632508161873e-01
6.912707143992826708e-01 -9.493609997969487679e-02 1.982975158866193688e-01
6.912201556847170636e-01 -9.498352716447783228e-02 1.983076737771649611e-01
6.847165260278343935e-01 -8.810211399255696296e-02 2.229023075305178736e-01
6.846835565556481651e-01 -8.803544859777762133e-02 2.230419195811739197e-01
6.912449569233893865e-01 -9.497579082103069226e-02 1.982959880249783868e-01
6.845975774613066722e-01 -8.958922730454427219e-02 2.232382087447757346e-01
6.847698168308302691e-01 -8.814760720457509580e-02 2.227472431825046062e-01
6.912828087492928208e-01 -9.505364270538457783e-02 1.978036165280390168e-01
6.912618336566567212e-01 -9.498619749805325974e-02 1.978963553120702823e-01
6.912414534293398471e-01 -9.490278825850406719e-02 1.981484085472149381e-01
6.847093400452658463e-01 -8.802826676269992490e-02 2.229699955129560429e-01
6.914062491077169748e-01 -9.511803769804166864e-02 1.975320135303000324e-01
6.982651877719596722e-01 -1.023349771468453073e-01 1.716220000412103097e-01
6.984333440443202257e-01 -1.008992946319021144e-01 1.706145651680845976e-01
6.985185437936857200e-01 -1.010250029371119740e-01 1.703744342993143146e-01
6.984143949108376770e-01 -1.009031683213300612e-01 1.707268531546641821e-01
6.984162385017200769e-01 -1.009185475295297785e-01 1.707693018072320434e-01
6.983690562136635194e-01 -1.008463679565451687e-01 1.708566413218226554e-01
6.917058452419384551e-01 -9.387418108556794261e-02 1.961549593925904222e-01
6.752482439641743772e-01 -7.935175724001974906e-02 2.477802064010790062e-01
6.544392119933902796e-01 -7.986454957387595366e-02 2.448894815088802357e-01
6.298524100272894222e-01 -6.415565370704229275e-02 1.749112995405777138e-01
5.883322073602244018e-01 -5.895790843993387043e-03 2.300440615260175292e-01
5.655999684202283051e-01 4.771812722969059894e-02 2.275859290579482774e-01
5.910928315607562045e-01 8.854541109676666855e-02 2.110624250010630920e-01
6.169568558630585953e-01 1.341354951668679574e-01 1.938281833632855555e-01
6.200904529317214919e-01 1.831995903535932890e-01 1.985899272114000080e-01
6.220419482298313874e-01 1.987094772271513765e-01 1.899143082867054133e-01
6.175504996798023560e-01 1.891227690254003169e-01 1.964536631093629637e-01
5.770572296814195923e-01 1.787449895263090727e-01 2.949467837529959890e-01
5.208444375960591399e-01 1.734783340583591071e-01 3.092558084123326889e-01
4.703239646382898487e-01 1.676263786719143778e-01 2.875586633042050977e-01
3.940316424617871793e-01 1.888170765481144708e-01 3.584561428090460300e-01
3.147727748442798457e-01 2.209425141159891415e-01 3.988646117983953854e-01
2.367173059764444698e-01 2.655026524861455739e-01 4.483183129186958382e-01
1.515699168316722023e-01 3.125671106455326642e-01 4.477592378175914156e-01
9.354894055008894371e-02 3.485735358575582366e-01 4.828264323481199494e-01
4.961255865219826866e-02 3.676170627368093302e-01 4.495655641938447467e-01
8.310942727804304653e-03 3.795846040405035371e-01 3.672658617879507315e-01
2.076269257167573379e-02 3.796688302481769917e-01 4.691993034801484885e-01
-3.111723958069090301e-02 3.968109444726705126e-01 3.660742007962285438e-01
4.953299999999999925e-01 2.731419999999999959e-01 1.578349999999999920e+00
-4.961974783762690411e-02 3.981979668974279796e-01 3.301299947948455049e-01
-4.259096169279819044e-02 3.998504827845692500e-01 3.508516500057576870e-01
-3.695016201657053134e-02 4.018559917073846188e-01 3.675427632146954782e-01
-3.729377375520470661e-02 4.006347843773961914e-01 3.511687221747992194e-01
-3.989283530074372308e-02 4.019708217049836607e-01 3.336828265165865393e-01
-2.980213246533869320e-02 3.988736043049693758e-01 3.683633109749615553e-01
-2.506265157852172187e-02 3.974656252592801420e-01 3.846921532436726743e-01
1.355599419510356007e-03 3.772774370232224728e-01 4.207156115226864390e-01
-2.844251565899846845e-02 3.542635066210627626e-01 3.047487613806187934e-01
-1.039735869770053167e-02 2.832184357737302371e-01 1.812661899982810354e-01
4.522764521456962283e-02 1.972117009672522681e-01 1.632603991899488349e-01
1.551988066224933016e-01 8.700809169849754721e-02 2.015289036450176319e-01
2.218018486610651152e-01 2.828524895116690807e-02 1.972127306070177166e-01
3.994867964601233057e-01 -7.223239902384570588e-02 6.307517072724921903e-02
4.755849998656261346e-01 -9.900927020039035353e-02 4.484979437135061531e-02
5.445590612247489526e-01 -1.175313542670831102e-01 2.324386634169406385e-02
5.860460202585160427e-01 -1.042950570673346067e-01 9.134440040157132401e-02
6.082835708614527936e-01 -1.132197314163967961e-01 9.779896998288983845e-02
6.257242933627098491e-01 -1.031861288449093528e-01 1.302590420171789720e-01
6.470461722185164577e-01 -8.380897868465625455e-02 1.547902638160012501e-01
6.550094661341607782e-01 -9.967240736382454447e-02 1.338878435268320288e-01
6.593166541031807437e-01 -9.268127034141121490e-02 1.293113295756191938e-01
6.855891414436547926e-01 -8.946194465013590502e-02 1.313221083538913536e-01
7.144330555763959145e-01 -1.019958350188880924e-01 1.109360662604197412e-01
7.110407185852855028e-01 -9.220672255904971415e-02 1.362637643149584576e-01
7.074261625531137465e-01 -9.492410384697463899e-02 1.372837796568058266e-01
7.138927377537995778e-01 -1.066466956404223954e-01 1.124190901618042915e-01
7.060721318032056049e-01 -1.037284738734662315e-01 1.423645405934259589e-01
7.058336681344822283e-01 -1.069928127926625394e-01 1.425447849840795200e-01
7.055431438106939401e-01 -1.082811687498204112e-01 1.439810712536642168e-01
7.058590481529831706e-01 -1.069486534117087828e-01 1.424907644205666291e-01
7.061061358928159004e-01 -1.055434003384225217e-01 1.416133369375671691e-01
7.060231835116639321e-01 -1.054465750295407456e-01 1.418405397417146219e-01
7.061259228110968733e-01 -1.055882708782330259e-01 1.414911465988690775e-01
7.060686319609597028e-01 -1.055046637349985050e-01 1.417864334682594762e-01
7.058482256306291003e-01 -1.052835324439183040e-01 1.425928132747431576e-01
7.059753527825668451e-01 -1.054283028655909060e-01 1.418698493927788018e-01
6.994272639530331181e-01 -9.534575376363096932e-02 1.667849876736402503e-01
7.103718225633889327e-01 -1.096830628922581541e-01 1.129264926047042206e-01
7.103410988501370760e-01 -1.096269813483431999e-01 1.130385920809946487e-01
7.032506701633930435e-01 -1.022180053779333520e-01 1.402742408746078251e-01
7.032067411908358157e-01 -1.021962615508287819e-01 1.406491496698438759e-01
6.994455699097454904e-01 -9.535901663807033746e-02 1.667068515459420031e-01
7.059826840480460941e-01 -1.054446699274740884e-01 1.418614466075847069e-01
7.061941811783387646e-01 -1.039936737392656574e-01 1.411045890976394546e-01
7.063627820305049543e-01 -1.041599596959799090e-01 1.405434915244503369e-01
7.063156265755325958e-01 -1.041216330377160992e-01 1.406599981790586096e-01
7.063344159552722434e-01 -1.041281070094853267e-01 1.405839776617170411e-01
7.063122117343798578e-01 -1.040932598499096917e-01 1.406981321576061816e-01
7.062233202711865054e-01 -1.040028489878065954e-01 1.412605025669726455e-01
7.060254833141311748e-01 -1.054039420862383780e-01 1.421473819385741244e-01
7.061709590887174093e-01 -1.039548887429349033e-01 1.413219077104490573e-01
7.059683667548700692e-01 -1.053619350691251122e-01 1.422281738177160193e-01
7.059288200766846710e-01 -1.053274030546433870e-01 1.424472341414664278e-01
7.059829853726788951e-01 -1.054500397098995235e-01 1.420700044107068294e-01
7.062959545059933619e-01 -1.041231869168839919e-01 1.407018815148661783e-01
7.061531875700399752e-01 -1.039387919697127849e-01 1.413451862283849891e-01
7.059117423271968894e-01 -1.053224621826372998e-01 1.425728240615409259e-01
7.059463615610480636e-01 -1.053191682566329557e-01 1.423827919985243273e-01
7.060316378027409190e-01 -1.054849304629638662e-01 1.418839061831091986e-01
7.059662344802200007e-01 -1.054066389465108111e-01 1.420982458167365792e-01
7.060080000306486747e-01 -1.054406810683607421e-01 1.420976460040805911e-01
7.059207400969534918e-01 -1.053317106096967604e-01 1.424178828589193202e-01
7.058699308503360026e-01 -1.052823086415305975e-01 1.426273436389451366e-01
7.056595674843907373e-01 -1.066239127164706479e-01 1.439394826436615205e-01
7.059807632697299162e-01 -1.053923444609828342e-01 1.423108914378601320e-01
7.059092967172860833e-01 -1.053071915741264353e-01 1.427131791786282466e-01
7.060310072333931819e-01 -1.054816622198223586e-01 1.420697480318069417e-01
7.060158104917123589e-01 -1.054290508007816318e-01 1.421856522820765800e-01
7.060159596197127518e-01 -1.054351836099624573e-01 1.420226907393453697e-01
7.060260649771764596e-01 -1.055020569358132709e-01 1.419492919770490857e-01
7.059782272673189585e-01 -1.054230249567851829e-01 1.421061573500697062e-01
7.060594089635103821e-01 -1.055325850044414038e-01 1.417868111036530987e-01
7.059946204406977177e-01 -1.054235271860285983e-01 1.420348153095847277e-01
7.056478678395554649e-01 -1.067195415304191819e-01 1.437778724828573385e-01
7.058676806125685488e-01 -1.069945644844136901e-01 1.424397246557798091e-01
7.058654977393881147e-01 -1.069422538013569679e-01 1.425078147304650322e-01
7.055982450658857541e-01 -1.083283053485378233e-01 1.436051481723077394e-01
7.058620738717704679e-01 -1.069651714049726365e-01 1.424426294621288225e-01
7.056726640068515799e-01 -1.084130059428103365e-01 1.432828923247817521e-01
7.056192195670694112e-01 -1.083549424849971632e-01 1.435310059657477488e-01
7.057075760036244372e-01 -1.068057007152027893e-01 1.434757468307841233e-01
7.055726094649761304e-01 -1.083061741169019654e-01 1.437333587330513751e-01
7.058949059838190987e-01 -1.070664659958444620e-01 1.421791347322831633e-01
7.054517955074921520e-01 -1.081802166374958851e-01 1.442156649315182726e-01
7.055008851246983292e-01 -1.082142490502148724e-01 1.440697186259387585e-01
7.056607227009534800e-01 -1.067589731427430744e-01 1.432660484049081973e-01
7.054990108127414672e-01 -1.082470348501577417e-01 1.439717626196852507e-01
7.056291130970403502e-01 -1.083832003248370590e-01 1.433894844644205691e-01
7.058007279175698701e-01 -1.069308126763551803e-01 1.426051395495460117e-01
6.990132490736559179e-01 -9.823299217225983648e-02 1.685110914288656669e-01
7.057307741347804697e-01 -1.068512606367654771e-01 1.429380581459926969e-01
7.057404767357915443e-01 -1.068450280585586665e-01 1.429531830116881341e-01
7.057511463983296984e-01 -1.068433321282267756e-01 1.430073271141707458e-01
7.057822120947331301e-01 -1.069267575538381809e-01 1.426978696469507479e-01
7.055583169911980868e-01 -1.082983569468706775e-01 1.437219578247681540e-01
7.059655656758934139e-01 -1.055199134928881954e-01 1.420023125446303602e-01
7.055181696591407148e-01 -1.082537521084621090e-01 1.438124481525311360e-01
7.057991582793339269e-01 -1.069622989564500415e-01 1.425677163459893038e-01
7.055269583195448169e-01 -1.082562105650230477e-01 1.439151361614769975e-01
7.055610098872929781e-01 -1.083385517746731641e-01 1.436975188397606740e-01
7.057892671361312154e-01 -1.069360118367262413e-01 1.424647533422203072e-01
7.055962676667540956e-01 -1.066922151032387855e-01 1.437300102945997526e-01
7.054951331362292466e-01 -1.082313227363116415e-01 1.439395943014356583e-01
7.054485869371398543e-01 -1.081260271390936945e-01 1.442991760212151142e-01
7.058111978768393246e-01 -1.069454409792236493e-01 1.426189947998921514e-01
7.056190032057061412e-01 -1.083693761295415614e-01 1.434319149711700270e-01
7.054342053607358665e-01 -1.081440848661698317e-01 1.442049944954337803e-01
7.057757260124624121e-01 -1.068971038234978743e-01 1.427417034468070334e-01
7.055830949811920938e-01 -1.083077627818621047e-01 1.436075919323192007e-01
7.055000412494957240e-01 -1.081954628984108657e-01 1.440764894132249285e-01
7.054662807645648570e-01 -1.081584210288748515e-01 1.442293031721493257e-01
7.054813968064262975e-01 -1.081994852568395338e-01 1.440790294110465553e-01
7.055488151390134632e-01 -1.083228725716471330e-01 1.436662103373138599e-01
7.055078799998357741e-01 -1.082349285805188077e-01 1.440122190212766995e-01
7.055304592101514505e-01 -1.082824926419406752e-01 1.437535570847228161e-01
7.054989254318311254e-01 -1.082141771736330749e-01 1.440859975657837744e-01
7.055485535435392919e-01 -1.082839220479167586e-01 1.438456080762062772e-01
7.057617824049100541e-01 -1.069056057863868037e-01 1.426265358109939374e-01
7.055730180456996070e-01 -1.083183813330531042e-01 1.436363832172156130e-01
7.057214264654293467e-01 -1.068527143697254322e-01 1.430303179469463171e-01
7.055873569933042155e-01 -1.083165031497589914e-01 1.436451606372992629e-01
7.056553409436762125e-01 -1.067786663830727067e-01 1.431838093397126421e-01
7.055364666073322688e-01 -1.083000236349329071e-01 1.437201502418377075e-01
7.057348331440717049e-01 -1.068519409888088467e-01 1.429103385787948710e-01
7.057516687313929449e-01 -1.069049627062491625e-01 1.427525590937164246e-01
7.057235116858824320e-01 -1.068681526159233619e-01 1.428980349011454987e-01
7.056095669597000075e-01 -1.067419956383257595e-01 1.435744353979200305e-01
7.055046137134417528e-01 -1.082524347628243122e-01 1.438667786768261792e-01
7.057538315486029390e-01 -1.068945716040841654e-01 1.427848238987650120e-01
7.056218741362809688e-01 -1.083776698425337193e-01 1.434405857716984922e-01
7.057602885038137819e-01 -1.069137267663925472e-01 1.426803526031328317e-01
7.055053076238348986e-01 -1.082348442979492176e-01 1.438695531354341473e-01
7.054794174287318809e-01 -1.082195120839848368e-01 1.440528302461288046e-01
7.058339033006235663e-01 -1.069796073613427656e-01 1.423450989496823915e-01
7.055892742644905846e-01 -1.066904435892104819e-01 1.437799062362015157e-01
7.057433049509793666e-01 -1.069068734012394994e-01 1.428164163772045470e-01
7.059118533841043375e-01 -1.054240513306259897e-01 1.423531970479741116e-01
7.057784781768411397e-01 -1.069325339735522351e-01 1.425995176894614413e-01
7.056198757532536892e-01 -1.083842636687681327e-01 1.433807418648578302e-01
7.058535078693046749e-01 -1.053678776283301088e-01 1.424636210664453895e-01
7.058606387860894005e-01 -1.070685685917436847e-01 1.423902099536566990e-01
7.055881551129876694e-01 -1.083122438123300113e-01 1.436585819924018903e-01
7.055638560789272429e-01 -1.083460633132048434e-01 1.435675379543666086e-01
7.055844505443259473e-01 -1.083707592044509394e-01 1.435060839914816810e-01
7.059378360205739167e-01 -1.071256513912751673e-01 1.420387498104369595e-01
7.055334841445848326e-01 -1.082628174090198847e-01 1.438549391924957011e-01
7.055372407790825307e-01 -1.082816309567429247e-01 1.438368188583840634e-01
7.055477930174782752e-01 -1.083005333791858815e-01 1.437242585556732788e-01
7.054615635820403741e-01 -1.081837820391542970e-01 1.441283454041140111e-01
7.058400815418154339e-01 -1.070374797875806583e-01 1.423713900460441550e-01
7.054968116622180041e-01 -1.082272373349293382e-01 1.440345720927858064e-01
7.055239576849833272e-01 -1.082440195720829057e-01 1.438813286555771231e-01
7.057382742969557921e-01 -1.068945821418351705e-01 1.428498842206065156e-01
7.055005489785537431e-01 -1.082303134777284903e-01 1.440797459699112437e-01
7.056425586365818736e-01 -1.084385154224782877e-01 1.434334964360399756e-01
7.056532363852947576e-01 -1.084290090209618085e-01 1.433255985930033116e-01
7.055179599703073068e-01 -1.083126988284513481e-01 1.436834134783750994e-01
7.054777135077923145e-01 -1.082142076230421801e-01 1.440349669951148659e-01
7.055190227307438500e-01 -1.082531790231242574e-01 1.439188722642978924e-01
7.055253797865077559e-01 -1.082829640289880158e-01 1.439105173782515568e-01
7.054586010275706309e-01 -1.082080968981496971e-01 1.440934252279024719e-01
7.059175704458996448e-01 -1.071040717360041694e-01 1.421995980644341628e-01
7.055046196193203167e-01 -1.082524819714240083e-01 1.439633660119008507e-01
7.057737456137522791e-01 -1.069188119403309822e-01 1.427705448531184640e-01
7.055334252512663884e-01 -1.082941289229840121e-01 1.437768406921564601e-01
7.055361086702034434e-01 -1.082749360205046418e-01 1.439212061746903970e-01
7.057091637528121186e-01 -1.068829594427718743e-01 1.429905654786878255e-01
7.058575128006309152e-01 -1.070654805177151947e-01 1.422332691796734938e-01
7.059313118269443521e-01 -1.071364695735125827e-01 1.419484264336092760e-01
7.055821289456739587e-01 -1.083534156448208163e-01 1.435404120447170140e-01
7.055220776263713134e-01 -1.082861258658617820e-01 1.438339350485875467e-01
7.054929115844502663e-01 -1.082457763294018549e-01 1.439155915295484700e-01
7.058116205608486737e-01 -1.069795294621959103e-01 1.425460944206320413e-01
7.055781008380621611e-01 -1.083559937496333947e-01 1.436560786931724287e-01
7.055432482910766190e-01 -1.082859035026244587e-01 1.439141823777581042e-01
7.054424127704321812e-01 -1.081520132830217085e-01 1.442169095678051960e-01
7.057755909735128341e-01 -1.069452553429118824e-01 1.427223768552194905e-01
7.056520723173678178e-01 -1.084574374593645363e-01 1.431948494445220987e-01
7.056979132474974215e-01 -1.068322134311907035e-01 1.430743777729714949e-01
7.054347172454759063e-01 -1.081738814802355453e-01 1.441940397808971763e-01
7.054352940840855624e-01 -1.081796456124670125e-01 1.442730330331762900e-01
7.055272679356470178e-01 -1.082516057602725401e-01 1.439421713885078447e-01
7.057836726664483695e-01 -1.069408263623713995e-01 1.426516628197163072e-01
7.054437129317283617e-01 -1.081949202640354324e-01 1.442565561131208263e-01
7.054729301005169262e-01 -1.082237049774490423e-01 1.440293783839547981e-01
7.055274149174377563e-01 -1.082883353153876738e-01 1.438247853802958609e-01
7.055527753780082012e-01 -1.082957972141690428e-01 1.436460465278701637e-01
7.055850925733611057e-01 -1.083519602621756395e-01 1.435242154535318893e-01
7.055349052155047707e-01 -1.083091668447255795e-01 1.436886602098716992e-01
7.055492663968518929e-01 -1.082761234131566774e-01 1.437942236770775040e-01
7.055373801470086192e-01 -1.083282147498614845e-01 1.437332141141030029e-01
7.055464668098554437e-01 -1.083268188727534720e-01 1.436398580713498241e-01
7.057823982256695716e-01 -1.069436212180741030e-01 1.426569864131483900e-01
7.054963722685561045e-01 -1.082470231330357469e-01 1.438887652493709979e-01
7.055289945308476085e-01 -1.082697495454996162e-01 1.438004931337444336e-01
7.055246725159480814e-01 -1.082771296949199824e-01 1.439303024109774842e-01
7.055247694883436393e-01 -1.082503211902901552e-01 1.438582123282305947e-01
7.055915755725652438e-01 -1.083625811654626570e-01 1.434678215508089494e-01
7.058503660434694016e-01 -1.070201008462607906e-01 1.423110069920197063e-01
7.054307613725885329e-01 -1.081851239051930813e-01 1.441592854877451479e-01
7.054220329251438271e-01 -1.081637647975534078e-01 1.442884735478251468e-01
7.055076175936252358e-01 -1.082864811044111364e-01 1.437776930151914989e-01
7.058069941404715442e-01 -1.070028097634650455e-01 1.424322240736994871e-01
7.055270409521281483e-01 -1.083227652671187591e-01 1.437244363013610027e-01
7.054842727069899899e-01 -1.082429484858326019e-01 1.438939412510555904e-01
7.057982281886830966e-01 -1.069744195078424776e-01 1.425194964576987910e-01
7.055476055111840061e-01 -1.083503900025076794e-01 1.436551300545769738e-01
7.055040456122100290e-01 -1.082813907701819511e-01 1.438542362666233032e-01
7.054855878192499707e-01 -1.082682239924184775e-01 1.438116182134832055e-01
7.054026207980692575e-01 -1.081321719500272782e-01 1.443715275270565090e-01
7.054243318036272914e-01 -1.081728562768585755e-01 1.441969563371288121e-01
6.986411342589721185e-01 -1.010221840544454630e-01 1.698546906624776032e-01
7.055040739463045441e-01 -1.082734280046484532e-01 1.438434368065784064e-01
7.054692994956925922e-01 -1.082429187871329357e-01 1.440096253535594339e-01
7.054556968841865228e-01 -1.082514010086245149e-01 1.439686745496768783e-01
6.985820515297949118e-01 -1.009445716145708771e-01 1.703407939781031999e-01
7.054752456453665665e-01 -1.082379602777771566e-01 1.440518876747916011e-01
7.055559227554351054e-01 -1.083447862108126158e-01 1.436288043654894153e-01
7.058516059220939498e-01 -1.070594580786302097e-01 1.421299919483012264e-01
7.055211719832032990e-01 -1.082931171491071654e-01 1.436849122407251045e-01
7.054214403595433502e-01 -1.081903331684135328e-01 1.442036568194833279e-01
6.985683261445835290e-01 -1.009377480213604628e-01 1.701871474712770560e-01
7.055386986000851124e-01 -1.083577271938510056e-01 1.435741110741395321e-01
7.054992626570553149e-01 -1.082968784073143897e-01 1.437527061018437635e-01
7.054623282165393139e-01 -1.082217151289097679e-01 1.440640192427915522e-01
7.055102749322696987e-01 -1.082678690336085769e-01 1.438602202005732078e-01
7.057421342597767211e-01 -1.069278455740176326e-01 1.426801916390563196e-01
6.986179098574132329e-01 -1.010015651003941528e-01 1.699707176986955393e-01
6.986268331285745425e-01 -9.942457646667951510e-02 1.700886200908555690e-01
6.986171778333365445e-01 -1.009919378481506924e-01 1.699873768800765905e-01
6.990398971309617071e-01 -9.829767251854015786e-02 1.682775682792234662e-01
6.986865321773334525e-01 -9.947963999618963937e-02 1.698641572520973586e-01
6.986735425170764735e-01 -9.949240571248901821e-02 1.698841390465783974e-01
6.985333104872539778e-01 -1.009402543795145935e-01 1.702212362210544505e-01
6.986200384324595669e-01 -9.940719914527607060e-02 1.701074946025193935e-01
6.986190346548795116e-01 -1.010393530357032721e-01 1.699378445474488686e-01
7.054864457079574880e-01 -1.082728738945610281e-01 1.439152567807646665e-01
6.986792401287957865e-01 -9.948908089951796763e-02 1.698568203166763713e-01
6.987182879726215878e-01 -9.952698211020599706e-02 1.698058856434305763e-01
7.056877351517856223e-01 -1.068486444035991467e-01 1.429336985726659126e-01
7.055402057576700692e-01 -1.083211662088073846e-01 1.436848765650231563e-01
7.055751688267514199e-01 -1.083787182598449084e-01 1.435290935421096314e-01
7.055116183783083361e-01 -1.082835609392896470e-01 1.436688495852029845e-01
6.985851649670182795e-01 -1.009742365698217959e-01 1.701628401151269454e-01
6.986837589470550336e-01 -9.946947350812324062e-02 1.699334003489334499e-01
7.055321146373614294e-01 -1.083105202351323793e-01 1.436423400690296504e-01
6.986728878543332355e-01 -9.946498758373784055e-02 1.699984865408534773e-01
7.057333085603624268e-01 -1.069288270609006219e-01 1.426846417253724297e-01
7.055290490572259099e-01 -1.083280267626382520e-01 1.437078327959764312e-01
7.054954728582560897e-01 -1.083165596390142649e-01 1.437930987740685396e-01
6.986158715297773325e-01 -1.010488073298819178e-01 1.698966798294234692e-01
7.054161293140351896e-01 -1.081612115910276506e-01 1.442413381966183294e-01
6.988573702899366635e-01 -9.968894870120281748e-02 1.689046956887498840e-01
6.985716617830023401e-01 -9.933478472494705613e-02 1.703338260923619174e-01
6.985833642100960361e-01 -9.939445793217421832e-02 1.703262813628210193e-01
6.986313833821922170e-01 -9.942895540255308751e-02 1.700091689997211830e-01
6.989251753918722665e-01 -9.818578265587613041e-02 1.686709449674008710e-01
6.985278128202349057e-01 -9.932119643349196503e-02 1.704071396119364312e-01
6.989422565907672524e-01 -9.816056418901308867e-02 1.685751074699681773e-01
6.984920544712558410e-01 -9.928232699554040419e-02 1.705918117508133935e-01
6.986526524771407010e-01 -9.946280612741037475e-02 1.699853900440688736e-01
6.986294803012833565e-01 -9.943851998248320889e-02 1.700369474329437303e-01
6.986943708712071155e-01 -9.950858076044916123e-02 1.698076595464124150e-01
6.985894743316217737e-01 -1.009846615477389964e-01 1.700033932611171306e-01
6.986283646365225586e-01 -9.942617233124373399e-02 1.701075789606452116e-01
6.985650173179254185e-01 -1.009769292484260506e-01 1.701300682355122440e-01
6.985397661479398890e-01 -1.009352677433900669e-01 1.702629977748910672e-01
6.985532657982319593e-01 -1.009534796746894281e-01 1.702148442953697050e-01
6.985585796214088816e-01 -1.009517856412939230e-01 1.701443718341599798e-01
6.988919222866832870e-01 -9.812450959183272037e-02 1.688400495098725251e-01
6.986306111245930150e-01 -1.010567327007501626e-01 1.698595764771446692e-01
6.986123569873914363e-01 -9.941586670508606449e-02 1.702302369607475718e-01
6.986537195485517104e-01 -9.948671918737511666e-02 1.700182909920657792e-01
6.986280078843817298e-01 -1.010346544341557129e-01 1.698442120862764249e-01
6.986173626863241282e-01 -9.943850481032578958e-02 1.699765335909850794e-01
6.921210215921357323e-01 -9.108103455142302352e-02 1.945449655080970786e-01
6.986029453424931202e-01 -9.942635259556770189e-02 1.700383045298099471e-01
7.025401479072809208e-01 -1.049061260263844941e-01 1.431611888129240562e-01
6.917360841960698004e-01 -9.220404406034193867e-02 1.961863126461764750e-01
6.985344024083748327e-01 -1.009577606254107862e-01 1.700774084628002836e-01
6.917950806375816608e-01 -9.227983688466617762e-02 1.960179682304252768e-01
6.985796692283481324e-01 -9.938453438507760529e-02 1.702446755231195041e-01
6.985537893711328827e-01 -9.936910139752175297e-02 1.703188776468747001e-01
6.988197048304571890e-01 -9.809411444547394554e-02 1.690360940844277682e-01
6.956915800758765034e-01 -9.768541837841637765e-02 1.694320453683753058e-01
6.988572419918492873e-01 -9.814909143331268515e-02 1.688582534900855414e-01
6.988578918752252900e-01 -9.812771168117961906e-02 1.689119946766233227e-01
6.985006062773571056e-01 -9.931364932020381175e-02 1.704876723836517005e-01
6.988199870651722323e-01 -9.808466714966296296e-02 1.690321796396851983e-01
6.918227961121589109e-01 -9.229366818577794396e-02 1.958944309248633608e-01
6.985808306192532458e-01 -9.940291908261544851e-02 1.701387521320791851e-01
6.988542257670060653e-01 -9.812235464918234173e-02 1.689253587064931672e-01
6.984857059049829342e-01 -1.009264424302018792e-01 1.702424909106661222e-01
6.984575227634266525e-01 -1.008860482065044306e-01 1.703681017877085591e-01
6.984613732568919486e-01 -9.924312827852360686e-02 1.707447878710328659e-01
6.985214675212159108e-01 -9.935907853792974587e-02 1.703573606857080591e-01
6.918270024116084382e-01 -9.230435983030121916e-02 1.959164729618532164e-01
7.025732242759644697e-01 -1.049482339190765945e-01 1.430222179882443267e-01
6.988161899178251257e-01 -9.967854040054602294e-02 1.688927967506597128e-01
7.025947342266380957e-01 -1.049768418563007955e-01 1.429631825845807391e-01
7.026019380655527113e-01 -1.065848034281581813e-01 1.428134278037445082e-01
6.984504937580868766e-01 -1.008295028594172749e-01 1.706165784519988460e-01
6.985247703806281017e-01 -9.933175240044295196e-02 1.704585253640069631e-01
6.988602412978589529e-01 -9.814287242849911719e-02 1.688474367511281216e-01
6.985473510903745797e-01 -1.009570988290234839e-01 1.700928111096344786e-01
6.987418794541419009e-01 -9.958830717708910818e-02 1.692294867408639103e-01
6.986142486118956940e-01 -9.941065711997076892e-02 1.700885378900747202e-01
6.984612136139705107e-01 -1.008604373943992050e-01 1.704673848257560742e-01
6.985486650540649878e-01 -9.933033460029211392e-02 1.703466630155274775e-01
6.985706819365188336e-01 -9.936622860733784757e-02 1.702693465640345849e-01
6.986340113928719564e-01 -9.944805913212517723e-02 1.700700398463543817e-01
6.985150021481886240e-01 -1.008897987069375946e-01 1.703496979367633557e-01
6.985399196239798769e-01 -1.009427290046960302e-01 1.702226576179235451e-01
6.985256377644405434e-01 -9.932777133605252828e-02 1.703661853169400331e-01
6.918158619219243466e-01 -9.225611070254441382e-02 1.960252899757326528e-01
7.055038689540520380e-01 -1.082951684408820503e-01 1.436755593440657286e-01
6.987533318789437287e-01 -9.958716436566034114e-02 1.692683446858491703e-01
6.986039610472842831e-01 -9.939616961015385055e-02 1.702508275696823503e-01
6.985159822819561048e-01 -1.008686170194297849e-01 1.704606723082568998e-01
6.988991697866693276e-01 -9.814019834976267509e-02 1.688900005543190197e-01
6.985912546020537350e-01 -1.010208607018664440e-01 1.700329511605687127e-01
6.985954243596389501e-01 -9.940291094831749108e-02 1.701789102203485893e-01
6.986186882737025483e-01 -9.945486040951678763e-02 1.700343122279557306e-01
6.987660560816139066e-01 -9.962568972413982094e-02 1.691720891169303798e-01
6.918581593772397120e-01 -9.230597379601368502e-02 1.957325797047724247e-01
6.986044138795270975e-01 -9.941319743381066276e-02 1.700729076690283836e-01
6.917853015152096718e-01 -9.224608551267537981e-02 1.962108600273035908e-01
6.985768322270020647e-01 -1.009844167496673495e-01 1.700430723866919180e-01
6.921194928261399371e-01 -9.105857683841883654e-02 1.944960325405731272e-01
6.988198356623783747e-01 -9.807544709287951967e-02 1.691605911240892102e-01
6.985678785416036263e-01 -1.009707626853659779e-01 1.701134611092456339e-01
6.985490688559889971e-01 -9.933517401294406080e-02 1.704171314661160341e-01
6.985798565475374033e-01 -1.010079646042957857e-01 1.699752277555739433e-01
6.985777672211378464e-01 -9.937719133668387883e-02 1.703407419035485315e-01
6.986778875108122788e-01 -9.949119279661028381e-02 1.697894663123524772e-01
6.985550963923752299e-01 -1.009609685087948794e-01 1.701806891789510168e-01
7.025541986046880405e-01 -1.049391306486725517e-01 1.431129637400256893e-01
6.985777006518602006e-01 -9.939161796240508773e-02 1.702370798699215371e-01
6.989207441422655709e-01 -9.819436442155010658e-02 1.687221647253069889e-01
7.055427190606593513e-01 -1.083566048098802415e-01 1.435110775066494870e-01
6.988847781228184619e-01 -9.813996275845909834e-02 1.687660459670088375e-01
6.985991135404333585e-01 -1.010066973102129451e-01 1.699729402903664699e-01
6.985544230456709469e-01 -9.936602635012564688e-02 1.702748226685362187e-01
6.985509142296730811e-01 -9.934429942388828261e-02 1.704123174988523282e-01
6.986788480449109828e-01 -9.949432468045499300e-02 1.698766396782704913e-01
6.985120610084161186e-01 -1.009243509651161497e-01 1.703754680682856293e-01
6.984891127172291325e-01 -1.009125134046003347e-01 1.703185062487162504e-01
6.987154046691015363e-01 -9.949174886067585488e-02 1.698221576627807483e-01
6.989307071720778364e-01 -9.815625946564221493e-02 1.686024515467188234e-01
6.917632574149161773e-01 -9.392940084433548664e-02 1.958070382308139123e-01
6.917422301710813848e-01 -9.395049903451646589e-02 1.958991609092226582e-01
6.986477413815304072e-01 -9.950199133813003582e-02 1.695909158290294094e-01
6.956801729075714480e-01 -9.763494044994186494e-02 1.694601093660745850e-01
7.021931802358567509e-01 -1.079592183083221135e-01 1.444144596592880081e-01
6.884303714649810946e-01 -9.503602423591533954e-02 1.966887752158996694e-01
6.951765969878405116e-01 -1.021615790938585899e-01 1.709173590234338569e-01
6.953758087972462532e-01 -1.007242839340716234e-01 1.703791970194770133e-01
6.951983445909186710e-01 -1.022476356587372348e-01 1.707293782788481540e-01
6.948910468451872102e-01 -1.035745335497147979e-01 1.719235155431169115e-01
6.850942206782295596e-01 -9.613328327137599105e-02 1.976093443295987573e-01
6.786917651885970848e-01 -8.925870747705172414e-02 2.221488142775807084e-01
6.785501324338615303e-01 -8.925978061316158785e-02 2.225439400984041693e-01
6.756856592023641195e-01 -8.930856065589931614e-02 2.215268255753344295e-01
6.753670678296058716e-01 -9.046681689250463121e-02 2.229663920777067432e-01
6.757436500991865769e-01 -8.937936387873063326e-02 2.213219327249305035e-01
6.791159170450433713e-01 -9.613019769964736838e-02 1.958977108861814642e-01
6.791057305694714330e-01 -9.612180645978818383e-02 1.957951441410603621e-01
6.757794353410140342e-01 -8.933882565407075260e-02 2.213126269125367251e-01
6.818577497485682759e-01 -9.592000965341551666e-02 1.975205418378649380e-01
6.757664060944914564e-01 -8.931553296066069292e-02 2.212639432255081307e-01
6.854094647022143105e-01 -1.029064718138538170e-01 1.712641570308934824e-01
6.819352677426546716e-01 -9.594862928009773029e-02 1.974424589508152472e-01
6.794983760502845138e-01 -9.320205520202962113e-02 1.946239707459442858e-01
6.822612914178520782e-01 -9.474049455063787706e-02 1.957203077702425187e-01
6.819544844129070693e-01 -9.591087129452446902e-02 1.973816392674292430e-01
6.821376480148926280e-01 -9.618493426989388473e-02 1.964460186663108399e-01
6.821449400143235753e-01 -9.619532582842560409e-02 1.966755827689339320e-01
6.787596290016992828e-01 -8.947912947915120929e-02 2.216782756607602600e-01
6.786940511303484191e-01 -8.940069668656580593e-02 2.220174321138590479e-01
6.849530076131999934e-01 -9.782084198652207796e-02 1.976648967626317699e-01
6.884538686655148343e-01 -1.047021221204958441e-01 1.718272723801668178e-01
6.787604406505227672e-01 -8.953055146490029870e-02 2.216732967608170402e-01
6.850666044755563400e-01 -9.636278459164870913e-02 1.972562058985070088e-01
6.884944537101119755e-01 -1.047187741752489964e-01 1.716504277373633869e-01
6.850607762477264329e-01 -9.632628191706910092e-02 1.972480477178293334e-01
6.884578373353510417e-01 -1.046484714565426577e-01 1.718259751418469428e-01
6.821775868536636978e-01 -9.625030330869183137e-02 1.964648841631886356e-01
6.786969090340807531e-01 -8.937907876158129872e-02 2.219689805429669871e-01
6.821497464415803291e-01 -9.621660725286229621e-02 1.964502867263178132e-01
6.849509850933461763e-01 -9.613720474623138612e-02 1.978798889755100099e-01
6.848633996787414357e-01 -9.763345125481109887e-02 1.981758298753586445e-01
6.787474608076438098e-01 -8.950303557775540764e-02 2.217337530606817708e-01
6.849565457516521017e-01 -9.770245535070443132e-02 1.976811543691254780e-01
6.850114023873865587e-01 -9.620447536374621134e-02 1.977135631576314445e-01
6.786778436114370150e-01 -8.934914786359665628e-02 2.220737262728751382e-01
6.795213041080727656e-01 -9.324864401752125387e-02 1.944936057163897392e-01
6.858856412547185144e-01 -1.002262697815633485e-01 1.692986507505600535e-01
6.819866857878580380e-01 -9.439600244812290653e-02 1.972055476406719965e-01
6.759242556198894469e-01 -8.778990156660970712e-02 2.208467952709958215e-01
6.858824563581645828e-01 -1.001969440552666346e-01 1.694001282341981440e-01
6.819230762451291561e-01 -9.430156563412395165e-02 1.975602596100158870e-01
6.820972598179773083e-01 -9.448923084781685189e-02 1.966496558848853660e-01
6.821867523754939766e-01 -9.301725902219493136e-02 1.964931694589349132e-01
6.858093361034751645e-01 -1.001097974561899751e-01 1.695703171508802232e-01
6.859036981680513012e-01 -1.002786440666690315e-01 1.690222645661672018e-01
6.822421004191532301e-01 -9.311618490953366134e-02 1.960356743933315826e-01
6.821733552650317556e-01 -9.454731673425059713e-02 1.963008118202322905e-01
6.858337608644187178e-01 -1.017295218865498230e-01 1.695097273145207417e-01
6.822751818663478351e-01 -9.465064705067127715e-02 1.959483217850930270e-01
6.786732946647986431e-01 -8.930451512834053363e-02 2.220458336282813416e-01
6.787069959072947745e-01 -8.938548317272210220e-02 2.218452572147360247e-01
6.786305782646074869e-01 -8.926472290120646136e-02 2.224666177147234247e-01
6.849151586497410626e-01 -9.603075225669516213e-02 1.981325973304974841e-01
6.786172464433253282e-01 -8.920083398968725596e-02 2.225047577110610408e-01
6.822432559969648924e-01 -9.466631780226153481e-02 1.961959225377480909e-01
6.786987456726163437e-01 -8.932074414160096065e-02 2.221201659480833701e-01
6.849831848372712750e-01 -9.609515971616278129e-02 1.979300655531857078e-01
6.849170432202771330e-01 -9.602834909651047912e-02 1.981897466436031152e-01
6.786363668869539456e-01 -8.924466787276791324e-02 2.224478626025718775e-01
6.788682155744895086e-01 -8.799666431302205494e-02 2.213476907281863859e-01
6.848750760788827607e-01 -9.593607524785396912e-02 1.984009583727581738e-01
6.786484252202078515e-01 -8.924408567424491068e-02 2.223266978001179339e-01
6.849300549270391780e-01 -9.598797306737300028e-02 1.981463624344617092e-01
6.786108792204111895e-01 -8.915328200381245072e-02 2.225320162318162875e-01
6.785653270644128598e-01 -8.909379513299464648e-02 2.227320877809375599e-01
6.785903814640372733e-01 -8.910986705340440128e-02 2.227619180719049297e-01
6.790176720612808303e-01 -8.652156868014110325e-02 2.209837230638551642e-01
6.788665223948061600e-01 -8.790084168806666653e-02 2.215167599044440827e-01
6.815600214654460309e-01 -8.933690579458697378e-02 2.228443773611348266e-01
6.789335106271013887e-01 -8.801007279298822539e-02 2.209984715342532269e-01
6.823487273885503468e-01 -9.474588038011261260e-02 1.957831622605372690e-01
6.786915766028359664e-01 -8.924354060120504029e-02 2.222820383283641288e-01
6.788700001814722551e-01 -8.787258686139437502e-02 2.215036859555041815e-01
6.814789131302803060e-01 -8.918080951989443284e-02 2.232452356308796126e-01
6.786651041589171207e-01 -8.918340812366459813e-02 2.224247872517608471e-01
6.786669298253774629e-01 -8.919944746093444454e-02 2.224162868027523832e-01
6.815105360898225939e-01 -8.920899684291327958e-02 2.231505358086873780e-01
6.815446857489645405e-01 -8.932473522803185961e-02 2.230366780252754921e-01
6.788507510762140651e-01 -8.781576285017650418e-02 2.215955967463683063e-01
6.786638638134763202e-01 -8.918730583887912733e-02 2.224267044287169259e-01
6.816328098069474040e-01 -8.940226232915743365e-02 2.227543688253845744e-01
6.815843703188061431e-01 -8.928409642261264656e-02 2.232133376400589064e-01
6.816552924458310070e-01 -8.942136488998303490e-02 2.227713068603296431e-01
6.816375090010076132e-01 -8.942636121285701956e-02 2.226112194487399609e-01
6.816930332937582993e-01 -8.946822576529905868e-02 2.224112119434815682e-01
6.815642626956119887e-01 -8.933241200760377865e-02 2.230433566836509396e-01
6.816065007071360204e-01 -8.937374826216321066e-02 2.227635290666396539e-01
6.815632873997896635e-01 -8.930460049951816082e-02 2.230795471857762724e-01
6.815900867389023121e-01 -8.930926164586838745e-02 2.228358344252661105e-01
6.815191937884896856e-01 -8.921937553703779278e-02 2.233008136688516831e-01
6.815732914701372325e-01 -8.932408708146211129e-02 2.230387722459121758e-01
6.849694262839958192e-01 -9.606731641519439258e-02 1.980404482160287305e-01
6.819570549547790961e-01 -8.660720038994396131e-02 2.215317354518748783e-01
6.882587802229747087e-01 -9.659787502147626492e-02 1.971922697837980021e-01
6.816860526030406042e-01 -8.949041549536213003e-02 2.223506402879324995e-01
6.816815599596515174e-01 -8.951509461859985528e-02 2.223358226782048419e-01
6.816817122580394184e-01 -8.780938355254747085e-02 2.228204902679020716e-01
6.880237080903499614e-01 -9.623111794596161950e-02 1.984038080319099340e-01
6.880710993336498493e-01 -9.628088548207280883e-02 1.982610054105669040e-01
6.816998678234666986e-01 -8.784944516250492441e-02 2.226897096555902067e-01
6.815787383775457897e-01 -8.924494586728881629e-02 2.231064067494752390e-01
6.880018894916937189e-01 -9.618139612808451755e-02 1.983877242730793800e-01
6.881541129149377767e-01 -9.638332564924650958e-02 1.978369861176951794e-01
6.880781379979789003e-01 -9.630214477674658990e-02 1.980632468227312426e-01
6.815340796219214736e-01 -8.926880326796693410e-02 2.229461924371283210e-01
6.852318253533720149e-01 -9.470432906129211403e-02 1.969735534164942514e-01
6.816221958970323236e-01 -8.939012401391188689e-02 2.227104364110823465e-01
6.816524510370463030e-01 -8.934819346519556893e-02 2.227475501271152236e-01
6.817082764943733775e-01 -8.945981589620932706e-02 2.223832737499364942e-01
6.819169357908353435e-01 -8.661523068320375884e-02 2.215449577206427545e-01
6.816388918267428654e-01 -8.941981762242318110e-02 2.227587587215034137e-01
6.814840047504260312e-01 -8.923954032083969423e-02 2.234829368752191403e-01
6.816150900967343773e-01 -8.939361576285581590e-02 2.226339371506538267e-01
6.816280837803050385e-01 -8.944003696871172249e-02 2.225722983150799639e-01
6.816204769374341055e-01 -8.937271949280051198e-02 2.226386651416161211e-01
6.816025128457829929e-01 -8.935333932198208373e-02 2.227116885734210516e-01
6.850659602685630345e-01 -9.452685331692539661e-02 1.976504314815110686e-01
6.786550830503687015e-01 -8.919516605589167257e-02 2.224819207334416404e-01
6.786969846590682476e-01 -8.926443607581779904e-02 2.221646985886405190e-01
6.848803883185594632e-01 -9.589528937014935028e-02 1.984590886204853355e-01
6.817073260335683171e-01 -8.949266242967540697e-02 2.222973148814930688e-01
6.815591075290367007e-01 -8.936197329495476627e-02 2.229526735649327573e-01
6.850187986494645775e-01 -9.603109520449865100e-02 1.979158752068783667e-01
6.815303373341887738e-01 -8.935344663255656572e-02 2.229375991375677213e-01
6.849248940011173348e-01 -9.594536789978291846e-02 1.982301646328397116e-01
6.850926692843988253e-01 -9.457182789539170242e-02 1.974650501915382605e-01
6.848967919532478188e-01 -9.591859298308191839e-02 1.982940076885715275e-01
6.849401951196447680e-01 -9.594292558251693581e-02 1.981282612709420743e-01
6.787183703031286486e-01 -8.925127842330560224e-02 2.220858399236673719e-01
6.788895068520054421e-01 -8.790793670288099548e-02 2.213666926673489854e-01
6.850954886766612573e-01 -9.457955857948213696e-02 1.973835393355063417e-01
6.816204775926828496e-01 -8.784457970616965650e-02 2.227343278819584604e-01
6.787184118437186164e-01 -8.766706824568282208e-02 2.223759042598043578e-01
6.788660062275231333e-01 -8.787733787880092073e-02 2.214590242311171853e-01
6.851838310981601676e-01 -9.470148423014573824e-02 1.969137973039327694e-01
6.754522557060181898e-01 -8.278938457299017672e-02 2.462505805593573349e-01
6.852370321277543308e-01 -9.476103280284625674e-02 1.966790523093280285e-01
6.786604459194719441e-01 -8.913267223333565248e-02 2.224652656383909743e-01
6.852042887484028899e-01 -9.475230675425000415e-02 1.967951946171242472e-01
6.850120313114732573e-01 -9.443425992313769779e-02 1.980574032606252644e-01
6.754522937956646267e-01 -8.278629160045453128e-02 2.462707381302404741e-01
6.851073766625299655e-01 -9.460599231115351948e-02 1.973130321704539281e-01
6.790164146940603773e-01 -8.650349024943637666e-02 2.210980034643317271e-01
6.849960655613630545e-01 -9.601344838492564815e-02 1.979907183694897821e-01
6.850083605268268983e-01 -9.600788269659876750e-02 1.978943867560192249e-01
6.851098811054363580e-01 -9.456179300447925540e-02 1.975084271586518003e-01
6.849600292304530713e-01 -9.591221571597829954e-02 1.981754336264642813e-01
6.852119271537780998e-01 -9.469869227060678796e-02 1.969543355873257795e-01
6.850245181812748552e-01 -9.604950433373071750e-02 1.978187341405506228e-01
6.815535676334172344e-01 -8.931290304898464871e-02 2.229551937109373050e-01
6.816497965373083945e-01 -8.948412857700510648e-02 2.224449604643714551e-01
6.815973740604952535e-01 -8.936434712700913607e-02 2.226571093634712728e-01
6.815455540706619741e-01 -8.930908005111293235e-02 2.229308052262846118e-01
6.816716874804988890e-01 -8.946008161032570349e-02 2.224257688858035653e-01
6.815904447144597311e-01 -8.934000755399468252e-02 2.229055327998383795e-01
6.816094557668566090e-01 -8.937034339659666315e-02 2.227245754948741219e-01
6.816461097670480918e-01 -8.942893911203370072e-02 2.225514175940510597e-01
6.786410792083918952e-01 -8.909211758394536274e-02 2.226327129250420533e-01
6.816162429060503847e-01 -8.939498004190249425e-02 2.226561671510201013e-01
6.849294981777980240e-01 -9.594618869077037315e-02 1.982711482164072336e-01
6.817252966902465072e-01 -8.953228660482165369e-02 2.221648101383253415e-01
6.816195020768076596e-01 -8.937119479922200904e-02 2.226273832446015177e-01
6.852260827237590668e-01 -9.313181156976146902e-02 1.971172176520865627e-01
6.815793381325856437e-01 -8.776762755229694513e-02 2.229932814085762161e-01
6.815092429127589391e-01 -8.921683570829402887e-02 2.231752548240335532e-01
6.816566189275115040e-01 -8.945162889458235789e-02 2.224985430935650932e-01
6.848917866857840986e-01 -9.586712967663629792e-02 1.983239149332622908e-01
6.849678452779128790e-01 -9.597289041207351934e-02 1.981320924745018086e-01
6.816178806758805830e-01 -8.938387207328152284e-02 2.225693096314762531e-01
6.816647056957513273e-01 -8.946435481403020029e-02 2.225087922491943981e-01
6.816563765493481863e-01 -8.943574003347010137e-02 2.225186955499134367e-01
6.815130612635627028e-01 -8.926549504661934753e-02 2.231426109390142187e-01
6.816325490140036081e-01 -8.939949017233772555e-02 2.225691139330947532e-01
6.815124437223880616e-01 -8.929072082036731972e-02 2.230071676376743639e-01
6.816091030424491493e-01 -8.937598502863569605e-02 2.228482399483737719e-01
6.815775780628026137e-01 -8.933749145504832345e-02 2.228308563293157629e-01
6.851147079883068702e-01 -9.617687084567549949e-02 1.974653195077882284e-01
6.816221523929089088e-01 -8.937843704628944952e-02 2.226470073733910482e-01
6.815949718292548809e-01 -8.937919636943564283e-02 2.227752347578177972e-01
6.852482730867192062e-01 -9.472657514857124594e-02 1.969326712328824946e-01
6.816093053624421305e-01 -8.936183540662373526e-02 2.227030074747853305e-01
