4.381962084770204546e-01 4.991258859634400413e-01 3.352699583768844471e-01
4.381962084770204546e-01 4.991258859634400413e-01 3.352699583768844471e-01
4.381962084770204546e-01 4.991258859634400413e-01 3.352699583768844471e-01
4.381962084770204546e-01 4.991258859634400413e-01 3.352699583768844471e-01
4.381962084770204546e-01 4.991258859634400413e-01 3.352699583768844471e-01
4.381962382793428423e-01 4.991257667541504905e-01 3.352699583768844471e-01
4.381962382793428423e-01 4.991257667541504905e-01 3.352699583768844471e-01
4.381962382793428423e-01 4.991257667541504905e-01 3.352699583768844471e-01
4.381962084770204546e-01 4.991258859634400413e-01 3.352699583768844471e-01
4.381962084770204546e-01 4.991258859634400413e-01 3.352699583768844471e-01
4.381962084770204546e-01 4.991258859634400413e-01 3.352699583768844471e-01
4.381962084770203436e-01 4.991258859634400413e-01 3.352699583768844471e-01
4.381962084770204546e-01 4.991258859634400413e-01 3.352699583768844471e-01
4.381962084770204546e-01 4.991258859634400413e-01 3.352699583768844471e-01
4.381962084770204546e-01 4.991258859634400413e-01 3.352699583768844471e-01
4.381962382793428423e-01 4.991257667541504905e-01 3.352699583768844471e-01
4.381962084770204546e-01 4.991258859634400413e-01 3.352699583768844471e-01
4.381962084770204546e-01 4.991258859634400413e-01 3.352699583768844471e-01
4.381962084770204546e-01 4.991258859634400413e-01 3.352699583768844471e-01
4.381962084770204546e-01 4.991258859634400413e-01 3.352699583768844471e-01
4.381962084770203436e-01 4.991258859634400413e-01 3.352699583768844471e-01
4.381962084770204546e-01 4.991258859634400413e-01 3.352699583768844471e-01
4.381962084770204546e-01 4.991258859634400413e-01 3.352699583768844471e-01
4.381962084770204546e-01 4.991258859634400413e-01 3.352699583768844471e-01
4.381962084770204546e-01 4.991258859634401523e-01 3.352699583768844471e-01
4.381962084770204546e-01 4.991258859634400413e-01 3.352699583768844471e-01
4.381962084770204546e-01 4.991258859634400413e-01 3.352699583768844471e-01
4.381962084770204546e-01 4.991258859634400413e-01 3.352699583768844471e-01
4.381962084770204546e-01 4.991258859634400413e-01 3.352699583768844471e-01
4.381962084770204546e-01 4.991258859634400413e-01 3.352699583768844471e-01
4.381962084770204546e-01 4.991258859634400413e-01 3.352699583768844471e-01
4.381962084770204546e-01 4.991258859634400413e-01 3.352699583768844471e-01
4.381962084770204546e-01 4.991258859634401523e-01 3.352699583768844471e-01
4.381962084770204546e-01 4.991258859634400413e-01 3.352699583768844471e-01
4.381962084770204546e-01 4.991258859634400413e-01 3.352699583768844471e-01
4.381962084770204546e-01 4.991258859634400413e-01 3.352699583768844471e-01
4.381962084770204546e-01 4.991258859634400413e-01 3.352699583768844471e-01
4.381962084770204546e-01 4.991258859634400413e-01 3.352699583768844471e-01
4.381962084770204546e-01 4.991258859634400413e-01 3.352699583768844471e-01
4.381962084770204546e-01 4.991258859634400413e-01 3.352699583768844471e-01
4.381962084770204546e-01 4.991258859634400413e-01 3.352699583768844471e-01
4.381962084770204546e-01 4.991258859634400413e-01 3.352699583768844471e-01
4.381962084770204546e-01 4.991258859634400413e-01 3.352699583768844471e-01
4.381962084770204546e-01 4.991258859634400413e-01 3.352699583768844471e-01
4.381962084770204546e-01 4.991258859634400413e-01 3.352699583768844471e-01
4.381962084770204546e-01 4.991258859634400413e-01 3.352699583768844471e-01
4.381962084770204546e-01 4.991258859634400413e-01 3.352699583768844471e-01
4.381962084770204546e-01 4.991258859634400413e-01 3.352699583768844471e-01
4.381962084770204546e-01 4.991258859634400413e-01 3.352699583768844471e-01
4.381962084770204546e-01 4.991258859634400413e-01 3.352699583768844471e-01
4.381962084770204546e-01 4.991258859634400413e-01 3.352699583768844471e-01
4.381962084770204546e-01 4.991258859634400413e-01 3.352699583768844471e-01
4.381962084770204546e-01 4.991258859634400413e-01 3.352699583768844471e-01
4.381962084770204546e-01 4.991258859634400413e-01 3.352699583768844471e-01
4.381962084770204546e-01 4.991258859634400413e-01 3.352699583768844471e-01
4.381962084770204546e-01 4.991258859634400413e-01 3.352699583768844471e-01
4.381962084770204546e-01 4.991258859634400413e-01 3.352699583768844471e-01
4.381962084770204546e-01 4.991258859634400413e-01 3.352699583768844471e-01
4.381962084770204546e-01 4.991258859634400413e-01 3.352699583768844471e-01
4.381962084770204546e-01 4.991258859634400413e-01 3.352699583768844471e-01
4.381962084770204546e-01 4.991258859634400413e-01 3.352699583768844471e-01
4.381962084770204546e-01 4.991258859634400413e-01 3.352699583768844471e-01
4.381962084770203436e-01 4.991258859634400413e-01 3.352699583768844471e-01
4.381962084770204546e-01 4.991258859634400413e-01 3.352699583768844471e-01
4.381962084770204546e-01 4.991258859634400413e-01 3.352699583768844471e-01
4.381962084770204546e-01 4.991258859634400413e-01 3.352699583768844471e-01
4.381962084770204546e-01 4.991258859634400413e-01 3.352699583768844471e-01
4.381962084770204546e-01 4.991258859634400413e-01 3.352699583768844471e-01
4.381962084770203436e-01 4.991258859634400413e-01 3.352699583768844471e-01
4.381962084770204546e-01 4.991258859634400413e-01 3.352699583768844471e-01
4.382015654444696429e-01 4.979719996452332542e-01 3.352562940120696888e-01
4.390127325057985308e-01 4.925758719444275902e-01 3.343955805897712574e-01
4.399765917658807757e-01 4.687317788600922630e-01 3.296209505200385914e-01
4.368718826770784380e-01 4.324903666973115013e-01 3.209152078628539906e-01
4.337324762344362261e-01 4.113184690475464866e-01 3.146270295977592335e-01
4.235709869861604693e-01 3.738406181335450218e-01 2.975637844204902516e-01
4.102912434935572783e-01 3.468643009662629173e-01 2.761571338772773609e-01
3.969528341293337426e-01 3.317256748676300493e-01 2.557570120692252980e-01
3.904738949239256462e-01 3.277076959609985796e-01 2.463562569022178517e-01
3.799955362081530175e-01 3.251101851463318315e-01 2.294733828306197987e-01
3.718709984421732506e-01 3.265531539916992632e-01 2.164839363098144398e-01
3.651526571810247979e-01 3.303682684898376909e-01 2.048066785931587086e-01
3.594138847291472039e-01 3.330588221549988237e-01 1.940997770428657121e-01
3.571803086996080956e-01 3.355927348136902300e-01 1.892420059442520008e-01
3.534584121406081358e-01 3.381762981414795366e-01 1.810405334830283985e-01
3.513607877865436158e-01 3.414303541183472124e-01 1.748334212601184712e-01
3.501198581978681168e-01 3.426952242851257768e-01 1.718147104978561268e-01
3.484687089547517380e-01 3.444275438785553423e-01 1.672739243507385121e-01
3.477197668142619214e-01 3.467424690723419634e-01 1.655748715996742115e-01
3.407636539521629038e-01 3.660338997840881792e-01 1.585660359263419972e-01
3.387093626987190964e-01 3.730232894420624223e-01 1.545063114166259910e-01
3.369414875376971485e-01 3.775954723358154741e-01 1.475305265188217030e-01
3.365108605101706507e-01 3.742603540420532671e-01 1.451196303963661061e-01
3.369687866978349766e-01 3.542128384113312212e-01 1.419990888237953053e-01
3.374508271552624783e-01 3.388303399085998979e-01 1.420040434598922596e-01
3.378115302510562024e-01 3.213921070098877397e-01 1.429824537038802967e-01
3.384490249771627268e-01 2.894953966140747514e-01 1.461416339874267445e-01
3.387467054743322770e-01 2.748611450195312944e-01 1.487431159615516529e-01
3.389150387700649025e-01 2.515957236289978471e-01 1.538339412212371693e-01
3.388885188940915505e-01 2.341416358947754350e-01 1.578792041540145741e-01
3.389858107874172966e-01 2.210492968559265581e-01 1.605794957280158863e-01
3.393043701397258083e-01 2.162624478340149370e-01 1.613740852475166188e-01
3.392975030327218811e-01 2.076659083366394487e-01 1.628169274330139027e-01
3.391947804810482303e-01 2.044787883758545366e-01 1.631792789697646961e-01
3.393966586189347545e-01 2.028477668762207475e-01 1.633190071582794056e-01
3.397571237036030034e-01 2.005164504051208940e-01 1.658116734027862416e-01
3.398461504583250581e-01 1.992542028427124468e-01 1.670967346429824696e-01
3.398851165291856269e-01 1.982723951339722124e-01 1.679396635293960438e-01
3.398960645170885364e-01 1.954621553421020952e-01 1.697243756055831776e-01
3.403062516043431351e-01 1.942681550979614702e-01 1.708837008476257191e-01
3.404149527812844744e-01 1.929185867309570757e-01 1.717070794105529652e-01
3.404997687065045575e-01 1.908292055130005327e-01 1.729081949591636524e-01
3.403670408041219453e-01 1.895416855812073198e-01 1.723688250780105458e-01
3.403539954486771713e-01 1.878142833709717241e-01 1.714020824432372914e-01
3.402763279480862657e-01 1.878383040428162065e-01 1.704463964700698719e-01
3.398632323113273124e-01 1.866100311279297319e-01 1.688492974638938771e-01
3.398935937765057425e-01 1.869298696517944780e-01 1.662808662652969227e-01
3.397924787458035389e-01 1.870247006416321245e-01 1.648652410507202015e-01
3.394567383546385209e-01 1.868497014045715776e-01 1.631860142946243153e-01
3.393076351238417665e-01 1.870707154273987260e-01 1.625197535753249989e-01
3.389889556309211294e-01 1.872722983360290971e-01 1.601885712146759178e-01
3.388465124042707721e-01 1.869000077247620073e-01 1.590306317806243763e-01
3.388584903767335454e-01 1.864788413047790971e-01 1.577333143353462086e-01
3.386697925487536232e-01 1.863142728805542436e-01 1.565284809470176564e-01
3.387330967560413519e-01 1.859648704528809038e-01 1.560818260908126698e-01
3.388296341616663931e-01 1.853977918624879484e-01 1.551451241970062123e-01
3.389036532351749620e-01 1.856368064880371538e-01 1.544444790482520924e-01
3.391674729390072862e-01 1.852202296257019487e-01 1.531533157825469837e-01
3.392869606940079330e-01 1.843884468078613725e-01 1.524764379858970509e-01
3.394370201602581183e-01 1.841077685356140581e-01 1.511530658602714405e-01
3.396076233801434974e-01 1.835713863372803178e-01 1.505041724443435536e-01
3.398107035644356011e-01 1.834577798843384233e-01 1.498410260677337791e-01
3.401135646889454911e-01 1.831179738044739214e-01 1.493661931157111988e-01
3.402402669197184260e-01 1.829708099365234819e-01 1.492077788710594044e-01
3.403056988352912704e-01 1.828763365745544878e-01 1.489336943626403675e-01
3.405775868776257376e-01 1.826818466186523882e-01 1.485201722383499012e-01
3.406678784266117810e-01 1.824819922447205034e-01 1.482605493068694935e-01
3.408305826922881643e-01 1.823086619377136675e-01 1.481701067090034352e-01
3.410342681780460516e-01 1.821043968200684038e-01 1.480602926015853749e-01
3.410601287940520088e-01 1.820709586143494096e-01 1.478852188587188587e-01
3.411701305629688541e-01 1.820361495018005815e-01 1.474432131648063526e-01
3.411958240065726677e-01 1.818596601486206499e-01 1.473698249459266529e-01
3.410709376074376742e-01 1.814542889595032182e-01 1.471326804161071367e-01
3.411490294709804694e-01 1.813426494598389116e-01 1.469578152894973622e-01
3.411919559910896460e-01 1.811621069908142534e-01 1.466055592894554005e-01
3.410602561524140874e-01 1.810634016990662065e-01 1.462599715590476857e-01
3.410908455587926547e-01 1.812412023544311968e-01 1.459448641538619862e-01
3.411349084088581840e-01 1.812900781631470171e-01 1.452373942732810841e-01
3.410607207659634987e-01 1.815475702285767046e-01 1.444869345426559315e-01
3.410726733598861138e-01 1.813713788986206499e-01 1.443630462884902821e-01
3.411081817792731008e-01 1.808867931365967241e-01 1.442271551489829884e-01
3.410911175049844424e-01 1.808121085166931596e-01 1.438189601898193226e-01
3.410544375982137999e-01 1.804522752761841264e-01 1.438388159871101246e-01
3.409723699186000268e-01 1.804848194122314897e-01 1.434912687540054188e-01
3.409470926015641390e-01 1.805169463157654253e-01 1.432536995410919056e-01
3.409487739298495690e-01 1.804440498352051225e-01 1.431571772694587574e-01
3.409015488903972546e-01 1.803684711456299272e-01 1.427384397387504444e-01
3.408333072764802019e-01 1.799768686294556108e-01 1.424838012456893788e-01
3.408387317648160497e-01 1.796738982200623003e-01 1.424994623661041127e-01
3.408450383320453803e-01 1.794499635696411577e-01 1.425135961174964772e-01
3.407460426422770361e-01 1.789914846420288530e-01 1.421111977100372181e-01
3.407500770734625539e-01 1.788069486618042436e-01 1.419786742329597062e-01
3.407512229494753520e-01 1.789305090904236284e-01 1.417526459693908558e-01
3.407265604217539767e-01 1.787787556648254839e-01 1.415273776650428639e-01
3.407105239783416728e-01 1.786442875862122026e-01 1.414249992370605336e-01
3.406537012523043195e-01 1.787344098091125932e-01 1.412199443578719960e-01
3.405576323019343654e-01 1.785416483879089800e-01 1.410144349932670460e-01
3.426151731144639889e-01 1.780426383018494096e-01 1.402393138408660755e-01
3.454041747935119311e-01 1.775272369384766069e-01 1.397719836235046253e-01
3.469993231445553938e-01 1.773476481437683550e-01 1.396278297901153709e-01
3.484116989746692816e-01 1.783139586448669878e-01 1.388087353110313282e-01
3.490787177905443350e-01 1.786875009536743608e-01 1.383774584531783924e-01
3.498465625196698348e-01 1.787888288497925249e-01 1.378304815292358265e-01
3.504207657277587096e-01 1.792654871940613237e-01 1.376091769337653981e-01
3.512243182957175969e-01 1.781946301460266557e-01 1.377321189641952381e-01
3.521970539912584464e-01 1.772135376930237260e-01 1.378658270835876332e-01
3.526207927241924445e-01 1.769118189811706987e-01 1.379625356197357045e-01
3.538485822826626381e-01 1.761497735977173296e-01 1.377383476495742665e-01
3.543612306565049330e-01 1.762784600257873979e-01 1.376234447956085072e-01
3.545908221602442900e-01 1.760520815849304643e-01 1.376293531060218678e-01
3.551388067752126454e-01 1.757341504096985307e-01 1.375257676839828358e-01
3.552980880811813513e-01 1.759391903877258745e-01 1.373236632347106800e-01
3.557805830240252654e-01 1.757694959640503374e-01 1.371402820944785939e-01
3.564136234670880476e-01 1.740912675857544389e-01 1.374088084697723255e-01
3.573605475574734847e-01 1.720627427101135698e-01 1.379441848397254811e-01
3.577589002996686141e-01 1.717507719993591753e-01 1.380788540840148793e-01
3.583150395751003026e-01 1.707725405693054643e-01 1.383158794045448448e-01
3.584877328574659905e-01 1.700011372566223589e-01 1.385375416278838978e-01
3.585830742120745263e-01 1.694620728492737260e-01 1.386651775240897722e-01
3.591867426037791411e-01 1.682433962821959783e-01 1.389120823144912309e-01
3.593963479250672499e-01 1.675429821014404741e-01 1.390264114737510548e-01
3.597980888187888304e-01 1.665018081665039507e-01 1.392594134807586537e-01
3.600143419206145445e-01 1.657525181770325151e-01 1.395493155717849598e-01
3.602569756656888167e-01 1.646699786186218706e-01 1.399903228878974781e-01
3.604422771930697600e-01 1.638517260551453081e-01 1.402915722131728993e-01
3.608027772605422179e-01 1.622658848762512651e-01 1.408973640203475819e-01
3.608555366843941847e-01 1.620970249176025835e-01 1.409521406888961659e-01
3.610654754191640059e-01 1.605747222900391069e-01 1.416007137298583574e-01
3.614444361627104918e-01 1.597183823585510698e-01 1.419043770432472096e-01
3.617036977410319487e-01 1.590680360794067827e-01 1.422582945227622853e-01
3.619800323247912566e-01 1.577613830566406694e-01 1.429041182994842396e-01
3.622713183611633858e-01 1.571968078613281694e-01 1.432145690917968617e-01
3.623382916301491896e-01 1.567146658897400346e-01 1.435257798433303700e-01
3.624897861480715910e-01 1.563784956932068315e-01 1.438080376386642323e-01
3.627338392287495772e-01 1.558071851730347124e-01 1.443129336833953724e-01
3.627979905903342961e-01 1.558719754219056730e-01 1.445031321048736439e-01
3.629215379804375807e-01 1.558408617973328081e-01 1.447197651863098011e-01
3.629475572705272435e-01 1.559663891792297807e-01 1.447857326269149647e-01
3.630229441076520125e-01 1.557292222976685014e-01 1.449872112274169789e-01
3.630990741401913802e-01 1.554076552391052690e-01 1.452770015597343312e-01
3.632672840356829802e-01 1.554654121398926225e-01 1.452839305996894703e-01
3.634830752015116850e-01 1.548542857170105425e-01 1.458725339174270497e-01
3.635536023974421660e-01 1.548587560653686968e-01 1.463058298826217518e-01
3.638090902566912810e-01 1.542946577072143999e-01 1.467990285158157215e-01
3.638948259502652327e-01 1.542802929878235307e-01 1.468759483098983631e-01
3.640598134696486632e-01 1.540676832199097124e-01 1.471193885803222523e-01
3.642303404957059065e-01 1.536801338195801225e-01 1.475486165285110340e-01
3.644290679693225066e-01 1.536692261695862260e-01 1.479060357809066639e-01
3.644766511023047606e-01 1.535890579223633257e-01 1.479346236586570607e-01
3.646195401996377150e-01 1.538013100624084917e-01 1.479011631011962757e-01
3.647768610715868554e-01 1.540298342704773393e-01 1.479808545112609452e-01
3.647821640223267714e-01 1.543635010719299760e-01 1.479648059606551991e-01
3.647820857912305037e-01 1.543773889541626421e-01 1.479625558853149281e-01
3.648217042535546462e-01 1.543467521667480913e-01 1.480509793758392201e-01
3.648205084353688399e-01 1.544757366180421476e-01 1.479229038953780995e-01
3.649026417732241789e-01 1.543106913566589800e-01 1.480917564034461842e-01
3.649558873474601506e-01 1.541605472564697710e-01 1.484889096021652088e-01
3.649413643032315413e-01 1.541622161865234819e-01 1.486285632848739768e-01
3.650281132757666747e-01 1.535203337669373003e-01 1.489636009931564198e-01
3.650992309302094618e-01 1.534107208251953569e-01 1.490193313360214100e-01
3.651020677387717406e-01 1.531311154365539995e-01 1.492441302537917958e-01
3.652021625638011137e-01 1.531612753868103471e-01 1.492389595508575306e-01
3.652791251987221877e-01 1.529369235038757768e-01 1.494960343837737904e-01
3.653034736961129347e-01 1.530905246734619585e-01 1.495227521657943592e-01
3.654482701420787016e-01 1.527418971061706987e-01 1.497704243659973011e-01
3.655492422729733626e-01 1.522900342941284624e-01 1.501449054479598866e-01
3.655899373441937050e-01 1.521038293838501421e-01 1.502846932411193714e-01
3.655966894328596672e-01 1.519841432571411577e-01 1.503750091791152821e-01
3.656302487105134169e-01 1.517374992370605913e-01 1.504893755912780628e-01
3.656530512124303023e-01 1.511688113212585893e-01 1.507528728246688710e-01
3.656979074329140822e-01 1.510264158248901811e-01 1.507978370785713063e-01
3.657015004754069487e-01 1.508709073066711870e-01 1.508142805099487171e-01
3.657563274353745619e-01 1.500334620475769487e-01 1.510464853048324452e-01
3.659674470871689955e-01 1.490895628929138628e-01 1.514295494556426869e-01
3.660339342057707945e-01 1.483920097351074663e-01 1.517295247316360340e-01
3.661098183691504637e-01 1.473666906356811968e-01 1.521455055475234852e-01
3.663058561831715743e-01 1.461382389068603960e-01 1.526286011934280262e-01
3.663078920543196837e-01 1.456042408943176714e-01 1.527828282117843495e-01
3.663606160879138152e-01 1.453268408775330034e-01 1.528791418671607838e-01
3.664352541416886488e-01 1.451604247093201128e-01 1.528446382284164295e-01
3.665315808355811278e-01 1.446599841117859331e-01 1.530168583989143238e-01
3.665781097114089171e-01 1.445803523063660112e-01 1.530350452661514149e-01
3.666417805105451344e-01 1.445106744766235796e-01 1.530454909801483021e-01
3.667387609928849379e-01 1.443393707275391069e-01 1.531190654635429249e-01
3.667903655767443816e-01 1.441838026046753374e-01 1.531552380323409901e-01
3.668582981079819838e-01 1.437740802764893022e-01 1.532600378990173207e-01
3.669266832619907936e-01 1.434933423995972124e-01 1.532945266366004811e-01
3.670639229565861861e-01 1.433481454849243608e-01 1.531950539350509510e-01
3.670998273044827620e-01 1.433176875114441362e-01 1.531839823722839222e-01
3.670605646073820671e-01 1.430859446525574175e-01 1.532091355323791371e-01
3.670329378545287846e-01 1.428799510002137785e-01 1.531776344776153709e-01
3.669480105489494881e-01 1.427898883819580522e-01 1.530450886487960682e-01
3.670068999379876296e-01 1.425635695457458940e-01 1.528349897265434132e-01
3.670173996686939000e-01 1.427030444145203081e-01 1.524979776144027577e-01
3.670344261080029646e-01 1.426389694213867632e-01 1.520922935009002552e-01
3.671624308079483590e-01 1.422140479087830034e-01 1.521316623687744007e-01
3.672943954914811293e-01 1.416637182235718218e-01 1.521297103166580067e-01
3.673517537862065474e-01 1.414817452430725542e-01 1.521369224786758290e-01
3.674572577327492873e-01 1.411006927490234819e-01 1.519988483190536366e-01
3.676041328907015959e-01 1.405793905258179155e-01 1.521314388513564930e-01
3.677338586747649352e-01 1.405317664146423784e-01 1.520945659279823170e-01
3.678480201959613005e-01 1.402096033096313921e-01 1.519974476099014149e-01
3.678921350836756865e-01 1.399791121482849565e-01 1.520052409172057972e-01
3.679763359576466719e-01 1.393746018409729448e-01 1.521692207455634938e-01
3.680975773930552641e-01 1.389723300933838335e-01 1.521912223100662098e-01
3.681708501279357115e-01 1.386269807815552202e-01 1.522646850347518788e-01
3.682596629112961928e-01 1.382967710494995561e-01 1.523827320337295399e-01
3.684255109727385680e-01 1.380321860313415971e-01 1.523641204833984242e-01
3.684816641360524336e-01 1.379429578781128374e-01 1.522951132059097157e-01
3.686880861967805623e-01 1.373965620994568315e-01 1.523892512917518482e-01
3.688945790380242507e-01 1.371284604072571245e-01 1.524581319093704090e-01
3.689332885295155684e-01 1.370209336280823198e-01 1.525359159708022938e-01
3.689283376187089125e-01 1.369605541229248491e-01 1.525326079130172596e-01
3.697107324004176299e-01 1.311834931373596635e-01 1.509905612468719349e-01
3.700403684377673308e-01 1.277863264083862749e-01 1.484417772293090687e-01
3.700175547599795500e-01 1.243135809898376909e-01 1.410376882553100453e-01
3.699104750156406163e-01 1.231253027915955034e-01 1.313853418827057029e-01
3.697665037214759032e-01 1.230716586112976518e-01 1.263195878267288075e-01
3.695340009033682982e-01 1.241292238235474077e-01 1.167416280508041249e-01
3.692819663882258019e-01 1.263580799102783647e-01 1.076464211940764970e-01
3.690172230452301583e-01 1.287808895111084428e-01 9.960581421852110484e-02
3.689549920707944075e-01 1.317078351974487749e-01 9.287999629974363902e-02
3.688865994662049452e-01 1.331660628318787065e-01 8.970518469810484508e-02
3.688110990077260176e-01 1.342765569686890093e-01 8.742454707622526744e-02
3.687719164043668507e-01 1.352867960929872160e-01 8.555877268314360240e-02
3.688649946451190154e-01 1.374342918395997648e-01 8.098453342914579967e-02
3.686587812006476561e-01 1.399345278739928533e-01 7.585732698440547650e-02
3.686439768970015129e-01 1.405629396438599077e-01 7.469230949878691295e-02
3.686563169211152236e-01 1.415995240211487260e-01 7.275538206100462535e-02
3.686734849214556853e-01 1.418803811073302557e-01 7.206666529178618052e-02
3.686810509860518614e-01 1.425293564796448198e-01 7.068330109119413951e-02
3.686770612001422087e-01 1.429978489875793901e-01 6.978611707687376597e-02
3.686954026669266860e-01 1.429912924766540971e-01 6.935228466987608531e-02
3.686794863641265629e-01 1.430655598640442339e-01 6.859870314598082164e-02
3.686767724901440779e-01 1.430687785148621050e-01 6.827519893646238902e-02
3.687047848105433623e-01 1.430025577545166460e-01 6.803964138031004527e-02
3.687129785865548293e-01 1.432158231735229936e-01 6.762118697166441539e-02
3.687050995975735823e-01 1.438260555267334428e-01 6.673105120658873179e-02
3.687158321589234511e-01 1.439037799835204412e-01 6.639798045158382123e-02
3.687076290696862380e-01 1.443892598152162199e-01 6.573100447654722789e-02
3.687031028419736067e-01 1.447967171669005682e-01 6.498473942279814342e-02
3.687341736257079283e-01 1.446819782257080522e-01 6.481428503990172008e-02
3.687467092275621972e-01 1.446836471557617632e-01 6.460872352123259166e-02
3.687542678415778319e-01 1.447499275207519975e-01 6.415855944156645396e-02
3.687271644920113722e-01 1.446242213249208097e-01 6.404091477394102672e-02
3.687220887839797179e-01 1.446379303932190385e-01 6.387889444828032115e-02
3.687253893911841551e-01 1.447034358978271928e-01 6.366245508193968394e-02
3.687400558590892552e-01 1.447061181068420854e-01 6.344282686710356334e-02
3.687434179335835616e-01 1.448780179023743120e-01 6.321296155452726939e-02
3.687588723003867308e-01 1.448370695114136186e-01 6.317989587783812144e-02
3.687869963794950245e-01 1.447742462158203569e-01 6.310419797897340310e-02
3.687836752831938902e-01 1.448965549468994585e-01 6.296151936054228404e-02
3.687948511540892760e-01 1.450251221656799760e-01 6.273149013519285777e-02
3.687955757230523268e-01 1.452684879302978960e-01 6.233120024204252818e-02
3.687852138280871550e-01 1.454714417457581010e-01 6.204836130142210582e-02
3.687814009934666792e-01 1.455712199211121050e-01 6.189151167869566539e-02
3.685729784518483876e-01 1.458015918731689897e-01 6.155626535415648082e-02
3.682098669558767079e-01 1.459182381629945402e-01 6.137621462345121959e-02
3.680880630016329924e-01 1.462082147598267046e-01 6.084369182586668590e-02
3.680902739614251296e-01 1.463912606239319292e-01 6.056104660034178355e-02
3.680015263706448714e-01 1.469102978706360307e-01 5.982330501079557994e-02
3.679248524457219283e-01 1.468561768531799760e-01 5.968608021736143687e-02
3.679008336365225951e-01 1.469476699829102007e-01 5.947414100170134166e-02
3.678974380344155470e-01 1.470306396484375444e-01 5.927138090133665660e-02
3.678912764042618910e-01 1.471354246139526811e-01 5.906565546989439586e-02
3.678917253017428557e-01 1.469798564910889116e-01 5.905424118041990855e-02
3.679267784208062331e-01 1.466387987136841264e-01 5.916859269142149547e-02
3.679523245990279356e-01 1.463431596755981889e-01 5.926980137825010875e-02
3.679772449284794966e-01 1.464220166206360307e-01 5.919888675212858775e-02
3.680161891132596175e-01 1.462459444999695268e-01 5.920894503593443492e-02
3.680507188290360610e-01 1.460128307342529741e-01 5.927853345870970347e-02
3.680677974224093596e-01 1.460862040519714800e-01 5.915300607681273082e-02
3.680854143202307860e-01 1.460435271263123003e-01 5.908140599727629283e-02
3.682993316650393645e-01 1.461809754371643510e-01 5.854754209518431285e-02
3.674086259305480717e-01 1.463774323463440385e-01 5.846419990062712291e-02
3.642013148963454405e-01 1.456208705902100053e-01 6.085503160953520396e-02
3.589553871750834624e-01 1.452609181404114214e-01 6.551715791225432017e-02
3.414987301547083298e-01 1.457584977149963823e-01 8.234904766082762340e-02
3.285048121213915429e-01 1.472744822502136675e-01 9.385100066661830609e-02
2.905134150385859648e-01 1.579149842262268510e-01 1.190471357107162342e-01
2.653399670124056975e-01 1.695594072341919389e-01 1.304312950372695790e-01
1.704641097784044546e-01 2.233623743057250310e-01 1.575695952773094044e-01
1.355479770898821712e-01 2.454197883605956365e-01 1.648603385686874534e-01
6.935414314270044178e-02 2.941551089286803533e-01 1.782798922061920033e-01
4.044341683387780995e-02 3.185139477252959539e-01 1.837485811114311085e-01
-8.355710506438962515e-03 3.622831881046293945e-01 1.932368358969688282e-01
-2.986574530601482369e-02 3.820912420749663085e-01 1.972330963611602650e-01
-6.441873669624303966e-02 4.132685542106627197e-01 2.049246883392333851e-01
-8.961028218269329049e-02 4.391456127166746826e-01 2.102515852451324330e-01
-9.990811705589275338e-02 4.488458514213560235e-01 2.128317958116531239e-01
-1.075997388362882612e-01 4.562182903289793146e-01 2.147872900962829179e-01
-1.266907191276547828e-01 4.758629381656644952e-01 2.200099161267280445e-01
-1.348860597610472278e-01 4.840147078037260187e-01 2.224036610126495228e-01
-1.390053963661192493e-01 4.883929967880247247e-01 2.238017401099204884e-01
-1.467357909679411487e-01 4.984270513057706964e-01 2.262623465061187611e-01
-1.507263815402983265e-01 5.031639814376829278e-01 2.278038790822028981e-01
-1.517398393154142933e-01 5.043164968490598810e-01 2.283658614754676686e-01
-1.538791096210478382e-01 5.060293853282926690e-01 2.297242960333824024e-01
-1.540019845962523060e-01 5.061272859573362481e-01 2.305163374543189869e-01
-1.545785701274870472e-01 5.063667476177213800e-01 2.311956590414047108e-01
-1.502531504631041126e-01 5.085736393928526056e-01 2.326491555571555958e-01
-1.502770817279814319e-01 5.085766196250913751e-01 2.326727962493896351e-01
-1.484558916091917591e-01 5.069275975227354181e-01 2.323457753658294545e-01
-1.366205251216887073e-01 5.091476321220397283e-01 2.339812225103378440e-01
-1.164232528209684925e-01 5.145636975765226495e-01 2.453310048580169545e-01
-9.578639626502977178e-02 5.177576124668119562e-01 2.668553000688552723e-01
-8.128810286521898076e-02 5.189309298992155206e-01 2.926929226517677174e-01
-7.200160980224595830e-02 5.181249856948850763e-01 3.158365345001220570e-01
-6.924346446990953252e-02 5.169244885444639337e-01 3.257963886857032643e-01
-6.715843439102159307e-02 5.129293382167814386e-01 3.439267805218696461e-01
-6.592300891876207158e-02 5.079894542694090021e-01 3.593332251906394825e-01
-6.556231141090385073e-02 5.059982120990751397e-01 3.657148039340972767e-01
-6.535703301429734990e-02 5.014687955379484308e-01 3.788404321670532093e-01
-6.585154294967637822e-02 4.991762518882750244e-01 3.890086120367050038e-01
-6.629178285598741338e-02 4.984190344810484619e-01 3.933178788423538075e-01
-6.687692165374736764e-02 4.966884136199951061e-01 4.010354733467101918e-01
-6.700474381446824834e-02 4.959063112735747070e-01 4.039375042915344105e-01
-6.694227814674363897e-02 4.952828764915465087e-01 4.064921295642852650e-01
-6.692126750946031377e-02 4.941651999950407714e-01 4.101887947320937977e-01
-6.742817521095262334e-02 4.941163837909697265e-01 4.130533641576766835e-01
-6.748029947280870244e-02 4.941006779670714111e-01 4.138684874773025379e-01
-6.766552090644822881e-02 4.941162049770354003e-01 4.147610819339752064e-01
-6.801876783370958135e-02 4.942045688629149169e-01 4.154401576519012318e-01
-6.800020098686204717e-02 4.943549811840056152e-01 4.157677447795867787e-01
-6.791395306587200142e-02 4.945160627365112194e-01 4.159196323156356678e-01
