5.439885603514299506e-01 -1.627114260280206337e-01 1.486981315268025572e-01
5.440434878842040911e-01 -1.627176866084262818e-01 1.487028791709092967e-01
5.440184245841980237e-01 -1.625612182696088426e-01 1.493063865487911368e-01
5.440965766432062090e-01 -1.628978251650631259e-01 1.482962548468389485e-01
5.441013439586348532e-01 -1.629344823936000053e-01 1.481699650298682336e-01
5.441099283309750456e-01 -1.629724889118969178e-01 1.480434290734675695e-01
5.441321449156216739e-01 -1.629835489914193136e-01 1.481695845527308819e-01
5.440322668266364126e-01 -1.645705088523626292e-01 1.482613362458113926e-01
5.480590912725775699e-01 -1.728646999584138311e-01 1.222951327794266074e-01
5.480599107108168333e-01 -1.728778858314379552e-01 1.222173177793357546e-01
5.480640417283341170e-01 -1.729600172050595186e-01 1.219842812538287635e-01
5.478872889400496771e-01 -1.743176809917613701e-01 1.227790465816929188e-01
5.439833181226924053e-01 -1.626332141796424935e-01 1.490822755582839054e-01
5.440231537151180019e-01 -1.627173187653198627e-01 1.489812318980010541e-01
5.481813314603537490e-01 -1.712622513648569544e-01 1.218676372225597770e-01
5.482518473336167597e-01 -1.714422177565916861e-01 1.212543844799498505e-01
5.482033738866969319e-01 -1.715176624292060192e-01 1.208432226859241787e-01
5.441320805538959471e-01 -1.630534137263521255e-01 1.476938848987321418e-01
5.441472363948359758e-01 -1.630864357688352195e-01 1.475993550170973112e-01
5.441274348962813479e-01 -1.630591083529293051e-01 1.477172772325141548e-01
5.442061073343709143e-01 -1.614004869173392420e-01 1.477824528409197313e-01
5.440559158436126808e-01 -1.628550453933477193e-01 1.483351225219728953e-01
5.450042103948585792e-01 -1.712902053638994393e-01 1.205818227937098808e-01
5.452382650350562354e-01 -1.682457786682918510e-01 1.194759449738520551e-01
5.454820422654836909e-01 -1.668920432988031943e-01 1.182498659839175126e-01
5.407211547089151304e-01 -1.488598333022892184e-01 1.717031186699653489e-01
5.446641340363868045e-01 -1.587739520621299361e-01 1.450453817330512596e-01
5.447241977999031093e-01 -1.570112866396083939e-01 1.454105038448207932e-01
5.457016286937705907e-01 -1.653080890997052355e-01 1.177139166988099284e-01
5.447350272930227000e-01 -1.570526552866547965e-01 1.451611374817458611e-01
5.447792656620226159e-01 -1.572285463755801194e-01 1.445731674238981412e-01
5.447434877671331055e-01 -1.571227744245752289e-01 1.447982732166075426e-01
5.448082882161975338e-01 -1.572025689298808537e-01 1.446127435881345846e-01
5.457929021916643197e-01 -1.655080348136052648e-01 1.169445703229887723e-01
5.448175230284064696e-01 -1.572348648229390244e-01 1.445788915070980174e-01
5.448152530975685082e-01 -1.571769171455055514e-01 1.446179162667011742e-01
5.448003209400161806e-01 -1.570268656281008923e-01 1.451874859698369935e-01
5.447855354642294756e-01 -1.572088806257322391e-01 1.445489610764953969e-01
5.447134831399053079e-01 -1.587955824998766030e-01 1.449328819412261105e-01
5.446309183376878416e-01 -1.586009160357415571e-01 1.456752668099716708e-01
5.447302088562838707e-01 -1.570669096381291374e-01 1.452735405978087257e-01
5.447646231881804191e-01 -1.569717995577230574e-01 1.454694133188632055e-01
5.433941874351970736e-01 -1.689283677148967489e-01 1.507567501568329860e-01
5.234981828076608057e-01 -1.595565375368297178e-01 1.755627137279396344e-01
5.249384374845751378e-01 -1.871487163259535902e-01 9.179041929694586877e-02
5.161763796213600930e-01 -1.661055919836424422e-01 1.802473503165071822e-01
5.163423421670909619e-01 -1.780514105623848542e-01 1.529882905946338134e-01
5.157781624190855840e-01 -1.843998413535095637e-01 1.541284026482736547e-01
5.160176648705132596e-01 -1.810729070575013422e-01 1.540825052975114406e-01
5.196352794214770254e-01 -1.764775505038872205e-01 1.532367582589431176e-01
5.197892188148152126e-01 -1.745825900345779891e-01 1.535591951331960470e-01
5.198753935734160558e-01 -1.748647312817274979e-01 1.524452968648137841e-01
5.200913880089804708e-01 -1.736928852476626317e-01 1.510563477099067242e-01
5.200345129585608461e-01 -1.734094952538311474e-01 1.517810642275772004e-01
5.200997555577397957e-01 -1.736053812491223369e-01 1.511784090697771976e-01
5.202345424966774434e-01 -1.722173024766444904e-01 1.506638336655983235e-01
5.238974105123647140e-01 -1.808256555304378066e-01 1.239943857080270107e-01
5.233628326773051009e-01 -1.720045894050709345e-01 1.520685163184856137e-01
5.233901875452160457e-01 -1.720395271301790596e-01 1.518110148683196048e-01
5.235132289044390763e-01 -1.722211760332620911e-01 1.513994794982806980e-01
5.229544193325370571e-01 -1.637929437072425665e-01 1.783116821239736360e-01
5.228989662504900382e-01 -1.636903039662279125e-01 1.786108370390331324e-01
5.234084054376274553e-01 -1.720259871199354418e-01 1.518371434042982138e-01
5.235254039473358212e-01 -1.722845049995816447e-01 1.512531263340843868e-01
5.234936388199732393e-01 -1.722047709227352841e-01 1.513467210395760265e-01
5.234909979523479917e-01 -1.722029916625916479e-01 1.514268787181913822e-01
5.234636910590477754e-01 -1.722557606826275178e-01 1.513449094157297559e-01
5.235463542774424495e-01 -1.722918417593464202e-01 1.511982137832312834e-01
5.245273045166939374e-01 -1.402941801460832472e-01 2.545306720292568325e-01
5.379017942194037616e-01 -1.385935806711911800e-01 2.316045161732609436e-01
5.644135421689279175e-01 -7.062303664870739350e-02 3.137628527432070324e-01
5.942441025511577823e-01 -3.567311456574501216e-02 2.899132031928024489e-01
6.088734855447293093e-01 3.169531700798872142e-02 2.248162649992673234e-01
6.199492402931094936e-01 5.148232897135618380e-02 5.994979830631308459e-02
5.866650949066966048e-01 1.042787102314531866e-01 1.210738998779012920e-01
5.717704244558200477e-01 1.298342187754065180e-01 1.885668276664620446e-01
5.726170172511011458e-01 1.400648930156529470e-01 1.869958539803608932e-01
5.727998845813817574e-01 1.415323270023092772e-01 1.867539295217899298e-01
5.712111219496787129e-01 1.094641974704861909e-01 2.098335293978303984e-01
5.643778343024767885e-01 3.102717499633883547e-02 1.258220687494704393e-01
5.347919681420683080e-01 -3.148440860682727438e-02 8.922086131900552886e-02
4.856762930491276276e-01 -4.126469550731032276e-02 2.065842918070297518e-01
4.519287299010403269e-01 -6.323351815421129896e-02 1.278567912171688636e-01
3.836311135630547930e-01 -3.593349605673551439e-02 1.408652572814017567e-01
2.704566476441829792e-01 -5.667674768313757383e-03 -1.041157040286178059e-03
1.591719018389403661e-01 6.135922699841867001e-02 6.641829291266221347e-03
1.106292682727873511e-01 9.733579844403272840e-02 2.635189419246031228e-02
3.701601058989167914e-02 1.972348061781526440e-01 1.364498344147533349e-01
-3.751627472803586993e-02 2.608175639896989084e-01 6.645910977248536966e-02
4.072148632939459612e-02 3.279186918491720504e-01 4.478243364976257634e-01
-8.972165837934009680e-02 3.823513725054263901e-01 1.040962133077978358e-01
-8.806051660478209087e-03 3.801638397580981432e-01 3.573617464281555467e-01
-3.645037748172286207e-02 3.944451939907074878e-01 2.723021972280144087e-01
-1.036603980097783317e-02 3.949624197991490338e-01 3.521672812739906622e-01
-1.933015381307601199e-02 3.978562917463779880e-01 3.362489895872355916e-01
8.193467261433662330e-04 3.833920167175530747e-01 4.127694471003233723e-01
-3.361877879312036299e-02 3.657843593077659827e-01 4.307120729305864426e-01
-3.707338483133315599e-02 3.002231928040385300e-01 4.149658155730424625e-01
1.209255869785552662e-02 2.182970611595213550e-01 4.902897528615204337e-01
6.435259748760457921e-02 1.077333707089274950e-01 5.178486897406622269e-01
9.181136512465326582e-02 2.286359170033414046e-02 4.344674479184043037e-01
1.228743156036675166e-01 -2.242768186981974887e-02 3.862488732098416921e-01
2.947796029251135708e-01 -3.488423319349065466e-03 4.906011377154297914e-01
3.734968015815406939e-01 7.553299566015581057e-03 4.706246237764537543e-01
4.571666634373419136e-01 -2.298537748876211539e-02 3.005400514707801118e-01
5.066095880434885457e-01 -3.286724581177064008e-02 2.570878973821237867e-01
5.321825244046252124e-01 -6.190822014683111663e-02 1.634141563197115676e-01
5.367381734314999875e-01 -5.266447437193988446e-02 2.173495295771756819e-01
5.396195680534512373e-01 -5.431937532408531721e-02 2.182909706402658134e-01
5.390449953113876091e-01 -8.744023780662940615e-02 1.755739206167519217e-01
5.288578448643114216e-01 -1.323801204167762702e-01 1.049669883221682198e-01
5.223498568034991019e-01 -1.569686912417411484e-01 2.053651597165100373e-01
5.217146658546522042e-01 -1.887000326282978202e-01 1.586535479617094957e-01
5.237531652267553017e-01 -1.875637032672390347e-01 1.888925044514295770e-01
5.215437518529333349e-01 -1.559758930711522829e-01 2.888807789844942686e-01
5.284201717055641012e-01 -1.734395528931244601e-01 2.425220714467513083e-01
5.255229506094895031e-01 -1.717655205682590835e-01 2.422349008883122323e-01
5.255134264232546037e-01 -1.720098539536744076e-01 2.413164849688289593e-01
5.251175879831321280e-01 -1.626251619579419105e-01 2.650320213433157157e-01
5.292894109181888185e-01 -1.788671915719582950e-01 2.168283321804846953e-01
5.256608962411828401e-01 -1.705842504521384306e-01 2.408900795645203541e-01
5.222047782185025300e-01 -1.623479783105924723e-01 2.649390494693097953e-01
5.222081842671767449e-01 -1.624138779229074570e-01 2.646755616050235904e-01
5.256475137551114285e-01 -1.703329482610821399e-01 2.415858834525490551e-01
5.256470323305971748e-01 -1.704224476078077810e-01 2.413761981353501618e-01
5.256657469285048734e-01 -1.703442594665214027e-01 2.415682265370007187e-01
5.256478505259893907e-01 -1.703020786843671974e-01 2.417712972759191725e-01
5.257193744153767501e-01 -1.705873956352620957e-01 2.408938664770960969e-01
5.256271635216943627e-01 -1.703031782189979859e-01 2.416878301861633549e-01
5.257071011763833068e-01 -1.705887842959984968e-01 2.408258049622258312e-01
5.256698516428783829e-01 -1.705162321824282290e-01 2.410648375217367967e-01
5.256614046790182293e-01 -1.704902167756706111e-01 2.411262012339367988e-01
5.221833213805019414e-01 -1.624312103041261335e-01 2.646067305536792258e-01
5.256221771736793169e-01 -1.703245901455059386e-01 2.416108732205946019e-01
5.256284993703700392e-01 -1.703794501109495707e-01 2.414260342132430459e-01
5.256670430997401056e-01 -1.704567108393162389e-01 2.411816090859741912e-01
5.221054372026682211e-01 -1.621090741845220284e-01 2.655997840191142156e-01
5.217537848387546751e-01 -1.549702286851033228e-01 2.871003509509126861e-01
5.257193757181704008e-01 -1.707262358133494473e-01 2.403732308080972491e-01
5.256279697101675641e-01 -1.704074563500955208e-01 2.412859095874133608e-01
5.250820312955133407e-01 -1.625485394837781206e-01 2.650502542960675445e-01
5.221961784139349527e-01 -1.624309763322919486e-01 2.645154240295581882e-01
5.256183619901463322e-01 -1.702175715478062012e-01 2.419165842610260242e-01
5.256322044174491781e-01 -1.704161409373581293e-01 2.412961703457712215e-01
5.256500258854329699e-01 -1.703655496892779453e-01 2.414457722790464000e-01
5.261648950517355816e-01 -1.784962424682974835e-01 2.169400871521620644e-01
5.256657383992865418e-01 -1.704585494685023628e-01 2.411813635096839992e-01
5.257169357316836544e-01 -1.705677764044403466e-01 2.409075720497539930e-01
5.256769610580190877e-01 -1.704240706468224675e-01 2.413405015714520374e-01
5.256748381295852646e-01 -1.706191665918901645e-01 2.407151697969662774e-01
5.256510260952524938e-01 -1.704562967137619178e-01 2.412111101427321103e-01
5.217261279677882779e-01 -1.548561806484907433e-01 2.874128892079612640e-01
5.256321043633795931e-01 -1.704485050511434507e-01 2.412666438873420915e-01
5.256387840102918485e-01 -1.704187488727643696e-01 2.413070135301793595e-01
5.256784950155466429e-01 -1.703806546249240217e-01 2.413790189173221634e-01
5.251461776328988362e-01 -1.626545465640052701e-01 2.646753332100790779e-01
5.251608339686282267e-01 -1.626963832038864632e-01 2.645503375780235977e-01
5.251865570206120104e-01 -1.627709294315129451e-01 2.643457874611934155e-01
5.256442194291808256e-01 -1.702263999132290484e-01 2.418814723523063925e-01
5.257250779376186900e-01 -1.704131791101768378e-01 2.413443016457716972e-01
5.292945318645030373e-01 -1.786926810668408860e-01 2.172668311484142745e-01
5.257195510921173209e-01 -1.705977952939495279e-01 2.407218093493554978e-01
5.293595499189540643e-01 -1.788190897998660489e-01 2.168451929995216521e-01
5.256671310252070128e-01 -1.703618008724600008e-01 2.414812173289822006e-01
5.292945598247513761e-01 -1.787397946341186539e-01 2.170488879827057183e-01
5.256631447544521940e-01 -1.704765689093097614e-01 2.410219845074097478e-01
5.222245970088854605e-01 -1.625782754046171952e-01 2.640505978405915943e-01
5.256557750268011642e-01 -1.702289707451313805e-01 2.418035193659393567e-01
5.226447504574462943e-01 -1.703903892111480189e-01 2.407732983412433914e-01
5.235181182415350465e-01 -1.886763947181403500e-01 1.906433157025595460e-01
5.188687382041502483e-01 -1.651681982463933385e-01 2.653919689169261797e-01
5.201555752930253629e-01 -1.900612427928894677e-01 1.908452320956111059e-01
5.200914299264185470e-01 -1.898533195972516574e-01 1.914729125579852642e-01
5.200623377093400723e-01 -1.918731643513552632e-01 1.903164135718213856e-01
5.200931480081476543e-01 -1.901741487976089107e-01 1.907130372617313885e-01
5.205831915926065756e-01 -1.988254180076233779e-01 1.645808160154329514e-01
5.195477817902103279e-01 -1.828012956058233662e-01 2.172429765023966564e-01
5.198640643487241197e-01 -1.929202438095174443e-01 1.921055977764638545e-01
5.199892512840017522e-01 -1.915591738423258195e-01 1.913639182425772578e-01
5.203663330644555662e-01 -2.021070056843384810e-01 1.649485385322910780e-01
5.204480765586487756e-01 -2.023002060604169594e-01 1.643089989817339003e-01
5.202751578913505925e-01 -2.019713870578073167e-01 1.651047169795947234e-01
5.201077047340556536e-01 -2.035969805664717969e-01 1.653823017550877239e-01
5.204102153660032926e-01 -2.007573129694051606e-01 1.641344719597770396e-01
5.201340273866533748e-01 -1.900304414129554420e-01 1.909167645594507245e-01
5.202660077934417870e-01 -2.039680701863802459e-01 1.643381609391092457e-01
5.202699448012012562e-01 -2.021619768397546757e-01 1.647939422871314008e-01
5.171439092694379847e-01 -2.018434382268711746e-01 1.649481578488911637e-01
5.203696964901708411e-01 -2.023076435273215012e-01 1.642143091462719973e-01
5.207895229413003202e-01 -2.112766594954132438e-01 1.376481573534531488e-01
5.169209621702518520e-01 -2.033228754084519529e-01 1.654737263773995437e-01
5.169636481799930738e-01 -2.034342778738886248e-01 1.651085045645623861e-01
5.202314226864542812e-01 -2.020650183646492404e-01 1.650587245850878571e-01
5.202131834265183441e-01 -2.017364163350723882e-01 1.658999534837986012e-01
5.203914751266538463e-01 -2.004549167006313692e-01 1.648681862303733592e-01
5.207343436893754340e-01 -1.975559406853243383e-01 1.630050431054119731e-01
5.205522878974058187e-01 -1.989461752770468606e-01 1.637958932694401071e-01
5.205877069602411478e-01 -1.988920607695393028e-01 1.640715252961271187e-01
5.205284281954638548e-01 -1.987677353486045906e-01 1.645475811867418425e-01
5.211219113356165833e-01 -2.081331174960657782e-01 1.362049012136106185e-01
5.207803271608449913e-01 -1.975074664486720644e-01 1.632723388748775761e-01
5.206467656714085512e-01 -1.991165251869596586e-01 1.634573278640789606e-01
5.205153027984726899e-01 -1.990283085683919317e-01 1.641330987251168327e-01
5.206795072215780751e-01 -1.992700058029889809e-01 1.630712434995702509e-01
5.205415888750918318e-01 -2.008963535606488604e-01 1.631980438865969774e-01
5.206680944329954430e-01 -1.992323558576478970e-01 1.636517223205129490e-01
5.203588481335278404e-01 -2.022967761760167960e-01 1.641635574541897569e-01
5.168625075574416750e-01 -1.916530436985529606e-01 1.903142418024175164e-01
5.202013837145466058e-01 -1.902371739151514918e-01 1.902707365906883830e-01
5.204337006911456953e-01 -2.022134461150764950e-01 1.647132914268762960e-01
5.203532880591527077e-01 -2.022355654917210033e-01 1.646270170897683460e-01
5.198176137220665849e-01 -1.929969821168035504e-01 1.918765767297840874e-01
5.202618174293093256e-01 -2.019634989416822513e-01 1.653037370894345770e-01
5.164120550126496401e-01 -1.959014477152116740e-01 1.925805253664460981e-01
5.197040621444285469e-01 -1.946893220506309974e-01 1.920546185140101780e-01
5.200223235623306905e-01 -2.052850349009558428e-01 1.656199902699957427e-01
5.195715012188144577e-01 -1.942956522078141401e-01 1.932228568113782963e-01
5.194753391075551674e-01 -1.960254275365918564e-01 1.930837902867419409e-01
5.198749068007316732e-01 -2.048022728071473009e-01 1.671088992119642569e-01
5.197038871584881425e-01 -2.060707400757706975e-01 1.682629950769936045e-01
5.194206622806023521e-01 -1.958767795675061540e-01 1.935583353712047039e-01
5.199953089905776649e-01 -2.048880036683007888e-01 1.667107996014112192e-01
5.198814178294963728e-01 -2.047222607678994277e-01 1.672634885948938166e-01
5.199080577604383580e-01 -2.047622563291043307e-01 1.672080370401261007e-01
5.200987916315797932e-01 -2.034119006499088833e-01 1.662576900914831679e-01
5.199560833446282837e-01 -2.049886334343440641e-01 1.665539557070916388e-01
5.200363549590579781e-01 -2.033449278021231266e-01 1.665248666359055996e-01
5.199380076937135664e-01 -2.050805034223459611e-01 1.661099921406941071e-01
5.203387830206025466e-01 -2.020873181800580953e-01 1.651097634223288591e-01
5.193504448903646376e-01 -1.842454419955871225e-01 2.180306067291528649e-01
5.201060957169685306e-01 -2.032789653564132104e-01 1.664685999363957336e-01
5.202155404649302373e-01 -2.038371473508924225e-01 1.650558582696655119e-01
5.197379685980326736e-01 -1.929860416058078454e-01 1.923231383943315720e-01
5.201672022306442766e-01 -2.034502409585713933e-01 1.659625218369604749e-01
5.200700993662010774e-01 -2.034363308814577664e-01 1.661324829507566658e-01
5.205688908547148053e-01 -2.126109101540595292e-01 1.387950269113995549e-01
5.202466244572792053e-01 -2.018958420053906522e-01 1.656692325936062193e-01
5.201159180553085459e-01 -2.036734836719407971e-01 1.653008849953527815e-01
5.200466172854802949e-01 -2.033096507580205992e-01 1.664091300974834819e-01
5.197392155847817552e-01 -1.927723696058838976e-01 1.927830196251778538e-01
5.201473395862459270e-01 -2.036215792278498471e-01 1.653948271670118153e-01
5.200481980252095182e-01 -2.031425989954545597e-01 1.667307141430611761e-01
5.202174481686256957e-01 -2.018242185893431018e-01 1.659523710171284527e-01
5.201005584673460413e-01 -2.035654950435868971e-01 1.655085051930698103e-01
5.203105650968454787e-01 -2.022692006069645443e-01 1.645901082263785398e-01
5.201326438693243404e-01 -2.036774377461261776e-01 1.652830872330313117e-01
5.201132107083815681e-01 -2.036460845046229318e-01 1.653552147941208528e-01
5.167551905321944306e-01 -1.930800615164227352e-01 1.910946669567843426e-01
5.202951939810969151e-01 -2.038119946073814470e-01 1.647997182019618201e-01
5.202654902455169372e-01 -2.017702649247683777e-01 1.659510636853713805e-01
5.203322982231408655e-01 -2.019025347441136264e-01 1.654817392169163348e-01
5.198138674462403630e-01 -1.930647972774766075e-01 1.919054186444255627e-01
5.202827676743909668e-01 -2.019307147556096138e-01 1.653071260507770202e-01
5.202025533654301981e-01 -2.016631052000075475e-01 1.659926037855832259e-01
5.169207905086949939e-01 -1.917000680284202119e-01 1.900731521113818712e-01
5.203841415456585962e-01 -2.003020234814211209e-01 1.651945750125172196e-01
5.200827532583777169e-01 -1.900809607213474750e-01 1.910056845357281929e-01
5.166259491760060163e-01 -1.814809871500879246e-01 2.158838206374236179e-01
5.205132649994927974e-01 -1.987562812739647744e-01 1.649923801164885351e-01
5.200689735547211479e-01 -1.901096740741096136e-01 1.908622717273564806e-01
5.205454264105584539e-01 -1.988802215031496845e-01 1.645959547321276251e-01
5.200484376194268732e-01 -1.900216731341034249e-01 1.911018439786911216e-01
5.200732202772203605e-01 -1.899488553277887126e-01 1.912963234677564905e-01
5.200343432163402335e-01 -1.898036523891686866e-01 1.917092136406206571e-01
5.166576712580487341e-01 -1.815558398079424873e-01 2.155926684257514214e-01
5.201240883203208654e-01 -1.902065973706692503e-01 1.905888621975229125e-01
5.200618039237219214e-01 -1.900240338112152982e-01 1.911054685080368909e-01
5.205489578229933745e-01 -1.988772469800412224e-01 1.645134006600423859e-01
5.205095326895210484e-01 -1.987001323319710910e-01 1.650514017336752737e-01
5.205134418019589093e-01 -1.988676887724660225e-01 1.645980685547785427e-01
5.205036931002781087e-01 -1.988117033918350707e-01 1.647501177585459775e-01
5.201554774704709727e-01 -1.902772425781339427e-01 1.903804252794230045e-01
5.201143511794861229e-01 -1.901330611839852913e-01 1.908783070645736490e-01
5.201468989361919260e-01 -1.902687767980619782e-01 1.904028198172327269e-01
5.201026243742331578e-01 -1.900609094438850122e-01 1.909739862407409117e-01
5.201388408679775699e-01 -1.900715699309929452e-01 1.909281487885328144e-01
5.201327118521872350e-01 -1.900186496490724464e-01 1.911779783547726819e-01
5.200757374728682825e-01 -1.899799879878945053e-01 1.912801761997489081e-01
5.197015917080335390e-01 -1.815259864370152298e-01 2.165336893149321096e-01
5.201290300868287586e-01 -1.901303120442628947e-01 1.907454454444355019e-01
5.201801599028892387e-01 -1.903106319956109072e-01 1.901721462382865990e-01
5.202192339273776778e-01 -1.902763074328414628e-01 1.902508515195535654e-01
5.201327660053204349e-01 -1.899885524328462361e-01 1.910312706461347876e-01
5.201656489075444645e-01 -1.900734078219010748e-01 1.907323298348819751e-01
5.196769260090962073e-01 -1.814523021275996628e-01 2.166470867095238173e-01
5.201482507034216329e-01 -1.901739683867580688e-01 1.905577192736280789e-01
5.201770379837415970e-01 -1.901736913873627588e-01 1.905702879598412114e-01
5.201699980667940926e-01 -1.900678146826550452e-01 1.909045835188303286e-01
5.201580122760198766e-01 -1.901228347026333587e-01 1.907517436445791414e-01
5.201744108257584376e-01 -1.902216005141958710e-01 1.904493772857938083e-01
5.201723144954443212e-01 -1.901735315573513385e-01 1.905093530482857567e-01
5.202027658346783934e-01 -1.902079199752323146e-01 1.904463390708812653e-01
5.201795557131301262e-01 -1.902447364029697940e-01 1.903020161498825136e-01
5.201671873534090551e-01 -1.902103510528429520e-01 1.904006275548406624e-01
5.202247798025771974e-01 -1.903026359024792002e-01 1.901516542510814922e-01
5.201635743282050361e-01 -1.901897692838162013e-01 1.905064464060486351e-01
5.201983427638202651e-01 -1.902910237567723151e-01 1.901608185618566260e-01
5.202295469245169501e-01 -1.904767418478763852e-01 1.896604522742297849e-01
5.202363108479480802e-01 -1.904000840732119892e-01 1.898447245044447840e-01
5.201926882844380984e-01 -1.901015252576246373e-01 1.907326962121802527e-01
5.197507226596724816e-01 -1.816307006767652887e-01 2.160871361981264727e-01
5.201705196744017545e-01 -1.900896557608023341e-01 1.907285836820740155e-01
5.201027646552033312e-01 -1.898976654835864419e-01 1.913153698522280788e-01
5.201211073790534822e-01 -1.900441234239488852e-01 1.908548689998068593e-01
5.201506496376346877e-01 -1.900943043262473819e-01 1.907137545769908016e-01
5.201862619649675334e-01 -1.900667224030606062e-01 1.908420720582322261e-01
5.201441934070691886e-01 -1.902056628510802594e-01 1.903810438794262261e-01
5.196628525385469377e-01 -1.814234436638503811e-01 2.166821080596832427e-01
5.200880355939198063e-01 -1.898231641318537388e-01 1.914675873753461932e-01
5.201341754625424807e-01 -1.900977904657125406e-01 1.907015803838960633e-01
5.201755287703361263e-01 -1.900927488824240563e-01 1.907123862849697815e-01
5.200703008827787244e-01 -1.897938222871087266e-01 1.915822509265581175e-01
5.196412049030896263e-01 -1.813501616882048362e-01 2.168609490925090810e-01
5.200811581611137768e-01 -1.898317106715551872e-01 1.914329632872815434e-01
5.196221587945568654e-01 -1.813011492669470148e-01 2.170194393970061864e-01
5.201195092266303055e-01 -1.900208070760182888e-01 1.909233960875715841e-01
5.196716683147124538e-01 -1.814925087785795310e-01 2.165058099166381478e-01
5.201454959530192879e-01 -1.901010630694366932e-01 1.906734626544883682e-01
5.200667242346592722e-01 -1.897859419498518219e-01 1.916186436942572957e-01
5.197130327717878195e-01 -1.815724497105851709e-01 2.162493944770138565e-01
5.200416545431196802e-01 -1.898012576472014046e-01 1.915086361210209809e-01
5.200479076591278949e-01 -1.896909825711212694e-01 1.918442331028551440e-01
5.200774570050336054e-01 -1.899031066089793829e-01 1.912207203729296978e-01
5.196405419469614095e-01 -1.814229203935600332e-01 2.166588361522576722e-01
5.201591906360670814e-01 -1.901023051277696552e-01 1.906507271819761762e-01
5.201030657039116267e-01 -1.898685065679065753e-01 1.913188416483915244e-01
5.201310506744303286e-01 -1.900530580473765441e-01 1.908006178686467713e-01
5.201386112979907717e-01 -1.901040029693431832e-01 1.906862261568342820e-01
5.197090453294560541e-01 -1.815159606686233829e-01 2.164236697216175287e-01
5.201540084481973691e-01 -1.899996929982341598e-01 1.909335464940238314e-01
5.196403872252606249e-01 -1.813702384244277876e-01 2.167968517896388114e-01
5.201242531776237854e-01 -1.900396903283781969e-01 1.908633072910657091e-01
5.200758733403689771e-01 -1.898022805541231539e-01 1.915544155895971823e-01
5.196233414346259627e-01 -1.813795498718134280e-01 2.168136692979121261e-01
5.201393443415637252e-01 -1.901709765328876145e-01 1.903809121113420044e-01
5.196551782397776931e-01 -1.814367296927124062e-01 2.166491356687187952e-01
5.196819983974673152e-01 -1.815268463977947611e-01 2.163623529074827356e-01
5.201128195103280616e-01 -1.899217974151595767e-01 1.912017539066854788e-01
5.201584579522230412e-01 -1.900290311571582735e-01 1.908762863164064072e-01
5.196653781740616651e-01 -1.812931869332603529e-01 2.171130653664359311e-01
5.196646275588516772e-01 -1.813698458016849702e-01 2.168038244114947055e-01
5.196571978308718309e-01 -1.814496012312136197e-01 2.165686441332854706e-01
5.200678171528089200e-01 -1.898414293547905640e-01 1.914599002836916419e-01
5.201439659929811832e-01 -1.899838777289539204e-01 1.910665790144696619e-01
5.196637686603319262e-01 -1.813541904756985346e-01 2.168234215723896519e-01
5.196231482457313033e-01 -1.812421507886834149e-01 2.172177430803758913e-01
5.196852067752301130e-01 -1.815224791607558674e-01 2.163822943308830737e-01
5.201188905402309715e-01 -1.899917459461018254e-01 1.910402629690153287e-01
5.196657652949839834e-01 -1.814240945499539515e-01 2.166347426470591753e-01
5.201184475010793840e-01 -1.899725808569900365e-01 1.910405100325727190e-01
5.201738008838683314e-01 -1.901383245957940504e-01 1.905829418563633748e-01
5.200995472444598366e-01 -1.898699945855475968e-01 1.912831774809284902e-01
5.201711039366047062e-01 -1.901715000311396675e-01 1.904591556012282805e-01
5.201657426881458601e-01 -1.901926291691027893e-01 1.904339901860150341e-01
5.201808623726781322e-01 -1.900846897256486256e-01 1.907969089782270977e-01
5.196512102988034565e-01 -1.813551599418967986e-01 2.168612064710406795e-01
5.201365227514196388e-01 -1.899853459980077597e-01 1.910539970147122624e-01
5.196653423244256276e-01 -1.814572059841639828e-01 2.165980080747789138e-01
5.196748645320843352e-01 -1.814321386260651092e-01 2.166226085824514147e-01
5.197002985242873407e-01 -1.815406463707983364e-01 2.162749763472544551e-01
5.197122597421508505e-01 -1.815245068435333287e-01 2.163843691170552752e-01
5.196538067224267810e-01 -1.813608625935949070e-01 2.168182949725729891e-01
5.201642043828703654e-01 -1.901204118389561437e-01 1.906320471379647774e-01
5.201498052592582466e-01 -1.900035572401657102e-01 1.909387841951455389e-01
5.196759939969364250e-01 -1.815122822287417170e-01 2.164449733505051654e-01
5.201362393518231819e-01 -1.900726212425008499e-01 1.907172493853273032e-01
5.197386593916040187e-01 -1.816285580228827468e-01 2.160928350566901912e-01
5.201105599567021898e-01 -1.899321287025771965e-01 1.911855273507894193e-01
5.201730047880850361e-01 -1.900847960452809460e-01 1.907953194706830669e-01
5.196215245755418932e-01 -1.813168949514031292e-01 2.169925779361359108e-01
5.197170817382342767e-01 -1.815496040303334613e-01 2.163402875761162303e-01
5.196829542578396133e-01 -1.814808169988356146e-01 2.164729017853308513e-01
5.201373827553890106e-01 -1.901484894814416682e-01 1.905104234730352619e-01
5.201910300880607796e-01 -1.901490412070117597e-01 1.905089313307748444e-01
5.197007666200083031e-01 -1.815419997670165708e-01 2.162663280687235901e-01
5.196865512313112445e-01 -1.814532137551754798e-01 2.165348434512979203e-01
5.197223683607864464e-01 -1.815684738159812905e-01 2.162359841420478102e-01
5.180185865015338731e-01 -1.498251993273459204e-01 3.113788632077987284e-01
5.469587165546208052e-01 -1.603408697210401135e-01 3.463861122895151023e-01
5.786167831084891855e-01 -1.594430998587310078e-01 3.748467114699534086e-01
6.152226545318006945e-01 -1.078876918779648475e-01 3.053609420397753738e-01
6.244905158822923186e-01 -1.353805850839465696e-01 2.084898102193921687e-01
6.272954630008875654e-01 -1.437412290207370769e-01 1.806446596622772738e-01
6.261977494186475868e-01 -1.526532342179752755e-01 1.552984142356699238e-01
6.264103494577855091e-01 -1.530252629006057519e-01 1.541532251782267160e-01
6.269205932336390230e-01 -1.505481085753813120e-01 1.511025961264484962e-01
6.294134232011199259e-01 -1.548397059559523670e-01 1.243859582563608956e-01
6.272653208638176991e-01 -1.457628958888165238e-01 1.496185880581717420e-01
6.302236729232012502e-01 -1.508599978412091258e-01 1.206287594624519954e-01
6.075183167123436867e-01 -1.238407812872938107e-01 1.677519435179253282e-01
5.832887518623753875e-01 -1.290427187608145232e-01 1.026904791799778671e-01
5.592750975774414268e-01 -1.025767363236918528e-01 8.855636847289161118e-02
5.606778762653470416e-01 -6.066923372514543278e-02 6.735120434853869575e-02
5.397952220006332347e-01 -9.413369083315137331e-03 1.673594458998999279e-01
5.464158178694218382e-01 -3.572178174075479884e-02 -1.643005902373650962e-02
