4.382653126120569231e-01 4.991297900676728294e-01 3.352713292837142811e-01
4.382652306556703570e-01 4.991297900676728294e-01 3.352713292837142811e-01
4.382652306556703570e-01 4.991297900676728294e-01 3.352713292837142811e-01
4.382653126120569231e-01 4.991297900676728294e-01 3.352713292837142811e-01
4.382652306556703570e-01 4.991297900676728294e-01 3.352713292837142811e-01
4.382652306556703570e-01 4.991297900676728294e-01 3.352713292837142811e-01
4.382652306556703570e-01 4.991297900676728294e-01 3.352713292837142811e-01
4.382652306556703570e-01 4.991297900676728294e-01 3.352713292837142811e-01
4.382652306556703570e-01 4.991297900676728294e-01 3.352713292837142811e-01
4.382652306556703570e-01 4.991297900676728294e-01 3.352713292837142811e-01
4.382652306556703570e-01 4.991297900676728294e-01 3.352713292837142811e-01
4.382652306556702460e-01 4.991297900676728294e-01 3.352713292837142811e-01
4.382652306556703570e-01 4.991297900676728294e-01 3.352713292837142811e-01
4.382652306556702460e-01 4.991297900676728294e-01 3.352713292837142811e-01
4.382652306556703570e-01 4.991297900676728294e-01 3.352713292837142811e-01
4.382652306556703570e-01 4.991297900676727184e-01 3.352713292837142811e-01
4.382652306556703570e-01 4.991297900676728294e-01 3.352713292837142811e-01
4.382652306556703570e-01 4.991297900676728294e-01 3.352713292837142811e-01
4.382652306556703570e-01 4.991297900676728294e-01 3.352713292837142811e-01
4.382652306556703570e-01 4.991297900676728294e-01 3.352713292837142811e-01
4.382652306556703570e-01 4.991297900676728294e-01 3.352713292837142811e-01
4.382652306556703570e-01 4.991297900676728294e-01 3.352713292837142811e-01
4.382652306556703570e-01 4.991297900676728294e-01 3.352713292837142811e-01
4.382652306556703570e-01 4.991297900676728294e-01 3.352713292837142811e-01
4.382652306556703570e-01 4.991297900676728294e-01 3.352713292837142811e-01
4.382652306556703570e-01 4.991297900676728294e-01 3.352713292837142811e-01
4.382652306556703570e-01 4.991297900676728294e-01 3.352713292837142811e-01
4.382652306556703570e-01 4.991297900676728294e-01 3.352713292837142811e-01
4.382652306556703570e-01 4.991297900676728294e-01 3.352713292837142811e-01
4.382652306556703570e-01 4.991297900676728294e-01 3.352713292837142811e-01
4.382652306556703570e-01 4.991297900676728294e-01 3.352713292837142811e-01
4.382652306556703570e-01 4.991297900676728294e-01 3.352713292837142811e-01
4.382652306556703570e-01 4.991297900676728294e-01 3.352713292837142811e-01
4.382652306556703570e-01 4.991297900676728294e-01 3.352713292837142811e-01
4.382652306556703570e-01 4.991297900676727184e-01 3.352713292837142811e-01
4.382652306556703570e-01 4.991297900676728294e-01 3.352713292837142811e-01
4.382652306556703570e-01 4.991297900676728294e-01 3.352713292837142811e-01
4.382652306556703570e-01 4.991297900676728294e-01 3.352713292837142811e-01
4.382652306556702460e-01 4.991297900676727184e-01 3.352713292837142811e-01
4.382652306556703570e-01 4.991297900676728294e-01 3.352713292837142811e-01
4.382652306556703570e-01 4.991297900676728294e-01 3.352713292837142811e-01
4.382652306556703570e-01 4.991297900676728294e-01 3.352713292837142811e-01
4.382652306556703570e-01 4.991297900676728294e-01 3.352713292837142811e-01
4.382652306556703570e-01 4.991297900676728294e-01 3.352713292837142811e-01
4.382652306556703570e-01 4.991297900676728294e-01 3.352713292837142811e-01
4.382652306556703570e-01 4.991297900676728294e-01 3.352713292837142811e-01
4.382652306556703570e-01 4.991297900676728294e-01 3.352713292837142811e-01
4.382652306556703570e-01 4.991297900676728294e-01 3.352713292837142811e-01
4.382652306556703570e-01 4.991297900676728294e-01 3.352713292837142811e-01
4.382652306556703570e-01 4.991297900676728294e-01 3.352713292837142811e-01
4.382652306556703570e-01 4.991297900676729404e-01 3.352713292837142811e-01
4.382652306556703570e-01 4.991297900676728294e-01 3.352713292837142811e-01
4.382652306556703570e-01 4.991297900676728294e-01 3.352713292837142811e-01
4.382652306556703570e-01 4.991297900676728294e-01 3.352713292837142811e-01
4.382652306556703570e-01 4.991297900676728294e-01 3.352713292837142811e-01
4.448692464828493121e-01 4.941951513290406273e-01 3.342316678166389332e-01
4.517333918809892657e-01 4.877045631408692405e-01 3.323398014903068409e-01
4.692321532964708330e-01 4.687468290328980491e-01 3.252425348758697377e-01
4.904763364791872027e-01 4.440842151641846702e-01 3.130985429883003102e-01
5.143275672197343829e-01 4.143949627876282737e-01 2.951386502385139332e-01
5.258955621719362261e-01 3.994409918785096214e-01 2.856048724055290089e-01
5.552221947908403399e-01 3.640797913074494963e-01 2.564091315865516529e-01
5.753581786155702593e-01 3.546128153800965910e-01 2.392363405227661000e-01
5.830139183998109820e-01 3.504213571548463468e-01 2.321457645297050343e-01
6.025970244407656828e-01 3.484417974948884611e-01 2.198986864089965410e-01
6.124841237068179289e-01 3.475901663303376798e-01 2.135126224160194264e-01
6.222268009185794035e-01 3.470124781131745939e-01 2.071426069736480580e-01
6.420064830780032317e-01 3.472644269466401701e-01 1.943136236071586476e-01
6.625936293601992766e-01 3.476700365543367588e-01 1.817161595821380482e-01
6.821080708503726164e-01 3.487799644470216953e-01 1.693110322952270375e-01
6.915732288360598723e-01 3.499503612518312656e-01 1.627995750308036671e-01
6.996689105033877532e-01 3.565258264541628086e-01 1.467546379566192494e-01
6.957931184768679778e-01 3.612238347530368210e-01 1.381167179346084461e-01
6.884370112419130328e-01 3.644627809524538242e-01 1.309364816546439991e-01
6.697317624092103960e-01 3.669355690479280674e-01 1.181043988466262684e-01
6.601075196266176226e-01 3.668407678604128086e-01 1.133132284879684315e-01
6.432390773296358111e-01 3.670126080513002043e-01 1.079146569967269764e-01
6.371003651618959429e-01 3.657120645046235685e-01 1.059143996238708363e-01
6.272585058212282183e-01 3.646279156208039884e-01 1.036583191156387196e-01
6.234342420101167681e-01 3.639410614967347746e-01 1.034107065200805531e-01
6.161749327182772795e-01 3.615634322166444425e-01 1.030446296930312977e-01
6.133924984931948821e-01 3.607460737228395109e-01 1.033725446462631092e-01
6.075212919712068560e-01 3.581021606922151213e-01 1.051504170894622670e-01
6.045824849605563323e-01 3.560691654682160978e-01 1.064289069175720082e-01
5.888871067762376788e-01 3.475149154663087492e-01 1.148669427633285389e-01
5.779103899002077105e-01 3.436176657676698332e-01 1.224227553606033192e-01
5.523995125293733599e-01 3.441278815269471769e-01 1.531865155696868763e-01
5.438591802120210650e-01 3.458830296993257170e-01 1.638272038102149830e-01
5.270431303977968218e-01 3.502822697162629173e-01 1.840856453776359425e-01
5.182911121845248381e-01 3.534525811672211693e-01 1.936711972951888905e-01
5.020642542839053313e-01 3.606262087821962559e-01 2.129733866453170643e-01
4.849075192213060381e-01 3.711593627929688499e-01 2.303656643629073963e-01
4.670997226238252642e-01 3.851936042308808372e-01 2.488123407959937916e-01
4.592792952060701372e-01 3.977401137351990745e-01 2.576238965988159046e-01
4.458550998568536761e-01 4.317982375621796653e-01 2.730839705467223988e-01
4.374833220243455334e-01 4.633469760417939232e-01 2.861036291718482838e-01
4.317207077145578387e-01 4.890443265438081943e-01 2.961209794878959523e-01
4.298557752370836260e-01 4.982356905937195823e-01 3.003936788439750538e-01
4.284732678532601757e-01 5.095031440258026567e-01 3.080558708310127125e-01
4.287905061244965954e-01 5.116136252880096880e-01 3.114717832207679615e-01
4.304428958892823620e-01 5.106226384639740434e-01 3.174386551976203785e-01
4.315427207946778698e-01 5.088803052902222124e-01 3.199702358245849476e-01
4.335931429266930981e-01 5.055709660053253618e-01 3.240206843614578114e-01
4.344486036896707537e-01 5.042175829410553423e-01 3.255872359871864186e-01
4.358819538354875567e-01 5.018513083457947221e-01 3.282446420192718373e-01
4.372643941640855791e-01 4.999324560165406273e-01 3.306614390015601979e-01
4.376760163903238299e-01 4.997475028038025902e-01 3.315613797307014332e-01
4.376122394204140509e-01 5.004536092281341997e-01 3.319257578253745899e-01
4.375782647728921892e-01 5.007104158401489702e-01 3.320698744058608876e-01
4.375461155176164629e-01 5.010082900524139848e-01 3.323049998283386097e-01
4.376238995790483477e-01 5.009404301643372026e-01 3.324797233939170704e-01
4.377199524641038897e-01 5.007990181446075884e-01 3.327383330464362965e-01
4.377798327803612555e-01 5.006576955318451372e-01 3.328931114077567921e-01
4.379690179228784563e-01 5.001406848430633989e-01 3.333267277479171620e-01
4.380574861168863299e-01 4.998949348926545189e-01 3.335571816563606129e-01
4.381365591287613714e-01 4.996865868568421409e-01 3.339225730299949513e-01
4.382720553874971392e-01 4.986374258995057152e-01 3.340075841546058522e-01
4.397426360845566595e-01 4.828279793262482689e-01 3.314112579822540150e-01
4.399013632535936358e-01 4.697564423084260032e-01 3.287141478061675892e-01
4.386934006214143755e-01 4.536217629909516380e-01 3.250180861353874073e-01
4.324548655748368664e-01 4.136591136455536888e-01 3.138314342498779164e-01
4.154625499248506548e-01 3.608977377414704368e-01 2.857551506161689625e-01
4.023816587030890068e-01 3.389753282070160356e-01 2.637674963474273548e-01
3.965771088004114708e-01 3.313521921634675627e-01 2.538491716980934010e-01
3.857648821175100884e-01 3.248802006244659868e-01 2.346578544378280506e-01
3.771399186551573357e-01 3.245880782604217973e-01 2.188003218173980580e-01
3.702478447556498131e-01 3.272510349750519243e-01 2.063070541620254383e-01
3.645265308767559609e-01 3.317780375480652300e-01 1.956300517916679249e-01
3.572069929540159783e-01 3.370150208473206010e-01 1.820439404249191151e-01
3.533337322622540078e-01 3.391340851783752885e-01 1.752314759790897236e-01
3.518915475904944024e-01 3.403624176979065385e-01 1.727609342336654530e-01
3.484249163046481690e-01 3.424181222915649858e-01 1.678857287764549122e-01
3.403250967711212716e-01 3.570653676986694780e-01 1.598328730463981495e-01
3.381550471857192597e-01 3.599671602249145952e-01 1.557738116383552418e-01
3.363086426723750910e-01 3.537181496620178667e-01 1.502075126767158375e-01
3.358963827230038723e-01 3.318967103958130327e-01 1.489501750469207630e-01
3.360123598575594506e-01 3.056964159011841264e-01 1.505282676219940052e-01
3.367848607338966849e-01 2.846864342689514604e-01 1.523084348440170155e-01
3.371603907179089865e-01 2.766907095909119096e-01 1.536743646860122547e-01
3.373651678301396450e-01 2.646327495574951616e-01 1.561808666586875782e-01
3.374289999809118590e-01 2.551817178726196733e-01 1.583730733394622670e-01
3.373969950806351981e-01 2.468551278114319292e-01 1.602564534544944630e-01
3.373403254989537081e-01 2.417667388916016069e-01 1.616037642955779896e-01
3.373006225191059193e-01 2.384309649467468706e-01 1.630651211738586293e-01
3.372314373590054593e-01 2.382571578025818315e-01 1.633593222498893605e-01
3.368929556198421160e-01 2.366942048072815385e-01 1.650202727317809925e-01
3.368145019374790827e-01 2.352912306785583940e-01 1.656881055235862599e-01
3.366417273972186486e-01 2.337167143821716753e-01 1.665319433808326588e-01
3.364976310729982933e-01 2.322608113288879839e-01 1.673620796203613148e-01
3.363383441790941397e-01 2.311535358428955522e-01 1.679830184578895436e-01
3.362852143216881196e-01 2.299302697181702104e-01 1.682911148667335377e-01
3.362425539270046393e-01 2.295519590377808061e-01 1.680495744943618641e-01
3.361498689372095505e-01 2.282068610191345659e-01 1.678755587339401112e-01
3.361401426699014983e-01 2.280525445938110796e-01 1.671446791291236744e-01
3.361330576334151665e-01 2.274998903274536577e-01 1.668267181515693531e-01
3.361257425602528492e-01 2.269111156463623491e-01 1.665745830535888539e-01
3.361119261570277850e-01 2.267903566360474077e-01 1.658240041136741505e-01
3.361057042237374226e-01 2.255878925323486772e-01 1.655695742368697987e-01
3.360992631968113264e-01 2.252941012382507768e-01 1.652972406148910389e-01
3.360930198431018034e-01 2.243763089179992010e-01 1.647924935817718095e-01
3.360908228531482855e-01 2.236858487129211870e-01 1.637070482969283924e-01
3.360877317935231368e-01 2.235526323318481889e-01 1.630983284115791188e-01
3.360858644917610327e-01 2.232691526412964311e-01 1.623647218942642079e-01
3.361082735098901431e-01 2.226884245872498003e-01 1.608789718151092396e-01
3.361817921139302889e-01 2.227559566497803178e-01 1.599932914972305165e-01
3.362055063806476674e-01 2.228121042251587358e-01 1.589671826362609452e-01
3.362091788183901309e-01 2.229425191879272905e-01 1.579308068752288685e-01
3.362150771170857588e-01 2.230933189392090288e-01 1.566412454843520985e-01
3.368374064192178885e-01 2.229317903518677202e-01 1.548847636580467091e-01
3.446542319469156901e-01 2.241091609001160112e-01 1.559446161985397206e-01
3.481068072468044838e-01 2.247519969940185991e-01 1.565255677700042591e-01
3.552732310816648642e-01 2.256888628005981889e-01 1.576202964782714711e-01
3.626670354604724089e-01 2.261983633041382280e-01 1.590384474396705494e-01
3.696691283583644072e-01 2.269260168075561968e-01 1.604044294357299671e-01
3.767946997284892241e-01 2.274057149887085405e-01 1.619462525844573841e-01
3.799378798902037779e-01 2.276516437530518022e-01 1.624897649884223805e-01
3.769568169116976897e-01 2.257457852363586870e-01 1.607270246744155751e-01
3.727492430806162993e-01 2.245569705963135210e-01 1.590198880434036122e-01
3.710512296855452696e-01 2.239615201950073686e-01 1.581421574950218067e-01
3.684361671656372628e-01 2.218042492866515447e-01 1.568245595693588124e-01
3.680930884182456175e-01 2.214267134666443315e-01 1.563574379682540760e-01
3.669864313304427861e-01 2.209163784980774370e-01 1.552402532100677635e-01
3.660247588157656828e-01 2.204853773117065874e-01 1.545160716772079335e-01
3.649475967139008681e-01 2.196881651878357378e-01 1.539884066581725941e-01
3.647522555291655699e-01 2.193131923675537553e-01 1.537339916825294361e-01
3.647709807008507887e-01 2.188706874847412553e-01 1.535769483447074757e-01
3.645747044682505766e-01 2.186060428619385210e-01 1.531057363748550282e-01
3.649693561345341841e-01 2.184122681617737260e-01 1.529612249135970936e-01
3.688742352277043501e-01 2.182505011558533159e-01 1.543216115236282215e-01
3.718095386028292815e-01 2.182583689689636675e-01 1.549559241533279286e-01
3.841211462020877043e-01 2.177419543266296831e-01 1.587035959959030018e-01
3.887365759909155449e-01 2.176783561706543413e-01 1.599450415372848378e-01
3.982049004733565489e-01 2.170562028884888139e-01 1.633008575439452714e-01
4.083021619915965239e-01 2.163361191749573198e-01 1.669606423377990589e-01
4.133188390731814543e-01 2.160386919975281206e-01 1.687276816368102894e-01
4.175619596242907683e-01 2.142705798149109331e-01 1.704844093322753773e-01
4.121827670931819676e-01 2.129403233528138761e-01 1.691951310634613181e-01
4.006628954410555998e-01 2.125987291336060014e-01 1.655692315101623402e-01
3.953343482315543334e-01 2.121907353401184526e-01 1.637122339010238514e-01
3.912946285307410399e-01 2.118920564651489702e-01 1.621175712347030506e-01
3.839703390002253691e-01 2.123489260673523393e-01 1.587398505210876332e-01
3.798872867226603667e-01 2.119943380355835405e-01 1.570301806926727162e-01
3.781098724901679198e-01 2.121103286743164507e-01 1.560387915372848378e-01
3.754985743761065642e-01 2.124397635459900346e-01 1.551243296265601979e-01
3.730201014876368681e-01 2.130672812461853471e-01 1.537857806682586537e-01
3.719265983998778502e-01 2.131109118461609331e-01 1.532048439979553089e-01
3.711684254556897322e-01 2.128115177154541460e-01 1.528832918405532704e-01
3.707962447404864470e-01 2.129586219787598100e-01 1.525596907734870777e-01
3.705049438029530684e-01 2.129015207290649858e-01 1.522746837139129505e-01
3.703433891385796706e-01 2.127544760704040971e-01 1.520994907617568836e-01
3.696893771737816414e-01 2.130483269691467729e-01 1.513702726364135609e-01
3.687669058889153639e-01 2.129548072814941850e-01 1.511551669239997731e-01
3.678731454163792769e-01 2.128911495208740678e-01 1.507573431730270253e-01
3.670878169685605208e-01 2.129829406738281694e-01 1.503217077255248890e-01
3.662817274779084364e-01 2.130234122276306596e-01 1.498940443992614613e-01
3.653970362246039549e-01 2.129878282546997514e-01 1.493510684370994435e-01
3.642575351148846785e-01 2.128117561340332475e-01 1.488394743204116966e-01
3.636388090997937361e-01 2.128164649009705034e-01 1.485508984327316151e-01
3.625725397467616240e-01 2.129146337509155718e-01 1.479853993654250965e-01
3.619711642712358235e-01 2.129182696342468706e-01 1.475457406044006214e-01
3.608891704678538481e-01 2.129662513732910600e-01 1.467083922028541432e-01
3.594860212504866759e-01 2.135645627975464311e-01 1.448968803882598744e-01
3.590689507871869246e-01 2.137820005416870561e-01 1.444399139285087452e-01
3.583152165263894240e-01 2.139329195022583452e-01 1.437146073579788352e-01
3.580203560739758650e-01 2.138977527618408647e-01 1.433324596285819874e-01
3.576114756613972823e-01 2.137781262397766557e-01 1.427471643686294422e-01
3.647670169919732253e-01 2.151017665863037553e-01 1.445282703638076649e-01
3.722371236979964415e-01 2.157040715217590776e-01 1.472107177972793446e-01
3.757316471636298338e-01 2.155101180076599565e-01 1.490978455543517933e-01
3.841101677715781371e-01 2.151788949966431108e-01 1.529000928997993336e-01
3.931944632530215422e-01 2.149011969566345659e-01 1.568987077474593983e-01
3.979461157321933507e-01 2.148005843162537065e-01 1.590107536315918113e-01
4.031871521472933928e-01 2.149847030639648882e-01 1.608206784725189076e-01
4.073485994338992278e-01 2.132450222969055620e-01 1.632527267932891712e-01
4.001352490484717528e-01 2.113444089889526811e-01 1.620161837339401112e-01
3.911996485292914549e-01 2.104814529418945757e-01 1.599827414751052723e-01
3.844267019629482030e-01 2.097275733947755461e-01 1.583081489801407005e-01
3.791616001725199858e-01 2.100098013877869096e-01 1.559600389003753529e-01
3.759117127954962889e-01 2.101697802543640581e-01 1.540094769001006947e-01
3.752977141737940947e-01 2.100782275199889471e-01 1.535234904289245472e-01
3.741070927679541747e-01 2.098508358001709428e-01 1.531080460548400746e-01
3.734319472312930821e-01 2.097024202346802202e-01 1.530226251482963429e-01
3.729324603080752532e-01 2.097054600715637651e-01 1.527601635456085072e-01
3.708607425540688673e-01 2.097889661788940874e-01 1.520687794685363636e-01
3.703708780556920210e-01 2.097692370414734331e-01 1.520140177011489735e-01
3.700026480108502547e-01 2.097881913185120073e-01 1.520216768980026112e-01
3.691171371936801116e-01 2.096954464912414995e-01 1.520399680733680592e-01
3.686532435566189925e-01 2.097198247909546343e-01 1.519045388698577748e-01
3.682829031348231474e-01 2.097756743431091753e-01 1.517524278163909779e-01
3.678321094810965697e-01 2.096823930740356889e-01 1.517484119534492359e-01
3.674547338485720238e-01 2.097541570663452593e-01 1.515570065379142628e-01
3.670691644400361220e-01 2.098128676414490190e-01 1.513398295640945301e-01
3.662258425354960600e-01 2.098660349845886675e-01 1.508747792243957386e-01
3.653432746976616463e-01 2.101814031600952593e-01 1.502366667985915727e-01
3.648676668852570693e-01 2.101570248603821245e-01 1.500711894035339222e-01
3.641063497960570494e-01 2.101530313491821733e-01 1.498014187812805043e-01
3.629198615998032729e-01 2.103175401687622514e-01 1.493245145678520069e-01
3.621557077020409743e-01 2.103004932403564897e-01 1.491732454299926625e-01
3.606606015563014189e-01 2.103201627731323686e-01 1.486871099472045765e-01
3.599613403528931777e-01 2.105319380760193315e-01 1.482877290248870716e-01
3.589139414578679244e-01 2.104533791542053667e-01 1.481278470158576832e-01
3.581856434792283217e-01 2.104301333427429643e-01 1.479381701350211964e-01
3.571508267521861235e-01 2.104201793670654741e-01 1.476326441764831410e-01
3.567877320200207869e-01 2.103736877441406694e-01 1.476042127609252796e-01
3.556871005892756621e-01 2.103327989578247514e-01 1.472987538576125965e-01
3.553067568317058722e-01 2.103074073791504350e-01 1.471897071599960194e-01
3.541875194385650794e-01 2.103735685348511186e-01 1.469031354784965382e-01
3.533552029728891930e-01 2.102386236190796343e-01 1.467072820663452015e-01
3.523607143759731053e-01 2.102421998977661577e-01 1.464677906036376820e-01
3.516801289841535727e-01 2.102848768234253374e-01 1.462163931131362782e-01
3.512947449088100194e-01 2.103181958198548918e-01 1.460364392399787770e-01
3.505644892901185194e-01 2.102768301963806596e-01 1.457624813914298878e-01
3.501944236084821860e-01 2.102768301963806596e-01 1.454498326778411732e-01
3.498356017842891852e-01 2.102938771247864214e-01 1.451931303739547596e-01
3.492860786244276206e-01 2.104464650154114214e-01 1.447636789083480702e-01
3.485012167692186913e-01 2.105917215347290483e-01 1.442665240168571061e-01
3.480790966749194304e-01 2.105333089828491655e-01 1.441353639960288868e-01
3.475785545632246176e-01 2.106247425079346147e-01 1.436079895496368275e-01
3.473927096091213862e-01 2.107875823974609819e-01 1.432582294940948353e-01
3.471205492131415604e-01 2.110839962959289995e-01 1.425714498758315907e-01
3.469714775308969656e-01 2.111759066581726518e-01 1.422280153632163868e-01
3.468906587548556408e-01 2.111735224723816362e-01 1.421290120482444630e-01
3.467477836273613612e-01 2.111288785934448686e-01 1.416197425127029286e-01
3.465084993839266936e-01 2.112232327461243120e-01 1.412243998050689564e-01
3.464112786203625838e-01 2.113290309906006303e-01 1.408739617466926441e-01
3.464030983485284487e-01 2.112865924835205522e-01 1.401408916711807118e-01
3.462777898274364552e-01 2.113959670066833940e-01 1.397015607357025013e-01
3.462032938003542504e-01 2.114328622817993608e-01 1.394418707489967213e-01
3.461255758628252188e-01 2.114555120468140093e-01 1.391456133127212391e-01
3.460741119086745976e-01 2.115915894508362260e-01 1.386700725555419789e-01
3.460042757540944813e-01 2.116585850715637651e-01 1.383573418855666981e-01
3.460019548982384840e-01 2.117404818534851518e-01 1.381106904149055348e-01
3.460671074315908591e-01 2.115561842918396440e-01 1.380149430036544667e-01
3.461220116913321654e-01 2.116214513778686968e-01 1.378237685561179982e-01
3.460707111842933337e-01 2.116643667221069780e-01 1.376634916663169728e-01
3.458976798318329493e-01 2.115585684776306596e-01 1.375565907359123097e-01
3.457780160568657557e-01 2.114351272583008257e-01 1.374825245141982899e-01
3.456736124679449240e-01 2.113387465476990190e-01 1.374493470788001881e-01
3.455460711009803454e-01 2.113079309463501421e-01 1.374020805954933033e-01
3.454304026998583077e-01 2.112702608108520952e-01 1.373605585098266468e-01
3.463891080208125750e-01 2.097114205360413042e-01 1.372996574640273915e-01
3.472287893854084651e-01 2.087638258934021440e-01 1.373840874433517600e-01
3.482843452692034880e-01 2.079624414443970171e-01 1.375872275233268882e-01
3.486607914417985121e-01 2.084120392799377885e-01 1.371887034177780018e-01
3.489844074100258986e-01 2.085230231285095659e-01 1.368214941024780140e-01
3.492584164813163916e-01 2.081869125366211382e-01 1.368481522798537797e-01
3.495029780641201178e-01 2.077263474464416948e-01 1.368983989953994618e-01
3.496989264711740653e-01 2.069963693618774858e-01 1.369128978252410755e-01
3.498690725862983464e-01 2.064288735389709917e-01 1.369866585731506214e-01
3.503357303887609242e-01 2.047910571098328081e-01 1.368537849187850819e-01
3.505209155008199851e-01 2.040392637252808061e-01 1.369079506397247181e-01
3.507280937954786459e-01 2.028943777084351030e-01 1.367794132232665882e-01
3.509813082963231246e-01 2.022019505500793901e-01 1.362570157647132740e-01
3.511676864326003233e-01 2.018806219100952593e-01 1.359359180927276478e-01
3.513257169723513762e-01 2.023125171661377397e-01 1.349804109334945545e-01
3.513569060340526740e-01 2.020780920982361284e-01 1.347483402490615711e-01
3.515530230104926823e-01 2.013618826866150346e-01 1.340855738520622120e-01
3.516889579221609274e-01 2.013166427612305132e-01 1.336603766679763661e-01
3.518872430175545851e-01 2.005729556083679643e-01 1.333284980058669911e-01
3.519504705071452300e-01 2.001603126525879350e-01 1.331279060244559831e-01
3.519910035282376448e-01 1.998672962188721147e-01 1.329061692953109608e-01
3.524184824526312987e-01 1.979107737541199175e-01 1.327049887180328236e-01
3.525014204531911055e-01 1.976133465766907182e-01 1.325715190172195301e-01
3.528061631694439093e-01 1.957666158676147905e-01 1.326716548204421864e-01
3.529957199096682707e-01 1.948926925659180132e-01 1.322959220409393177e-01
3.532228536531332175e-01 1.944988250732422319e-01 1.318993574380874501e-01
3.535823898017409483e-01 1.944047689437866655e-01 1.312511643767356739e-01
3.541730559989813010e-01 1.934667706489562322e-01 1.309663659334182328e-01
3.544346263259652297e-01 1.932330608367920366e-01 1.308214521408080921e-01
3.549191524833443245e-01 1.923125267028809038e-01 1.304616710543632374e-01
3.551778170838955084e-01 1.917407989501953569e-01 1.304149186611175404e-01
3.556088257208469550e-01 1.906008005142213468e-01 1.304880684614181385e-01
3.556775806099179427e-01 1.902010321617126909e-01 1.303526765108108387e-01
3.559477833658459822e-01 1.899158835411072221e-01 1.302483236789703236e-01
3.562655599415305296e-01 1.893097639083862749e-01 1.304612314701080189e-01
3.571375852078202406e-01 1.883052468299866167e-01 1.306474065780639515e-01
3.575089985132220427e-01 1.876202702522278276e-01 1.308190083503723011e-01
3.582606615126135430e-01 1.868094086647034135e-01 1.311581364274024830e-01
3.587656506896022002e-01 1.863275051116943803e-01 1.313360786437988148e-01
3.597830218821767012e-01 1.849067687988281694e-01 1.315643793344497547e-01
3.602179476618769804e-01 1.841394782066345659e-01 1.318388587236404286e-01
3.608309441804888884e-01 1.832755684852600542e-01 1.321326500177383290e-01
3.614916374534371535e-01 1.826857805252075639e-01 1.324461555480956898e-01
3.619961591064932982e-01 1.816408514976501909e-01 1.327530002593994007e-01
3.624283635616304955e-01 1.805913925170898882e-01 1.332806801795959339e-01
3.626021967828276793e-01 1.800472021102905718e-01 1.335037058591842518e-01
3.627558538317683379e-01 1.793270587921144132e-01 1.338212198019027577e-01
3.628783544152977547e-01 1.789201378822327104e-01 1.340782052278518544e-01
3.631623388826850096e-01 1.780118823051453081e-01 1.345120152831077442e-01
3.631225006282332579e-01 1.776074647903442827e-01 1.344434028863906727e-01
3.631995750218632857e-01 1.769078254699707475e-01 1.344557112455367909e-01
3.633020167797806343e-01 1.764050602912903276e-01 1.345019644498824940e-01
3.634006177634004353e-01 1.756557703018188921e-01 1.346778726577758933e-01
3.634277378767731825e-01 1.751059174537659135e-01 1.348634964227676258e-01
3.634903488308194319e-01 1.738887310028076616e-01 1.351800864934921131e-01
3.635216077417138258e-01 1.732168674468994585e-01 1.353965258598327503e-01
3.635521644353870152e-01 1.724849224090576616e-01 1.357206708192825184e-01
3.636031413078310570e-01 1.711427450180054155e-01 1.363196900486945973e-01
3.636100126057866255e-01 1.709167242050171343e-01 1.365366584062576161e-01
3.636268471926453749e-01 1.704326152801514116e-01 1.368085151910781727e-01
3.636395783722403685e-01 1.700263500213623491e-01 1.370419567823409901e-01
3.636217360943558852e-01 1.704422116279602495e-01 1.369189178943633900e-01
3.636249547451737563e-01 1.703406453132629839e-01 1.370293653011321888e-01
3.636106216907504241e-01 1.706535100936890093e-01 1.369153714179992543e-01
3.635858224332335631e-01 1.711783289909363237e-01 1.369378423690795765e-01
3.635604178160432021e-01 1.717617988586426225e-01 1.366641974449157582e-01
3.635473774373534361e-01 1.720623850822449175e-01 1.365763550996780262e-01
3.635334765166047255e-01 1.722782731056213823e-01 1.364893174171447621e-01
3.635177427530291716e-01 1.725414276123046209e-01 1.361307880282401905e-01
3.634986804425719420e-01 1.729041814804077593e-01 1.360906815528869496e-01
3.634902538359168211e-01 1.730725049972534624e-01 1.360745286941528187e-01
3.634810113906863371e-01 1.732678294181824175e-01 1.359596854448318348e-01
3.634593041241171996e-01 1.737148046493530718e-01 1.359125754237174855e-01
3.634536267817023436e-01 1.738078474998474565e-01 1.359809419512748585e-01
3.634609730541709105e-01 1.740259408950806108e-01 1.359507298469543324e-01
3.635692709684374413e-01 1.743058443069458452e-01 1.358341431617736406e-01
3.635763136297467391e-01 1.742470741271971990e-01 1.359308367967605180e-01
3.635779285430911223e-01 1.741351366043091264e-01 1.359986221790313587e-01
3.635760658979418913e-01 1.741160631179810014e-01 1.359499773383140431e-01
3.635793739557269255e-01 1.738979101181030718e-01 1.359997248649597035e-01
3.635801991075280348e-01 1.737978339195251909e-01 1.360164886713027821e-01
3.635747192054989974e-01 1.738015890121460405e-01 1.359881839156150685e-01
3.635763192176821867e-01 1.736733794212341753e-01 1.360416865348815507e-01
3.635785506665709654e-01 1.733925223350525346e-01 1.360994434356689320e-01
3.635840864479545353e-01 1.731357455253601518e-01 1.361697992682457115e-01
3.635861279070380370e-01 1.725764751434325506e-01 1.363238400220870561e-01
3.634541092067960499e-01 1.721686601638794389e-01 1.364967530965805198e-01
3.630996124446395079e-01 1.720073103904724565e-01 1.365377238392829762e-01
3.628839498013261000e-01 1.718925714492798296e-01 1.365085399150848255e-01
3.626014386862519978e-01 1.714803457260132280e-01 1.366559273004531727e-01
3.624134344607594649e-01 1.712384700775146928e-01 1.366982838511466847e-01
3.622359132021668038e-01 1.710221052169799139e-01 1.366354978084564076e-01
3.621894681453707854e-01 1.709748387336731401e-01 1.366276895999908314e-01
3.620056902617219130e-01 1.707811832427978960e-01 1.365908390283584461e-01
3.619435244798663298e-01 1.706079125404358354e-01 1.365853703022003041e-01
3.618771565705540816e-01 1.705354332923889604e-01 1.365781804919242726e-01
3.617682793736460845e-01 1.704215884208679643e-01 1.365471339225768910e-01
3.617284113168719450e-01 1.703866600990295854e-01 1.365282317996024952e-01
3.616330476105216185e-01 1.700628280639648882e-01 1.365315622091293202e-01
3.616771103441718260e-01 1.697794675827026811e-01 1.365696048736572132e-01
3.616874424368146101e-01 1.694331645965576616e-01 1.366161113977432118e-01
3.616884054243567626e-01 1.691666126251221147e-01 1.366600400209426469e-01
3.616966122388842741e-01 1.688828945159912553e-01 1.367374366521835194e-01
3.617515248805286965e-01 1.684517145156860796e-01 1.369224047660827503e-01
3.618435600399973473e-01 1.681097030639648882e-01 1.370126312971114702e-01
3.618927096575501601e-01 1.678823113441467729e-01 1.371228402853011952e-01
3.619617113471034209e-01 1.679196834564209428e-01 1.371636843681335316e-01
3.620348425209525267e-01 1.680064678192139116e-01 1.371326601505279408e-01
3.620480486750605742e-01 1.678963780403137651e-01 1.371969288587570057e-01
3.620755133777859847e-01 1.677278757095337358e-01 1.373089855909347123e-01
3.620874231308702229e-01 1.676646947860718218e-01 1.373592174053192005e-01
3.620945645123722634e-01 1.677337169647217241e-01 1.373588299751281327e-01
3.621226233989003340e-01 1.676107525825500932e-01 1.373669511079788075e-01
3.621391301602128743e-01 1.674837350845337358e-01 1.374272486567497398e-01
3.621940353512766997e-01 1.674306273460388628e-01 1.373663774132728443e-01
3.622424194216730675e-01 1.675332069396973100e-01 1.372818803787231312e-01
3.622736243158582448e-01 1.677213191986084428e-01 1.371099805831909046e-01
3.622899839282038847e-01 1.676913976669311968e-01 1.370679444074630604e-01
3.623606284707788228e-01 1.677496910095215288e-01 1.369762724637985374e-01
3.633441069722178618e-01 1.677065372467041460e-01 1.369223451614379750e-01
3.638981861621144454e-01 1.675969839096069780e-01 1.369332826137542591e-01
3.642012720555070082e-01 1.674297928810120073e-01 1.369999876618385182e-01
3.655853570997718016e-01 1.669852614402771440e-01 1.371499305963516102e-01
3.663502486050131957e-01 1.667961359024048296e-01 1.372571668028831071e-01
3.667757233232262215e-01 1.668338060379028764e-01 1.372235795855522023e-01
3.678522893786433379e-01 1.667778968811035600e-01 1.372187516093253956e-01
3.682411314547064940e-01 1.666829466819763628e-01 1.372556468844413624e-01
3.689514120668175856e-01 1.665768504142761675e-01 1.373077189922332630e-01
3.693162129819396178e-01 1.664325475692749468e-01 1.373229628801345692e-01
3.701878470927480458e-01 1.663030862808227983e-01 1.373654386401176319e-01
3.705872485041621922e-01 1.662213683128357378e-01 1.373500531911849842e-01
3.709034939855340163e-01 1.660745620727539507e-01 1.374198949337005482e-01
3.712922410666945616e-01 1.656834363937377264e-01 1.375165736675262318e-01
3.715487757325175444e-01 1.655244112014770952e-01 1.375837630033492909e-01
3.716497646272185484e-01 1.654544949531555620e-01 1.376103913784026966e-01
3.718278670310977141e-01 1.652934432029723455e-01 1.376892557740211354e-01
3.719484472274783293e-01 1.650715351104736772e-01 1.377017205953597889e-01
3.718970941007140318e-01 1.651035428047180620e-01 1.376019126176833973e-01
3.720066772401335875e-01 1.648630976676941362e-01 1.376968106627464161e-01
3.719937430322173277e-01 1.647421598434448686e-01 1.377533978223800526e-01
3.718844355642798583e-01 1.646685481071472612e-01 1.377486592531204090e-01
3.718715162575247923e-01 1.646163344383240190e-01 1.377014970779418812e-01
3.718552479147913536e-01 1.646823167800903764e-01 1.375342240929603443e-01
3.717873135209086577e-01 1.646677732467651811e-01 1.374006277322769032e-01
3.717528843879702727e-01 1.645081520080566850e-01 1.374134948849677906e-01
3.714701758325102965e-01 1.644703626632690874e-01 1.373495316505431996e-01
3.713671268522742985e-01 1.644284009933472124e-01 1.372932127118110524e-01
3.711918128281834761e-01 1.642779588699341264e-01 1.372922441363334523e-01
3.710978665947917143e-01 1.641916513442993608e-01 1.372513777017593251e-01
3.709020169079306761e-01 1.638790845870972124e-01 1.373469462990760670e-01
3.705730812251570860e-01 1.592360019683838335e-01 1.355386009812354908e-01
3.698330187797549407e-01 1.552042841911316362e-01 1.301939642429351673e-01
3.693876677751544713e-01 1.530740141868591753e-01 1.250232464075088368e-01
3.694027402997019927e-01 1.526815772056580034e-01 1.186159706115722523e-01
3.693891225010159651e-01 1.537898659706116167e-01 1.102902075648307667e-01
3.695546688139441649e-01 1.551319241523743120e-01 1.042366629838943348e-01
3.696904128044846694e-01 1.569439649581909624e-01 9.731443285942076304e-02
3.698061147332194487e-01 1.588822484016418901e-01 9.205682635307310679e-02
3.699978554248812834e-01 1.613567352294922319e-01 8.667394578456880105e-02
3.699926828593018691e-01 1.624336719512939897e-01 8.431676089763640025e-02
3.700802197307351271e-01 1.635573387145996538e-01 8.128491103649138072e-02
3.700848037004473290e-01 1.648707866668701616e-01 7.845771372318266490e-02
3.701366858184341191e-01 1.659031391143799272e-01 7.610501408576964000e-02
3.701410742104056517e-01 1.661953806877136675e-01 7.518920361995695689e-02
3.700927329808476607e-01 1.668807744979858843e-01 7.397212147712706187e-02
3.700268903374674956e-01 1.677785396575928178e-01 7.225453913211821177e-02
3.700568174570801894e-01 1.684179186820984331e-01 7.122212707996367076e-02
3.700436411052945296e-01 1.692637681961060014e-01 6.972521603107451060e-02
3.701110073924067656e-01 1.698320388793945757e-01 6.886053144931791881e-02
3.701201101392510573e-01 1.700432777404785600e-01 6.843409001827238658e-02
3.701134828478100935e-01 1.705736398696899858e-01 6.688320696353911021e-02
3.701175247877839247e-01 1.709632754325867143e-01 6.621278882026671031e-02
3.701216989755634068e-01 1.710471987724304643e-01 6.603443682193754771e-02
3.701333107054237126e-01 1.712013363838196245e-01 6.550991594791411021e-02
3.701399230957033715e-01 1.712759017944336382e-01 6.526759326457975963e-02
3.701566962152721962e-01 1.716406822204589178e-01 6.478340983390806773e-02
3.702152428776028792e-01 1.717657923698425737e-01 6.449103415012358287e-02
3.702165970206263146e-01 1.718823790550232378e-01 6.403513312339781383e-02
3.702465558052066008e-01 1.716059923171997514e-01 6.368486642837523082e-02
3.702538163959983031e-01 1.716157674789429155e-01 6.354035496711729625e-02
3.702751995623114745e-01 1.715568184852600542e-01 6.333746075630186656e-02
3.702933789789679686e-01 1.715310692787170854e-01 6.308543741703032115e-02
3.703032994270327727e-01 1.716614246368408647e-01 6.252251625061033824e-02
3.703092990070584456e-01 1.716958761215210405e-01 6.231305062770842174e-02
3.703163509815934340e-01 1.716850876808166948e-01 6.219415426254271129e-02
3.703938649594786803e-01 1.719177842140198198e-01 6.159634947776793101e-02
3.704283406585457961e-01 1.721245527267455389e-01 6.130981504917140668e-02
3.704961819201710860e-01 1.722450733184814897e-01 6.111010968685148814e-02
3.706385755538943449e-01 1.721719980239868608e-01 6.093530416488646129e-02
3.706327510625126997e-01 1.722677826881410246e-01 6.066773891448976053e-02
3.706354165077212492e-01 1.722447752952576128e-01 6.053127408027647594e-02
3.706432917714121977e-01 1.721177577972412553e-01 6.051842927932737926e-02
3.706434519588949761e-01 1.721282482147217241e-01 6.051400363445280650e-02
3.706441355496648549e-01 1.721466064453125444e-01 6.051103830337523082e-02
3.706441970169547240e-01 1.721603751182556596e-01 6.050762593746183970e-02
3.706407324969771544e-01 1.722488880157471147e-01 6.047461986541746715e-02
3.706402351707223652e-01 1.722932934761047807e-01 6.045888423919676402e-02
3.706404531002047698e-01 1.723078966140747514e-01 6.045474171638487437e-02
3.701288720220330397e-01 1.728012442588806596e-01 6.054884254932402232e-02
3.633905725181105772e-01 1.753922581672668901e-01 6.785591006278990367e-02
3.506110675260427634e-01 1.797619342803955522e-01 8.495716810226439097e-02
3.404736729897561709e-01 1.829204440116882768e-01 9.643454909324644664e-02
3.263676968961957137e-01 1.885527849197388139e-01 1.088674223423004017e-01
3.080203907191756407e-01 1.971347212791443315e-01 1.203696733713149891e-01
2.590704226493838469e-01 2.211997389793396440e-01 1.406828767061233387e-01
1.950458699464800716e-01 2.500869512557982732e-01 1.581298863887786732e-01
1.263335758447649559e-01 2.843785762786864568e-01 1.726782998442649708e-01
6.264540195465112538e-02 3.202208757400512029e-01 1.847901797294616566e-01
3.312956929206872791e-02 3.382887125015258123e-01 1.899025744199752674e-01
-1.738679766654949166e-02 3.715331733226774902e-01 1.985809212923049794e-01
-5.777314662933324962e-02 4.012355983257292480e-01 2.054511240124702598e-01
-7.464626789092998482e-02 4.151258349418638915e-01 2.080417355895042286e-01
-1.098050808906553266e-01 4.468576192855833185e-01 2.139676368236541615e-01
-1.186135745048521595e-01 4.549349129199979913e-01 2.157224944233894215e-01
-1.299199497699735639e-01 4.670241355895994317e-01 2.184580123424529896e-01
-1.386815047264097212e-01 4.779257953166959894e-01 2.203835254907607899e-01
-1.432214415073392311e-01 4.842092871665952813e-01 2.218246093392371998e-01
-1.468006706237791614e-01 4.883149743080137384e-01 2.236251613497733937e-01
-1.477610504627226429e-01 4.897746920585630548e-01 2.242883449792861805e-01
-1.482043004035948908e-01 4.907012760639188897e-01 2.248480772972106800e-01
-1.503291463851927356e-01 4.928971707820890558e-01 2.264221540093421803e-01
-1.507073378562925892e-01 4.921468973159788263e-01 2.272339543700218067e-01
-1.509519851207731800e-01 4.918666660785673272e-01 2.274662634730338917e-01
-1.510544455051420765e-01 4.914917826652525079e-01 2.276370009779929982e-01
-1.504340207576750355e-01 4.900058984756467950e-01 2.278395673632621354e-01
-1.503671443462370472e-01 4.889844834804533136e-01 2.280544793605804310e-01
-1.495300269126890180e-01 4.865841448307035577e-01 2.282344034314155445e-01
-1.492348647117612837e-01 4.858409047126768243e-01 2.282815507054328785e-01
-1.489514744281766334e-01 4.851767003536222589e-01 2.283156892657279835e-01
-1.490052378177640913e-01 4.845800578594205987e-01 2.284649616479873524e-01
-1.499549484252927778e-01 4.852834522724149835e-01 2.287984868884086476e-01
-1.505712604522703169e-01 4.858517825603483331e-01 2.290374195575713978e-01
-1.525318360328672962e-01 4.876002252101896417e-01 2.298052242398261891e-01
-1.528451776504515247e-01 4.875340640544889581e-01 2.302838420867919789e-01
-1.533425784111021595e-01 4.875594556331632745e-01 2.307661405205726490e-01
-1.537876760959623890e-01 4.879611611366270196e-01 2.309940537810325489e-01
-1.541613376140593128e-01 4.882681846618650567e-01 2.312079972028732167e-01
-1.547951436042784290e-01 4.888678371906278741e-01 2.316050088405608998e-01
-1.544701790809629993e-01 4.882741749286649835e-01 2.317947602272033558e-01
-1.544021701812742786e-01 4.880546808242796075e-01 2.319447255134582386e-01
-1.548715567588804798e-01 4.886435747146604669e-01 2.321529468894004689e-01
-1.548346614837645130e-01 4.886613667011259210e-01 2.322031638026237355e-01
-1.546027398109434126e-01 4.883862018585203302e-01 2.322496256232261524e-01
-1.546946799755095081e-01 4.884685158729551446e-01 2.323140060901641712e-01
-1.549700832366942005e-01 4.887166798114774835e-01 2.324020719528198109e-01
-1.551812922954557972e-01 4.887876093387601983e-01 2.325025579333305226e-01
-1.553617453575132923e-01 4.888987123966215265e-01 2.325938200950622703e-01
-1.553702688217161731e-01 4.887949109077451837e-01 2.326255595684051380e-01
-1.553357875347136097e-01 4.885819137096403253e-01 2.326934939622878895e-01
-1.554412281513212757e-01 4.886229515075681817e-01 2.327720379829406605e-01
-1.555882728099821088e-01 4.888599097728727472e-01 2.328180229663848744e-01
-1.556781268119810657e-01 4.889182329177854669e-01 2.328841245174407826e-01
-1.558759248256681440e-01 4.891297996044157159e-01 2.329623183608054982e-01
-1.557887232303618030e-01 4.889887750148771417e-01 2.330128705501556263e-01
-1.556672787666319446e-01 4.889548599719999444e-01 2.330729520320892201e-01
-1.557128763198851185e-01 4.891330182552335870e-01 2.331054216623306141e-01
-1.559184527397154407e-01 4.896543502807615411e-01 2.331503784656524525e-01
-1.558300888538359241e-01 4.894831359386442315e-01 2.331995373964309559e-01
-1.558097338676451282e-01 4.896138787269590509e-01 2.332432350516319142e-01
-1.556922531127928333e-01 4.894453763961790216e-01 2.332953146100044117e-01
-1.557115650177000599e-01 4.894813776016233575e-01 2.333159750699996815e-01
-1.558181381225584583e-01 4.896344721317289483e-01 2.333549639582633839e-01
-1.557703351974485950e-01 4.897074878215788019e-01 2.334022602438926564e-01
-1.557607388496397571e-01 4.897640228271482599e-01 2.334360784292221214e-01
-1.560948526859282093e-01 4.904872357845304620e-01 2.335240325331687794e-01
-1.564875280857084827e-01 4.913153231143949640e-01 2.336075535416602955e-01
-1.565718984603880481e-01 4.914269030094144952e-01 2.336461251974105702e-01
-1.591923272609709339e-01 4.961872577667234552e-01 2.345075389742851124e-01
-1.593887543678282337e-01 4.965296566486356866e-01 2.345475709438323841e-01
-1.586836016178129749e-01 4.977681815624235284e-01 2.345789900422096119e-01
-1.386256551742551801e-01 5.084042727947233331e-01 2.415148621797561512e-01
-1.275014615058897571e-01 5.137357592582700860e-01 2.488765275478362904e-01
-1.057277059555052356e-01 5.195497155189512384e-01 2.705417057871818409e-01
-9.771591782569871709e-02 5.201438248157499444e-01 2.838885715603828297e-01
-8.504012584686260201e-02 5.195055782794950616e-01 3.106735354661941395e-01
-7.790574789047222115e-02 5.174206674098966730e-01 3.329375168681144581e-01
-7.440662741661058233e-02 5.136971056461332452e-01 3.513266301155090199e-01
-7.296583414077745244e-02 5.118248939514158380e-01 3.590581944584846363e-01
-7.076415777206412905e-02 5.083339393138883722e-01 3.728269791603088246e-01
-6.987226366996757143e-02 5.065483331680296075e-01 3.793756669759750233e-01
-6.920633077621446416e-02 5.035211920738218438e-01 3.900024896860122547e-01
-6.912643074989305303e-02 5.007175385951994073e-01 3.999992465972900257e-01
-6.899643301963792608e-02 4.994934082031248779e-01 4.042102253437042103e-01
-6.898579359054551885e-02 4.986644268035887451e-01 4.071533238887786732e-01
-6.912869572639451787e-02 4.970209777355192871e-01 4.127596622705459461e-01
-6.925592184066758916e-02 4.964770257472990722e-01 4.152062690258025990e-01
-6.923857688903795049e-02 4.963432729244230956e-01 4.186678087711334095e-01
-6.911203622817985170e-02 4.964321434497832031e-01 4.198708093166351185e-01
-6.918219089508037545e-02 4.965212225914001354e-01 4.210147714614868031e-01
-6.925887227058397100e-02 4.966505348682402343e-01 4.218280917406082020e-01
-6.922519564628587529e-02 4.969999372959135742e-01 4.225812709331512318e-01
-6.926387906074510381e-02 4.977760791778563232e-01 4.234271949529647694e-01
-6.961703658103929326e-02 4.987115740776060790e-01 4.240325844287872181e-01
-6.957117080688463018e-02 4.991866230964659423e-01 4.244075721502303944e-01
-6.943992137908922002e-02 4.995735764503477783e-01 4.247367238998412953e-01
-6.918087959289537237e-02 5.000668644905088556e-01 4.256551718711852894e-01
-6.886598825454698369e-02 5.003008127212522638e-01 4.261406517028808461e-01
-6.849569439887986944e-02 5.004351913928983819e-01 4.276577091217040882e-01
-6.805047750473008916e-02 5.005669474601743829e-01 4.289072906970977650e-01
-6.837797522544841744e-02 5.012166380882261407e-01 4.303759342432021961e-01
-6.828058123588548467e-02 5.016032338142393243e-01 4.312468028068542347e-01
-6.804934501647935674e-02 5.016699612140653741e-01 4.314146494865417347e-01
-6.809997916221605108e-02 5.016373574733732355e-01 4.314484751224517689e-01
-6.830981731414781377e-02 5.014696598052976739e-01 4.315634524822234974e-01
-6.833124518394456670e-02 5.014875411987302911e-01 4.314883506298065052e-01
-6.839308500289903447e-02 5.015261948108671319e-01 4.312677836418151722e-01
-6.844711661338798159e-02 5.014645338058469903e-01 4.310797011852264271e-01
-6.842831134796129033e-02 5.013591229915617120e-01 4.310473358631133900e-01
-6.837344527244554326e-02 5.013497352600095880e-01 4.308772838115692005e-01
-6.830940008163444155e-02 5.013190090656278741e-01 4.308505958318710194e-01
-6.822440385818467901e-02 5.012541890144346368e-01 4.308227455615997181e-01
-6.815353393554673955e-02 5.011921107769010675e-01 4.307713067531585560e-01
-6.810096263885484502e-02 5.011243402957914483e-01 4.307540512084960804e-01
-6.805682539939866826e-02 5.010521888732908380e-01 4.307511901855468617e-01
-6.802091360092155092e-02 5.009855210781095636e-01 4.307508176565170155e-01
-6.800783038139324166e-02 5.009585797786710870e-01 4.307506537437438832e-01
-6.800541639327983834e-02 5.009461820125578058e-01 4.307512795925140248e-01
-6.799945592880235479e-02 5.009264528751371515e-01 4.307517862319946156e-01
