5.353118832798186011e-01 -5.954493197228383217e-02 2.900671283550249058e-02
5.351388658304918611e-01 -6.113238198502729537e-02 3.006237090363717002e-02
5.354500695929270693e-01 -5.814713927428050155e-02 2.796996306346311023e-02
5.352185964036464405e-01 -5.933730604462317260e-02 3.053323640441441000e-02
5.355071232909389689e-01 -5.806526218006757833e-02 2.827133848104135261e-02
5.393659576329774552e-01 -6.639344996429236145e-02 -6.701178464298962467e-04
5.393592703776337594e-01 -6.649598465048517371e-02 -1.703714938369627063e-03
5.353037614217818208e-01 -5.961975052033363642e-02 2.866633464135359688e-02
5.354281768519535412e-01 -5.805058369113497152e-02 2.781548614838058597e-02
5.352572020869917901e-01 -5.949320706681154869e-02 2.924764789759182193e-02
5.354331718231171156e-01 -5.813815282608569834e-02 2.794292788659036297e-02
5.354541634536259531e-01 -5.800871585173156264e-02 2.829621062004150644e-02
5.354778494960408253e-01 -5.816028749580304247e-02 2.785550328667096842e-02
5.353325639385032586e-01 -5.973113795486467703e-02 2.822031916081657599e-02
5.364107758079458277e-01 -6.327405899641286302e-02 -4.578187308719172677e-03
5.364620903093147986e-01 -6.339938972235092951e-02 -4.971364751350293432e-03
5.363991648245457489e-01 -6.318039899279542793e-02 -4.100918407872633509e-03
5.363309205920363532e-01 -6.310955856446548440e-02 -3.836897352148538332e-03
5.363951731270365508e-01 -6.329027196110037501e-02 -4.605317232699412955e-03
5.353360950223159387e-01 -5.785707154962044241e-02 2.883949371685012864e-02
5.364999206510793206e-01 -6.149605762804666309e-02 -4.388334324144649301e-03
5.353875571219015583e-01 -5.791410056075818602e-02 2.893392422620411075e-02
5.354726881489683121e-01 -5.809938074000553510e-02 2.828174976166386578e-02
5.364025762577917522e-01 -6.318844919162613927e-02 -4.129485177841729637e-03
5.363034851438864825e-01 -6.301478990165887417e-02 -3.677464717333656097e-03
5.354419954333641263e-01 -5.802521120665221632e-02 2.792374197415514736e-02
5.356121586695373749e-01 -5.650382445505258699e-02 2.728015798056704355e-02
5.356432133777282445e-01 -5.662507808905092865e-02 2.686460276442037554e-02
5.356219929001149183e-01 -5.656111922691386962e-02 2.692605187110919118e-02
5.354557291445087852e-01 -5.816066389947760484e-02 2.775948849250031714e-02
5.353530300658089214e-01 -5.979742198957127552e-02 2.812170797395063815e-02
5.354865459289341878e-01 -5.815520901221032934e-02 2.793540417423989730e-02
5.354471354844335673e-01 -5.811281615583968607e-02 2.770256198197573738e-02
5.354342595414727235e-01 -5.800714027665548889e-02 2.838034715380088890e-02
5.353199338974009569e-01 -5.967859933524949367e-02 2.861041034476397016e-02
5.354879386497032323e-01 -5.819618126204234576e-02 2.771790084028169510e-02
5.353971188193891173e-01 -5.794442447539044361e-02 2.821524291511900984e-02
5.354367155951247348e-01 -5.808775958211709334e-02 2.809095464879041160e-02
5.353718178868629440e-01 -5.788580747658755854e-02 2.871703874312148130e-02
5.354482087224058384e-01 -5.806059971148519461e-02 2.829542106166971216e-02
5.354386003029494301e-01 -5.804691863574085176e-02 2.840779034195528574e-02
5.354350466685087184e-01 -5.806327853508291836e-02 2.827389504373667428e-02
5.394918974566758063e-01 -6.476263275688887155e-02 -1.999771733978583654e-03
5.354135795804374487e-01 -5.798845871099084226e-02 2.838106253623995379e-02
5.362103083897259426e-01 -6.474487084589525265e-02 -3.509924445850964858e-03
5.352858415456641650e-01 -5.968874614045394100e-02 2.835783242942757632e-02
5.363537907953940254e-01 -6.314351600598544501e-02 -3.938571342025465327e-03
5.363428498040407888e-01 -6.323335918043554438e-02 -4.405177664804416082e-03
5.362802996285814805e-01 -6.292995875567569675e-02 -3.250311777199366148e-03
5.365355757072161058e-01 -6.165119040418781671e-02 -5.222013498129784992e-03
5.350791043216187592e-01 -6.117267993654684766e-02 2.982630780484152311e-02
5.304456421623066076e-01 -8.646094910755003360e-02 7.980674767258921776e-02
5.418246150429532060e-01 -1.095337763863131197e-01 8.976137736709399739e-02
5.725602981234551025e-01 -5.213120434696222327e-02 1.915732286161950793e-01
5.863307191532209917e-01 1.965298911568524876e-02 2.421936038297360927e-01
6.020766069616914073e-01 6.656111557808519485e-02 1.689367759575575167e-01
5.929956222367703811e-01 1.069404132359325632e-01 2.024271446894883031e-01
5.875734459975645585e-01 1.389922522003800287e-01 1.883876493970428889e-01
5.874269749561696896e-01 1.565779428311885324e-01 1.241455890656217864e-01
5.797850933780610561e-01 1.623074533849954704e-01 1.504341003617137851e-01
5.799647588286712674e-01 1.637272308934779042e-01 1.494080177435361811e-01
5.811495376446500494e-01 1.458136976005285912e-01 1.563592719135515896e-01
5.957481848875507691e-01 8.770390801851452034e-02 6.734533506212003751e-02
5.691745788757823776e-01 6.361904577595739463e-02 1.939074592310776612e-01
5.380842588713835584e-01 4.088935936019200135e-02 2.275158302431190549e-01
5.075660801726483706e-01 2.267307307766197599e-02 1.793770576084423585e-01
4.447578739122420299e-01 3.447484886386992242e-02 2.492699708935424141e-01
3.630977768209457945e-01 6.369905655765539798e-02 2.578250545327662735e-01
3.032282212792009046e-01 1.126899368946552848e-01 3.670473876483126840e-01
2.041649791200459418e-01 1.702874751157462674e-01 3.824625856310011063e-01
1.122120447138607036e-01 2.518472335784435745e-01 3.732274516571907341e-01
5.067757375573506140e-02 3.035814536190629687e-01 3.384751525388509652e-01
5.372629143047369382e-03 3.426582740054726628e-01 3.095151830611286847e-01
4.131866542378065388e-02 3.434766918478607822e-01 4.549257743023722433e-01
6.061209655991195433e-02 3.409400782667398877e-01 5.298599637012391117e-01
-7.979098107489346337e-02 3.888150499695539608e-01 1.935691129733978499e-01
1.780308613789083338e-02 3.651796397986412090e-01 4.808620874323485950e-01
-3.511600195735686825e-02 3.770729906607865889e-01 3.387934947787700768e-01
-4.391038789185275348e-02 3.872202867537140047e-01 3.202737295564292985e-01
-5.365272938221687937e-02 3.970044603883624568e-01 2.930320145379305963e-01
-3.605171240479942973e-02 3.906828819897174565e-01 3.360074459733366492e-01
2.184719229392995121e-02 3.529858539140821039e-01 4.476672201574147802e-01
-2.947880305911310117e-02 3.337767832282185765e-01 3.309126586748838417e-01
-7.399030993170729875e-02 3.010145727409720973e-01 1.830363895773110539e-01
-1.619125653753283878e-02 2.273504306168556144e-01 2.269665316474438477e-01
2.502437544401880931e-02 1.599984792812466639e-01 2.065275107819795064e-01
1.107661019393622048e-01 8.411412223383785136e-02 2.523624603303016301e-01
1.757388488841950536e-01 3.998529323771593535e-03 1.527120385257407786e-01
2.912653416977852849e-01 -5.833285596830395381e-02 1.182832677224792128e-01
3.397951555644541655e-01 -6.674474663852147938e-02 1.220384085335404212e-01
3.691588100994884769e-01 -8.375766933487349686e-02 3.300392735122881227e-02
4.130267665916010911e-01 -7.760032755556695028e-02 -4.281168700178339392e-02
4.318687566235706599e-01 -7.745111956787104068e-02 -2.232967927131790375e-03
4.481072235875509513e-01 -8.979604895717646640e-02 -3.385531747582826156e-02
4.278896096030160301e-01 -6.169915696905547975e-02 5.844802419629480106e-02
4.049610840500728060e-01 -3.901440428280827932e-02 1.128732707877284636e-01
3.786910185945987495e-01 -1.786342219591136038e-02 7.323769359905707432e-02
3.759524351120173691e-01 -6.045652997046679911e-03 -2.895492421120637871e-03
4.005513529980048171e-01 -6.161625492706879204e-03 -1.400926714720363009e-03
4.094710299348472970e-01 7.260710459053854038e-04 3.130720019749100302e-02
4.128504533455834014e-01 -1.286193853245670704e-02 -3.241063763611840010e-02
4.129702035495340651e-01 -1.146226419836282595e-02 -3.451333413501100900e-02
4.147890561525880981e-01 -1.782749301812053266e-02 -6.849631353811602708e-02
4.128558731660083581e-01 -1.266489576236901060e-02 -3.172062094811267663e-02
4.128574285390644860e-01 -1.268913459557291512e-02 -3.172048121613713079e-02
4.129920760236919230e-01 -1.155415443211793569e-02 -3.499773402676265022e-02
4.113804250489144776e-01 -3.521856555312841142e-03 -9.714147673143269657e-04
4.148262346497028630e-01 -1.777482152181864006e-02 -6.816409708721193894e-02
4.148299719396695839e-01 -1.785549641518296982e-02 -6.843050204254907953e-02
4.148850196828305359e-01 -1.784488549157975390e-02 -6.847835991542350342e-02
4.163690220757081950e-01 -1.309833736942711546e-02 -3.190449017407970267e-02
4.145308673044487691e-01 -7.041599851176139069e-03 -3.234389372193113843e-04
4.145281344217359165e-01 -7.059292109072135002e-03 -3.921365043908497938e-04
4.163443934551984138e-01 -1.306228843364115599e-02 -3.211928999980240285e-02
4.146847487077012784e-01 -5.086179967597082019e-03 1.475467656718798537e-03
4.147973496585220521e-01 -3.637959312349559049e-03 -8.624669977264076692e-05
4.166812277754023963e-01 -9.759420938149132585e-03 -3.317946469765686857e-02
4.181402648675829337e-01 -5.299257769912468774e-03 1.735494162605766277e-03
4.148609399979577006e-01 -3.800201003357706053e-03 -1.178658516883146490e-03
4.148676405154586022e-01 -3.734052014946920295e-03 -8.755791519583500104e-04
4.148701970217108514e-01 -3.726700486421541392e-03 -8.448376360954412689e-04
4.148582284296988831e-01 -3.800448721468452362e-03 -1.226759686332901111e-03
4.166548923716902886e-01 -9.753284502506232023e-03 -3.323563029873977115e-02
4.166916874704063578e-01 -9.922986641108910710e-03 -3.389493946348132170e-02
4.166865895604252579e-01 -9.945337969928913502e-03 -3.423024485026315844e-02
4.166795977999597778e-01 -9.857660391539291300e-03 -3.352473281597045940e-02
4.184398916931361123e-01 -1.797964907982940730e-02 -6.816156013749097298e-02
4.166757032896056812e-01 -9.952397840604143564e-03 -3.436037035931738259e-02
4.166509173601180560e-01 -9.856920131683322150e-03 -3.369417062703217169e-02
4.184535561833531148e-01 -1.794249098348610350e-02 -6.804142713346927884e-02
4.185824197368248623e-01 -1.605018002970515223e-02 -6.724211028401483325e-02
4.166957771281003531e-01 -9.813521430641347632e-03 -3.347626046278784351e-02
4.166502843621223695e-01 -9.797255846112962185e-03 -3.368240653180931687e-02
4.182273500160216817e-01 -4.093603391855993312e-03 -8.907431882112515353e-04
4.167055754486218566e-01 -9.973066363170746129e-03 -3.422073462076880013e-02
4.167050763822913728e-01 -9.886217744559055998e-03 -3.386658326130231877e-02
4.166660414886355079e-01 -9.756203310251232441e-03 -3.316134164450779132e-02
4.185722693734869604e-01 -1.614730975957212600e-02 -6.738454024541606913e-02
4.166735625602126514e-01 -9.805605456858823565e-03 -3.331097701285790080e-02
4.166915000425323035e-01 -9.819243854209736000e-03 -3.361241795934377663e-02
4.166247261137471236e-01 -9.821300988301640000e-03 -3.376103094902549451e-02
4.166761960297033496e-01 -1.000997607608133944e-02 -3.455979692384536506e-02
4.166935880693539707e-01 -9.828740792736379017e-03 -3.367258108907877912e-02
4.201757115716367452e-01 -1.015459915471073060e-02 -3.338594464165445252e-02
4.201692977261036743e-01 -1.011883979332439676e-02 -3.326978828466109483e-02
4.167074804010481026e-01 -9.964533015310750308e-03 -3.434999541863348327e-02
4.200728962066113681e-01 -1.206357824376225185e-02 -3.482882016125321556e-02
4.182867250201866005e-01 -4.232914080426086745e-03 -1.564784782304817767e-03
4.182482833025112368e-01 -4.158972479626543706e-03 -1.313533482555362397e-03
4.148516279159932818e-01 -3.736536547034929878e-03 -7.195738991991884603e-04
4.184618281490727898e-01 -1.802533867354688679e-02 -6.828723023950367121e-02
4.166823893156200165e-01 -9.893234657555816103e-03 -3.378024963615700038e-02
4.166450664875432919e-01 -9.915878130391242440e-03 -3.408008493730352306e-02
4.182411203318193715e-01 -4.068499612197296056e-03 -6.669451580174623473e-04
4.184063974933296404e-01 -1.799616169252993281e-02 -6.849886229621926503e-02
4.167187474987208429e-01 -9.927581841498556159e-03 -3.402332356898196686e-02
4.182749433688059404e-01 -4.230029429033443922e-03 -1.434183921665610484e-03
4.166607826790674762e-01 -9.786085556909407401e-03 -3.309336810213858726e-02
4.182460870190128910e-01 -4.099776980653391245e-03 -8.779273297034873025e-04
4.166964055460363747e-01 -9.898861385464641227e-03 -3.386428750710934743e-02
4.184886763538554488e-01 -1.800857772906122589e-02 -6.808733463848026801e-02
4.165373231078460803e-01 -1.178951326586308301e-02 -3.519550962230333369e-02
4.180539499724730268e-01 -7.210661886647262708e-03 3.112088195362794352e-04
4.184036630970836002e-01 -1.799229695665827133e-02 -6.838580144898309676e-02
4.184681787639633610e-01 -1.796220780058205291e-02 -6.788564872031299657e-02
4.182747529660671981e-01 -4.248611249893896602e-03 -1.563273587523505981e-03
4.166909149750143149e-01 -9.872290630429880753e-03 -3.388766460395009616e-02
4.181457815166696457e-01 -5.264340980008164195e-03 2.022817647550079201e-03
4.166764355564906985e-01 -9.779694490537005347e-03 -3.321745738670900394e-02
4.184543852583780255e-01 -1.801803807611762620e-02 -6.832145060663896707e-02
4.167052553429126949e-01 -9.859406785994784261e-03 -3.353496261279875768e-02
4.166807685209557022e-01 -9.856016010090673518e-03 -3.356592984243245148e-02
4.166978765786692462e-01 -9.983612129136953950e-03 -3.433336306601386667e-02
4.148639046234130490e-01 -3.803320613473659684e-03 -1.144465359267599069e-03
4.167034259074672287e-01 -9.865361022010410430e-03 -3.362116065325371217e-02
4.184424742164060129e-01 -1.810027228631072571e-02 -6.877801480566203551e-02
4.148181064063951595e-01 -3.944245946720159601e-03 -2.001387458496539651e-03
4.148166460176497816e-01 -3.902812425255697271e-03 -1.939862102530831578e-03
4.166393575362220547e-01 -9.990682384654892001e-03 -3.450654038009415281e-02
4.148488158564835326e-01 -3.836468794017999784e-03 -1.391776072801720332e-03
4.166584402004942511e-01 -9.793176170781181522e-03 -3.322322436053970485e-02
4.166612893132239925e-01 -1.001961308088894498e-02 -3.450855570082822510e-02
4.166773672237082948e-01 -9.793147282585457081e-03 -3.322690620737889233e-02
4.166939673752099726e-01 -9.928260152906154268e-03 -3.402873780160708961e-02
4.166757209024563591e-01 -9.843594574376890449e-03 -3.344012159515985516e-02
4.164544384627446583e-01 -1.173950130201872888e-02 -3.444448547300327235e-02
4.170620386447503880e-01 -2.089009720276291393e-02 -1.052445788228282275e-01
4.210390991570621688e-01 -1.811420580905670485e-02 -1.089963962465270164e-01
4.212551907257184869e-01 -1.643473307181886334e-02 -1.105388871920727212e-01
4.210468854077100698e-01 -1.809622939878696712e-02 -1.092240363136469661e-01
4.218586160795838036e-01 -2.767785468989603093e-02 -1.855828291025742871e-01
4.153904100874394323e-01 -1.138240494421122184e-02 -7.402764071964473835e-02
4.118380400528267038e-01 -1.090756882314380949e-02 -7.302093899146977485e-02
4.097021535887912513e-01 -7.751878385558685913e-03 -3.535078872341901324e-02
4.080431828734845112e-01 -1.825030933707949554e-03 -3.385665247820357493e-03
4.097152236596226516e-01 -7.548197122275723814e-03 -3.485619902154213356e-02
4.097386265113324155e-01 3.518052576392927122e-03 2.718461353423151650e-02
4.097738234913706479e-01 -7.590793075531676593e-03 -3.495745309171982562e-02
4.078517190926342906e-01 -3.138891468197124723e-03 -8.020692524328687512e-04
4.079096996096908678e-01 -3.145944543331835597e-03 -8.453894540845219296e-04
4.078418279572143534e-01 -3.245352161064751773e-03 -1.613673296130491153e-03
4.079882386533825733e-01 -1.961204409927086445e-03 -4.096679853789364500e-03
4.080090254866003963e-01 -1.916166904598448628e-03 -3.727104279896753525e-03
4.078692271090179622e-01 -3.298165875822323123e-03 -1.501774674291800338e-03
4.079545924471854601e-01 -2.025622260272474939e-03 -4.440902091997989132e-03
4.081275670010701129e-01 -5.341281077116954989e-04 -6.075235226241426645e-03
4.096375323841019989e-01 -7.809377211555834641e-03 -3.592836691193213028e-02
4.094524603686660047e-01 -1.092598984804749040e-02 -3.359680524583907868e-02
4.130937122410103801e-01 -9.565901271179344523e-03 -3.344589931346098055e-02
4.131363668583289406e-01 -9.566997062996018819e-03 -3.333660897039836257e-02
4.130658272808686027e-01 -9.746367860779148184e-03 -3.448993430299540641e-02
4.113682866434038021e-01 -3.577787367761042781e-03 -1.543897781202119290e-03
4.131091595028117402e-01 -9.619067164227335098e-03 -3.377876060826845439e-02
4.131451416610688043e-01 -9.521039353162008556e-03 -3.330580691487039502e-02
4.113997085910260365e-01 -3.489288233906040482e-03 -1.310426926916852253e-03
4.131390906906202698e-01 -9.516627598538940358e-03 -3.366478103411552070e-02
4.131354324319257421e-01 -9.510015630677270959e-03 -3.366114233923611643e-02
4.131429876100792820e-01 -9.327694952025955555e-03 -3.256861397458998830e-02
4.131516044722646219e-01 -9.710542547941125591e-03 -3.468522799583251270e-02
4.131500187582821115e-01 -9.400376444607949633e-03 -3.299673452541695973e-02
4.113972002687185658e-01 -3.475046804636616748e-03 -1.180414146731978420e-03
4.131591029355913824e-01 -9.581506366431624677e-03 -3.397137146195028379e-02
4.131266944244504358e-01 -9.472192046791338971e-03 -3.335375771661719391e-02
4.131242733978017778e-01 -9.356006695345087110e-03 -3.263606943768482260e-02
4.113980856040194700e-01 -3.439296821787896086e-03 -9.576655473866324542e-04
4.131399230112149934e-01 -9.521684226140358920e-03 -3.357190017296129980e-02
4.149856661732300722e-01 -1.579437547670298203e-02 -6.709638614985879990e-02
4.131579950434520754e-01 -9.640778458133325568e-03 -3.407599067274702520e-02
4.131707781310647865e-01 -9.515889504462471393e-03 -3.336421419597712656e-02
4.131585616550773055e-01 -9.486136863052829771e-03 -3.344922374301106949e-02
4.131670680379211369e-01 -9.608744121044898723e-03 -3.387704613276110166e-02
4.131796289611786577e-01 -9.608856628537165712e-03 -3.394528896513149263e-02
4.131187520025431659e-01 -9.477406827300749459e-03 -3.335766991834643314e-02
4.131263975448131731e-01 -9.536850941300356599e-03 -3.385099644058930934e-02
4.114192190046667696e-01 -3.427720470368766925e-03 -8.570262649298943103e-04
4.131308226489126545e-01 -9.415357973426574656e-03 -3.293985517736097712e-02
4.131256639018386356e-01 -9.586711774706768718e-03 -3.406733296004071931e-02
4.131192480522543065e-01 -9.506299235731319186e-03 -3.358523584965045217e-02
4.131651514397993163e-01 -9.615507795885214204e-03 -3.390819267174682849e-02
4.131259745105639314e-01 -9.412892105087611316e-03 -3.284729021528742798e-02
4.131472077262401399e-01 -9.511901006698630923e-03 -3.348821131899359926e-02
4.130937821719973813e-01 -9.478775912910630819e-03 -3.353838658629504366e-02
4.131163948082208215e-01 -9.536562382250979297e-03 -3.359273539465990055e-02
4.131272005244194800e-01 -9.373572008401109823e-03 -3.297068087959886817e-02
4.131183003550142341e-01 -9.453817088127036694e-03 -3.343938713145999664e-02
4.113944909322947430e-01 -3.437680193692393971e-03 -8.736370135828952499e-04
4.113932998128175811e-01 -3.524172219544596807e-03 -1.317546350541709543e-03
4.131389084685087587e-01 -9.475511826515126135e-03 -3.318167279945627435e-02
4.113793819317862477e-01 -3.478772334262691945e-03 -1.146831912430368305e-03
4.131240276423155944e-01 -9.410153515577279748e-03 -3.295510623857089705e-02
4.131444740997910481e-01 -9.552737182736359411e-03 -3.374293076327439245e-02
4.131408266112207572e-01 -9.456913039237180296e-03 -3.309667328806797926e-02
4.131141424394458861e-01 -9.444757258117164600e-03 -3.336564793816965135e-02
4.131254736669882632e-01 -9.375521545812393054e-03 -3.288741325001054427e-02
4.131394088572025169e-01 -9.585154805362150476e-03 -3.373219086312673198e-02
4.131263013836085074e-01 -9.434039689093842718e-03 -3.320995830003625748e-02
4.131411410254179906e-01 -9.416236579269154916e-03 -3.285648720157152702e-02
4.131509034842877903e-01 -9.661564482778273177e-03 -3.429242490887807193e-02
4.131479586069047860e-01 -9.520980316489902062e-03 -3.361616592413185778e-02
4.131656248915418495e-01 -9.605902305409308450e-03 -3.385003068743874799e-02
4.131104892321615929e-01 -9.429316805601051232e-03 -3.299650105446416681e-02
4.131541660027623353e-01 -9.608078004449571718e-03 -3.379438103313758823e-02
4.131284777957752175e-01 -9.478589552566418774e-03 -3.326841626170340405e-02
4.113893459813297016e-01 -3.532151571869757145e-03 -1.472481602790898236e-03
4.131635319267034090e-01 -9.538585223019035997e-03 -3.340316090907458069e-02
4.131619750950515368e-01 -9.514472197353796012e-03 -3.330928548333345063e-02
4.131693290936336305e-01 -9.651137659296371574e-03 -3.399956484842237003e-02
4.131489817284568766e-01 -9.494158156141574434e-03 -3.357538205389309915e-02
4.131486379420087340e-01 -9.514374198421826634e-03 -3.352779971876373999e-02
4.131302073520809470e-01 -9.523194625616016040e-03 -3.367833209898929425e-02
4.131177227226823234e-01 -9.480534389436190423e-03 -3.342487205295707753e-02
4.131473251310288641e-01 -9.522678175538701328e-03 -3.337970500186671075e-02
4.131902767197682680e-01 -9.584765372052717058e-03 -3.379062727978610070e-02
4.131207878840819081e-01 -9.370742249593111417e-03 -3.272965020634899247e-02
4.131728026760160821e-01 -9.637897078752510893e-03 -3.398214761728945987e-02
4.131484279883176347e-01 -9.411647074133111524e-03 -3.295527976056500385e-02
4.131356714254543205e-01 -9.496168932750792546e-03 -3.345420321099079608e-02
4.131435666610747681e-01 -9.367688585042943661e-03 -3.259595127929282299e-02
4.131037827218994041e-01 -9.479071193620514091e-03 -3.313754303232374632e-02
4.131448874472797295e-01 -9.361129536509527060e-03 -3.279544248981802745e-02
4.131526768364906510e-01 -9.460257965803131608e-03 -3.314255413172251252e-02
4.131217184776320717e-01 -9.468008475318479000e-03 -3.339379942253306588e-02
4.131755887595012777e-01 -9.595293005570770806e-03 -3.393649269073084618e-02
4.131739319069415162e-01 -9.484306784987461825e-03 -3.322307713553773745e-02
4.131322586019560150e-01 -9.494324839547263473e-03 -3.345927717446017802e-02
4.131541014423176228e-01 -9.496070735380002237e-03 -3.338924036507240345e-02
4.131269890495613550e-01 -9.497464466378113812e-03 -3.351314529992999169e-02
4.113864775057032297e-01 -3.495778707787389195e-03 -1.380814359022153326e-03
4.131775561513215123e-01 -9.567297965735133136e-03 -3.353936570660609462e-02
4.131415118049308610e-01 -9.454998743131715067e-03 -3.315906210996444337e-02
4.131538707940891064e-01 -9.543754798784831461e-03 -3.365519335484878916e-02
4.131478041140168589e-01 -9.474395579874506090e-03 -3.336794662739195338e-02
4.147782307515680555e-01 -3.935248077273301170e-03 -1.747137345299298872e-03
4.131310062801524241e-01 -9.507601577594837483e-03 -3.354448077828209307e-02
4.131282786484226088e-01 -9.444908730074697001e-03 -3.329272073678901656e-02
4.113852670853719307e-01 -3.502471084371183707e-03 -1.251433110895039391e-03
4.131600776935696606e-01 -9.442101559907212227e-03 -3.306730571715532641e-02
4.149809587058976845e-01 -1.577898797388371799e-02 -6.705597532046225773e-02
4.131411963661775211e-01 -9.583044435396759209e-03 -3.396814404394854492e-02
4.113921198275953817e-01 -3.357284983724340144e-03 -5.925815167442394227e-04
4.131211942766189749e-01 -9.449067861854953954e-03 -3.316835695784692284e-02
4.131313899308696191e-01 -9.423159954592530418e-03 -3.322820766826661831e-02
4.131358545189097176e-01 -9.487193739041666074e-03 -3.342266996231768594e-02
4.131633690228134759e-01 -9.561683723121883194e-03 -3.360031005897101686e-02
4.131543728488952238e-01 -9.460465252220551235e-03 -3.326969704727389399e-02
4.113947308119192958e-01 -3.471890430912338843e-03 -9.568784812548081220e-04
4.131610461629048325e-01 -9.428925334975080119e-03 -3.303554952137832679e-02
4.131446811649605033e-01 -9.479169987872237968e-03 -3.329774851412703462e-02
4.131775538463845487e-01 -9.613613962069167407e-03 -3.389053087135018849e-02
4.148036648877978516e-01 -3.954539084434494089e-03 -1.759659253317114036e-03
4.149730218890712030e-01 -1.588110512600832136e-02 -6.768214777119374581e-02
4.147682325929685776e-01 -3.830295290902174798e-03 -1.250692205797987455e-03
4.147809953115925707e-01 -3.919509350821304139e-03 -1.721999482440228491e-03
4.131276488499462940e-01 -9.490953046739081245e-03 -3.352305700795965571e-02
4.131389473455459038e-01 -9.408335420876767774e-03 -3.284887258223467832e-02
4.113849672304034089e-01 -3.530615501940226331e-03 -1.396830336058085820e-03
4.146530033661782189e-01 -5.132007663845972179e-03 8.590942955581937213e-04
4.131409229302331343e-01 -9.544060774639206990e-03 -3.369292172167814847e-02
4.131519779632031319e-01 -9.582354577481688729e-03 -3.395534596004190497e-02
4.131720705418765460e-01 -9.640307287424820792e-03 -3.402669646252398650e-02
4.131322693113461675e-01 -9.556699564799708835e-03 -3.383931748109847426e-02
4.131312936980754413e-01 -9.550942041158583251e-03 -3.379086082783788747e-02
4.131179292706384509e-01 -9.485898247107826808e-03 -3.341378749964007966e-02
4.131307975451811720e-01 -9.438852851107737418e-03 -3.311812531869029463e-02
4.131556104871690338e-01 -9.418826335757912727e-03 -3.299099187899856567e-02
4.113896482405841049e-01 -3.493389271944702390e-03 -1.175339495456118044e-03
4.131717400830745568e-01 -9.540801045536950742e-03 -3.348911922138930741e-02
4.131459239443794340e-01 -9.418810770198682292e-03 -3.297619226889381139e-02
4.131345513169378814e-01 -9.546273085772993827e-03 -3.364824508233210665e-02
4.131036761498450560e-01 -9.504114947527619872e-03 -3.371342458603088232e-02
4.131199196504741211e-01 -9.456068504005599173e-03 -3.320054979798348072e-02
4.131215594144612702e-01 -9.474349600523623849e-03 -3.342085854286702684e-02
4.131641049807474042e-01 -9.469423959895972853e-03 -3.323057837349385757e-02
4.131581246334731783e-01 -9.475619731187767680e-03 -3.334611008059096271e-02
4.147872239042311171e-01 -3.829889616519199791e-03 -1.385506083120269238e-03
4.131472437458768576e-01 -9.466136544272196751e-03 -3.329633131069931196e-02
4.131585350004479129e-01 -9.487244893625346176e-03 -3.342076666735338542e-02
4.131315302065118877e-01 -9.537039087608389920e-03 -3.367458362754804924e-02
4.130278690170987588e-01 1.940130056902800160e-03 2.949522932474391013e-02
4.131461230471730195e-01 -9.408275363683715753e-03 -3.286727816106660427e-02
4.131496088163376101e-01 -9.574379909753794049e-03 -3.363604542372233830e-02
4.131574317505300464e-01 -9.575535540908564069e-03 -3.387456289066070880e-02
4.131358886631071869e-01 -9.464552038460971595e-03 -3.320810785093319950e-02
4.131266446214869603e-01 -9.449894894018762148e-03 -3.320430885380298847e-02
4.131324082642197082e-01 -9.394595808923156266e-03 -3.293904899827237998e-02
4.131123620929420537e-01 -9.482988177180295963e-03 -3.345336206348248353e-02
4.131403768504068319e-01 -9.426644267007677769e-03 -3.300125088366501203e-02
4.113941470549926094e-01 -3.484524296626434481e-03 -1.258868462263862398e-03
4.131258707537516783e-01 -9.357981045976293544e-03 -3.294056983628501634e-02
4.113877545236691580e-01 -3.433533801332100399e-03 -1.004688722457958150e-03
4.131247757026001999e-01 -9.382414662793270299e-03 -3.289715781576574294e-02
4.113992697760804895e-01 -3.450586871996508265e-03 -1.016356960388264952e-03
4.131813930939539636e-01 -9.583637720331494858e-03 -3.370721603817883327e-02
4.131667603743999773e-01 -9.541228483051111819e-03 -3.375243049979070875e-02
4.131080693133011295e-01 -9.391788752183272138e-03 -3.301271144538908686e-02
4.131559610782146175e-01 -9.461306941926428404e-03 -3.310225193569071855e-02
4.131565511676489888e-01 -9.581403569728141889e-03 -3.400573557085406762e-02
4.150015993225767974e-01 -1.581209602032607187e-02 -6.712194520538528053e-02
4.131816972368732022e-01 -9.518313796535116111e-03 -3.342084291620928127e-02
4.131373554725438768e-01 -9.394734001070215168e-03 -3.294270843893443157e-02
4.147819874034807119e-01 -3.939918682858367660e-03 -1.790573216607471707e-03
4.147778372125818791e-01 -3.834038156703079014e-03 -1.179147005764491496e-03
4.148152333328172237e-01 -3.978332175508136892e-03 -1.892259440779087143e-03
4.147916701609671852e-01 -3.964996699511946776e-03 -1.800813873615858540e-03
4.148246762162998702e-01 -3.935894398376271752e-03 -1.544351818973499491e-03
4.131740969022318910e-01 -9.475120342358922532e-03 -3.327533195688947565e-02
4.131393558797389343e-01 -9.447802904188618012e-03 -3.324227376121724475e-02
4.131549870217888776e-01 -9.545249991506299381e-03 -3.367763385512079211e-02
4.147893582583502270e-01 -3.936294896259906473e-03 -1.789195348946170938e-03
4.131338154482275260e-01 -9.558706022471163966e-03 -3.393509956814200201e-02
4.131750167542458385e-01 -9.583991777956490932e-03 -3.388373115335108210e-02
4.149817125551789609e-01 -1.585426612314577710e-02 -6.737522019962516318e-02
4.131551278663576077e-01 -9.469082582622745381e-03 -3.329119886025799779e-02
4.131447929406836805e-01 -9.471744732007347789e-03 -3.342263699076863936e-02
4.114080250267728722e-01 -3.445872511997793985e-03 -8.789314013446514195e-04
4.131465605425729826e-01 -9.635881212249397532e-03 -3.404411386422001584e-02
4.079411680458738809e-01 -3.317557879820465239e-03 -1.147284189424668810e-03
4.009073529613808029e-01 -1.680452890524264387e-02 3.524008755135610294e-02
3.938640978267982096e-01 -3.509761946803330313e-02 7.892486494884853876e-02
3.916457595065400143e-01 -6.033745227775721975e-02 8.881028942243918145e-02
3.867976744900539776e-01 -3.776626980446273762e-02 1.416392999288906829e-01
3.732011013760536677e-01 -4.151800906346736486e-02 8.088798191443680174e-02
3.618323014607369714e-01 -2.701995784911515042e-02 1.351772570255875827e-01
3.465689555408240086e-01 -3.692355542278291658e-02 7.605506352704738404e-02
3.434969597634524030e-01 -4.560002644106742054e-02 5.115165686929379341e-02
3.463972733367859935e-01 -3.967323975001274539e-02 7.928817480119310090e-02
3.470719765408515345e-01 -4.430814203314481503e-02 5.053028385889080099e-02
3.467790913321554536e-01 -4.753820618201787251e-02 5.137619859242592568e-02
3.487640150777995274e-01 -5.238602004321657457e-02 8.484588833543127429e-02
3.550747472863853282e-01 -7.060458117409046386e-02 6.085155335155856271e-02
3.590515200204162927e-01 -7.947362049894779457e-02 3.258768045900684029e-02
3.659644719078719577e-01 -8.013140208384389451e-02 3.194421422353999063e-02
3.756527203026592820e-01 -6.858803987006839575e-02 -8.746553830422554299e-03
3.846379254086539357e-01 -6.828912889304750156e-02 -4.591333988545609479e-02
3.800716270740598368e-01 -5.886118848848337359e-02 -1.197755512536291533e-02
3.810627297018379100e-01 -6.806363720186053845e-02 -4.626448010855011006e-02
3.812751907172977628e-01 -6.624503424668309881e-02 -4.574517887764861790e-02
3.801051368072658754e-01 -5.901507732321314981e-02 -1.276254615321770203e-02
3.811045402345388800e-01 -6.813037015861267420e-02 -4.662623031973378573e-02
3.812557383143186374e-01 -6.622978091962633540e-02 -4.560299437498605002e-02
3.812380083992480406e-01 -6.637999155922230665e-02 -4.642142049152386818e-02
3.835353111944347360e-01 -5.948777597077187229e-02 -1.331432218133210554e-02
