7.101212865514188177e-01 -6.806816310025004535e-02 1.882047752653071004e-01
7.145793057837903639e-01 -7.164974871423090974e-02 1.600698026730364987e-01
7.125656414930701121e-01 -6.436050988160069153e-02 1.554693696886850773e-01
7.129478852031826408e-01 -6.142745434471963417e-02 1.541761456884949144e-01
7.086754780724375813e-01 -5.492661862356962299e-02 1.818123066990824377e-01
7.086754924217879559e-01 -5.483662861150501167e-02 1.820230934488922259e-01
7.126733576467931819e-01 -6.269056210471685153e-02 1.554228505237293945e-01
7.126373133069903165e-01 -6.439329749323424723e-02 1.552113587133705508e-01
7.035194267144232461e-01 -6.026270374459774537e-02 2.121910608237809193e-01
7.058827502333819837e-01 -6.303174754639712107e-02 2.152131043134932753e-01
7.059182941588491023e-01 -6.303832381355756187e-02 2.151359038409277336e-01
7.062579042388260619e-01 -6.178922822329402376e-02 2.135666946502148278e-01
7.107396727877856035e-01 -6.378631423526998079e-02 1.859425591511785214e-01
7.066720882101744650e-01 -5.741305154279618961e-02 2.121107421895331857e-01
7.104959214751720431e-01 -6.512242353365571557e-02 1.867405213024517785e-01
7.104106840523690680e-01 -6.510003002190589694e-02 1.872444881257400162e-01
7.061941576043069269e-01 -6.181617397957289706e-02 2.136547726320781049e-01
7.083876790753513841e-01 -6.594157310968634667e-02 2.171034650466814320e-01
7.086525501257657789e-01 -6.625371816228325939e-02 2.161092480043307340e-01
7.087185627560823598e-01 -6.468796699480711121e-02 2.158368233669698544e-01
7.103434128962515803e-01 -6.665478849211337042e-02 1.872382910751431151e-01
7.080231665183216450e-01 -6.230370828816295115e-02 1.840974547367559833e-01
7.104804865136533643e-01 -6.517601137937600875e-02 1.867105381291567223e-01
7.148898305362820782e-01 -6.867324943936609083e-02 1.589189533814243660e-01
7.077936620179147154e-01 -6.375765762830520877e-02 1.850415622646546243e-01
7.057770261948853596e-01 -6.289737012036883401e-02 2.156228869720273611e-01
7.084914084737985451e-01 -6.768161074392492482e-02 2.164701797062933419e-01
7.085581393444448928e-01 -6.778061063355200755e-02 2.162818229103460332e-01
7.123277260943442490e-01 -7.392985175175958990e-02 1.918804106101690277e-01
7.083911939215927767e-01 -6.756038457264745833e-02 2.168630296040050531e-01
7.103498045437603992e-01 -6.673150744664668732e-02 1.871274140009775433e-01
7.080168829426796151e-01 -6.236032509343325536e-02 1.839207273720713243e-01
7.125673550379634236e-01 -6.267633821339901878e-02 1.554264854165299248e-01
7.126183137331754125e-01 -6.268589211140568329e-02 1.554463198981670402e-01
6.994279169539631136e-01 -5.395037286423887135e-02 2.383108571335770254e-01
7.084862567332863570e-01 -6.614869896097480551e-02 2.167408962659700400e-01
7.182427294664115447e-01 -7.746737289078536870e-02 1.930073656467825582e-01
7.316510476980954136e-01 -1.017754733116477128e-01 1.455334169777182662e-01
7.314821694422661835e-01 -1.032482867337614074e-01 1.460181328132943435e-01
7.316036877004146177e-01 -9.992879044785352161e-02 1.455673805308081992e-01
7.248941595288663775e-01 -9.025494701135156062e-02 1.692217890332892161e-01
7.182482034967363482e-01 -7.744903582385187502e-02 1.928156852993667680e-01
7.224610324302315201e-01 -8.240941090899706056e-02 1.670937051061154310e-01
7.224338772735298120e-01 -8.399585194373127006e-02 1.669919154481738222e-01
7.151171885388195593e-01 -7.711524018049981111e-02 1.932643796102071487e-01
7.111899505021541668e-01 -7.079393814001971874e-02 2.179653837323187737e-01
7.223940523132443836e-01 -8.394790426092590963e-02 1.671579462889558609e-01
7.227067929619073183e-01 -8.106326319334650199e-02 1.661054380928776997e-01
7.155047583540559142e-01 -7.429004786122589410e-02 1.915723119564585186e-01
7.155030495784133748e-01 -7.428235776162145365e-02 1.914487073086783564e-01
7.085367283757597612e-01 -6.775824110631639696e-02 2.163894753999737741e-01
7.155775637805551481e-01 -7.436403626408422118e-02 1.911946685872936147e-01
7.154012193319797541e-01 -7.419641842251267772e-02 1.918598714701720276e-01
7.085904594107568233e-01 -6.781275901902467096e-02 2.161592978223283446e-01
7.154032249708801583e-01 -7.421934729984402956e-02 1.918802814393920642e-01
7.154949513880819456e-01 -7.430274217503513023e-02 1.914527281606070996e-01
7.154895130588501129e-01 -7.432150858055797116e-02 1.915067022406453656e-01
7.154647104867100094e-01 -7.428507290765640203e-02 1.915762107670633263e-01
7.155212768665045742e-01 -7.431151670759167382e-02 1.913472092334680408e-01
7.123831655561954079e-01 -7.408001804786917832e-02 1.913635477130011253e-01
7.183473375053137655e-01 -9.761188462868325422e-02 1.088100446566655499e-01
6.976210947969555543e-01 -8.305863551226255748e-02 1.621155987479836469e-01
6.651880190897613288e-01 -7.987817988495526933e-02 9.075672727607786427e-02
6.275303125770435031e-01 -6.083780247774717154e-02 4.323726139584382899e-02
5.718415182320892853e-01 3.580045987188862355e-03 7.459104354853329788e-02
5.181786387340772126e-01 7.260144314411376421e-02 1.838341393594176143e-01
4.958119754256583023e-01 9.769427333053204432e-02 1.970945408905486751e-01
4.770641235503293998e-01 1.253166859724745286e-01 1.582042044211666720e-01
4.627907849092700032e-01 1.413628336064144952e-01 1.213148182609331549e-01
4.392793454760402505e-01 1.712720661386549770e-01 7.760678377222562929e-02
4.135257563682764870e-01 1.950896179467142000e-01 9.503367154620434576e-02
4.041914797900109657e-01 2.150123271570503758e-01 1.684132946200711523e-01
4.062449801093220847e-01 2.216837292733191966e-01 1.918630137885630749e-01
4.019588025578498813e-01 2.261353174360394291e-01 1.106224867902099174e-01
3.695875625619023386e-01 2.415091747020781665e-01 7.579080840650354034e-02
3.228221681466221793e-01 2.620210707136989003e-01 -2.609119162309170292e-02
2.297284374056041134e-01 3.117798039565682355e-01 -1.406439561925831860e-02
1.388890422268271863e-01 3.546493900055290305e-01 -9.116072819608445066e-02
2.082391291339391604e-02 4.094569954432250025e-01 2.133858774573793582e-02
4.953299999999999925e-01 2.731419999999999959e-01 1.578349999999999920e+00
-4.806002001528741907e-02 4.319002053732276525e-01 1.287941559524714563e-01
-1.953707454162834090e-02 4.246724463126063664e-01 3.039658034119485652e-01
4.953299999999999925e-01 2.731419999999999959e-01 1.578349999999999920e+00
4.953299999999999925e-01 2.731419999999999959e-01 1.578349999999999920e+00
4.953299999999999925e-01 2.731419999999999959e-01 1.578349999999999920e+00
4.953299999999999925e-01 2.731419999999999959e-01 1.578349999999999920e+00
3.859163036281465509e-02 4.054068711749315157e-01 4.547007226851433881e-01
4.738127243338824401e-02 3.879684612157344725e-01 4.457918162875473822e-01
1.157518728325248047e-01 3.329908221853077332e-01 5.517285275776594444e-01
1.506259316522896574e-01 2.705445205097795069e-01 4.714290578959434708e-01
2.242284448420227005e-01 2.077624582100808803e-01 5.265884600469290522e-01
2.950582612051785292e-01 1.387931705832332607e-01 5.308486912576093619e-01
3.551775125811219569e-01 7.943735343936092486e-02 4.986115181123105256e-01
4.465979297444976903e-01 -2.503430388897665004e-03 4.014043124523360984e-01
4.953299999999999925e-01 2.731419999999999959e-01 1.578349999999999920e+00
5.781036482129157106e-01 -6.510858897206184270e-02 2.265297111085711190e-01
6.057679065679878461e-01 -8.154413438359642274e-02 1.489008364730604050e-01
6.289552118024557270e-01 -7.546874469842013156e-02 1.479714242875902475e-01
6.389470579902768455e-01 -7.153528199882802641e-02 1.177975804328068588e-01
6.451566195977985751e-01 -4.140843095658713890e-02 1.660471374216718754e-01
6.544557152140051404e-01 -2.811407695786649619e-02 2.459783752874522555e-01
7.068262965712249768e-01 -5.949890276642144649e-02 1.524931786720409299e-01
7.191980645627289448e-01 -6.004531666202839180e-02 1.552363775646268262e-01
7.218922849519848750e-01 -7.164602869728203816e-02 9.601993660533714170e-02
7.087832832193672328e-01 -5.841109910885988743e-02 1.199002940486415536e-01
6.886677158373595287e-01 -4.379445987884700298e-02 1.724541436373427938e-01
6.878249214331925154e-01 -4.776709065409007193e-02 1.760421594515275689e-01
6.936118893048345280e-01 -5.283092078438395012e-02 1.779769915339348696e-01
7.099827956056267153e-01 -7.545186324703689884e-02 1.274825958015992633e-01
7.091989941948562137e-01 -8.138215994251513097e-02 1.308666341449924442e-01
7.088978141694992630e-01 -6.873965151180322364e-02 1.567176643288821225e-01
7.157048035553037479e-01 -7.996613337028768420e-02 1.317426236519121385e-01
7.157310143878906628e-01 -8.006941609565165763e-02 1.313146642943450182e-01
7.156516784297286549e-01 -7.998304745461043419e-02 1.314708514468563294e-01
7.156333608018576875e-01 -8.005464344661683551e-02 1.316031950846709986e-01
7.126174931539207558e-01 -7.991427043273297004e-02 1.309815839071326593e-01
7.154023627301155930e-01 -7.991638324010363892e-02 1.322364869978756019e-01
7.086369008328765595e-01 -7.347828930942712500e-02 1.574500771997571213e-01
7.196315670010119403e-01 -8.666412562028319444e-02 1.045583912427046069e-01
7.123909366083354122e-01 -8.138156302312010704e-02 1.319339998105719669e-01
7.196189192008941582e-01 -8.670194672032444094e-02 1.045289625103973385e-01
7.196272168009101300e-01 -8.834715561507633375e-02 1.043964514631672280e-01
7.196626494563370668e-01 -8.678976110381630971e-02 1.044027477394291470e-01
7.195178681236833462e-01 -8.825196089583631220e-02 1.048278222760778977e-01
7.194692302899627911e-01 -8.821225306741886651e-02 1.051293215664714786e-01
7.152477171230584574e-01 -8.143484143485874016e-02 1.328660896731606034e-01
7.194582402281493039e-01 -8.825135789253557572e-02 1.052551079871735240e-01
7.196438957734196951e-01 -8.672876342242952230e-02 1.044924184709294934e-01
7.196491445152164435e-01 -8.671813147880136352e-02 1.043182598719760712e-01
7.152468431940675053e-01 -8.146592452999207312e-02 1.328280645151591610e-01
7.196315036800831066e-01 -8.673919111870970200e-02 1.045693181121820636e-01
7.196391755456924555e-01 -8.673213368142390634e-02 1.044872714166871219e-01
7.196927165941238158e-01 -8.676011387065052372e-02 1.042776992125957758e-01
7.194612376144319255e-01 -8.817281667476151163e-02 1.051586500193972817e-01
7.196348986254602620e-01 -8.669728153158717809e-02 1.045217983278095009e-01
7.196256173195153538e-01 -8.671251669492568981e-02 1.045144206155530497e-01
7.126181654957592926e-01 -7.995458245359360339e-02 1.309137024408386640e-01
7.198395437652558293e-01 -8.524959251903740931e-02 1.035117915046681603e-01
7.126347709616929205e-01 -7.996449664548038738e-02 1.308331754226668142e-01
7.126490021229474614e-01 -7.997607655578847785e-02 1.307742132392806234e-01
7.196571192057460431e-01 -8.675276369117945752e-02 1.044261948637417170e-01
7.195886104353368395e-01 -8.834603021706638470e-02 1.045607052753763089e-01
7.123558357387422824e-01 -8.135370524198559661e-02 1.320794168490877496e-01
7.196729959083885131e-01 -8.675833834558721591e-02 1.043553601016267152e-01
7.126339494045317302e-01 -7.998232801251109469e-02 1.308252790755257688e-01
7.195041888966440258e-01 -8.823704976905882846e-02 1.049167581491989854e-01
7.198224629401415164e-01 -8.521816895214462395e-02 1.037258017744966399e-01
7.125813560835539962e-01 -7.993650109475847199e-02 1.310368158260970528e-01
7.084185691788554839e-01 -7.488009803943329601e-02 1.583966422779932159e-01
7.195018372927785011e-01 -8.824775668764855974e-02 1.048923587988308537e-01
7.196020817789285928e-01 -8.668202516631778876e-02 1.046151789435565416e-01
7.196017964426218994e-01 -8.669256269199404619e-02 1.046056802472492553e-01
7.126150696763337011e-01 -7.998465011797101232e-02 1.309035561683824511e-01
7.126171153039753126e-01 -8.002433747504650308e-02 1.309142989100620103e-01
7.124038986301750587e-01 -8.145123754385114045e-02 1.317144024392618018e-01
7.125616040497779746e-01 -7.993814008542893257e-02 1.309747376997738577e-01
7.125347960257382152e-01 -7.993779206515844171e-02 1.309737353144435623e-01
7.129113182674974292e-01 -7.866251564648740757e-02 1.294612261878387294e-01
7.125608835554688714e-01 -7.994198286840320522e-02 1.309265011316969041e-01
7.125923179299027410e-01 -7.997533205092693942e-02 1.307861454950758340e-01
7.126201452833622607e-01 -7.830563713922350511e-02 1.309658106921276488e-01
7.127867588175476055e-01 -7.847405386936667782e-02 1.300620886683434563e-01
7.126156137558042891e-01 -7.998890177019685188e-02 1.308346848295041109e-01
7.125806195485562267e-01 -7.995049253207436868e-02 1.309460021086259474e-01
7.196341435654282082e-01 -8.676569869315620132e-02 1.044634957379757534e-01
7.123776757043271957e-01 -8.141322811994700093e-02 1.319453871853206728e-01
7.126229067173899256e-01 -8.000034112481030357e-02 1.307002167068294085e-01
7.123565520730763545e-01 -8.140736721097674433e-02 1.319710595705769762e-01
7.150977664169788639e-01 -8.295842099662864566e-02 1.332744209970391225e-01
7.194564285481781507e-01 -8.823818244498971008e-02 1.049886149216994191e-01
7.126583848357588291e-01 -8.006617771653823379e-02 1.306348530858070234e-01
7.122945429280339580e-01 -8.128581882927565783e-02 1.323130038943700626e-01
7.122236113749026432e-01 -8.289133712895213613e-02 1.323837668860596839e-01
7.122860974868446826e-01 -8.130421411760896389e-02 1.323647731976740349e-01
7.151976347415953672e-01 -8.141042932670561338e-02 1.330529216440996532e-01
7.123605808117121629e-01 -8.140769626215094146e-02 1.320317921462967892e-01
7.083608764591367013e-01 -7.484571125913408451e-02 1.586653580407686448e-01
7.192346865915566489e-01 -8.968639855505522451e-02 1.059413104432105346e-01
7.193909278052925682e-01 -8.814367916592952268e-02 1.054017198389738397e-01
7.122961480625897845e-01 -8.132750004791461373e-02 1.321948607390066588e-01
7.123326380865930840e-01 -8.134708181486277612e-02 1.320346097954949727e-01
7.126833287231086889e-01 -7.842877890434857280e-02 1.305704548193367120e-01
7.123947182189495075e-01 -8.144602709848430822e-02 1.317934974735923692e-01
7.125049809552490565e-01 -7.985584255379440943e-02 1.313844911456316655e-01
7.126217790086448733e-01 -8.001877581109101412e-02 1.308672311867666860e-01
7.122689386057079464e-01 -8.129960748909409451e-02 1.323901739749060447e-01
7.193529622047394323e-01 -8.816362556375562098e-02 1.057375330212324549e-01
7.122548360075801055e-01 -8.127419639456268108e-02 1.324651531464502430e-01
7.150767523549914628e-01 -8.292861710883669968e-02 1.334195813928766849e-01
7.148564052084565024e-01 -8.437000767580415950e-02 1.343154760905764800e-01
7.123802641740649699e-01 -8.145825790494676255e-02 1.318663122888668049e-01
7.125943592635453072e-01 -7.995972577743232224e-02 1.309960693344458527e-01
7.081282233467340870e-01 -7.626884660879518218e-02 1.596315023914656184e-01
7.148705087317197560e-01 -8.270502996379131000e-02 1.346285370231314893e-01
7.150376507432818496e-01 -8.286220208623262806e-02 1.337435085177696159e-01
7.150722083420335551e-01 -8.284861494503165114e-02 1.336798687326243851e-01
7.150748639727622091e-01 -8.284232586649803443e-02 1.336773067612149202e-01
7.147831890215277095e-01 -8.424069021318847383e-02 1.348775941799118527e-01
7.150797317212402859e-01 -8.282992112866038870e-02 1.337299020595072996e-01
7.151333210809915908e-01 -8.293199186164140757e-02 1.335349449839038360e-01
7.196072430550396470e-01 -8.669105268537996567e-02 1.046872824448614736e-01
7.152570624453842285e-01 -8.144277361236512691e-02 1.329749526608750010e-01
7.151674744517803051e-01 -8.140819893822814901e-02 1.332351677605889684e-01
7.151272180535583889e-01 -8.297703020818525399e-02 1.333282859607873849e-01
7.148944845188707209e-01 -8.436181226781008791e-02 1.343230767847434226e-01
7.083198778566062170e-01 -7.482899402597542604e-02 1.589351775132477051e-01
7.148174210531235140e-01 -8.432662447746097634e-02 1.347157820430917585e-01
7.148764127004563207e-01 -8.437955153910814410e-02 1.344661640450759421e-01
7.150586102405190880e-01 -8.291296024241295859e-02 1.335054677603044748e-01
7.149259790839463946e-01 -8.443476543969657966e-02 1.341350240729994869e-01
7.148029696442306236e-01 -8.429682813627265014e-02 1.346081570981165765e-01
7.148321064058602570e-01 -8.431157111443571273e-02 1.344791879551663349e-01
7.148193929037303107e-01 -8.427259855228658170e-02 1.347911950534508296e-01
7.149077131720483758e-01 -8.442439752303804168e-02 1.341545416485048214e-01
7.151351733023375568e-01 -8.300215980826314288e-02 1.331118166745304254e-01
7.151776784994036129e-01 -8.307969212657956293e-02 1.330767986933119040e-01
7.152126134397566171e-01 -8.311851812431958475e-02 1.328750708884649523e-01
7.149568296576976900e-01 -8.450488153592494722e-02 1.339550943721017351e-01
7.148374471087872717e-01 -8.432212756395335296e-02 1.347210196840256113e-01
7.150602114581703361e-01 -8.289858176644887555e-02 1.335811115377523173e-01
7.149184629035740812e-01 -8.278580407252161821e-02 1.343136967789881897e-01
7.151238969462513362e-01 -8.301285719054185552e-02 1.332431297349219168e-01
7.080765372175306105e-01 -7.615983488675204249e-02 1.599967389732444012e-01
7.152453705522716643e-01 -8.152125905388590832e-02 1.328173482944161599e-01
7.148601963928103986e-01 -8.436543868839740945e-02 1.342186593307792553e-01
7.150475410579204549e-01 -8.288384561540185214e-02 1.336640450585349083e-01
7.080786353719978887e-01 -7.618711028931285378e-02 1.599365703371204983e-01
7.148719086395860511e-01 -8.434954126290233889e-02 1.343336745662591092e-01
7.148156999282956336e-01 -8.429955361414698256e-02 1.346305273321084517e-01
7.148551200441092268e-01 -8.436350564200428837e-02 1.343201363798891546e-01
7.149014873770296319e-01 -8.444038389860092364e-02 1.342167774387761359e-01
7.191960765081584217e-01 -8.966961075429613626e-02 1.061743126498981837e-01
7.151414232746005073e-01 -8.304388116618988125e-02 1.330828566968649262e-01
7.149367757748961161e-01 -8.446900459300721309e-02 1.341860487472721353e-01
7.189648588026136267e-01 -9.111969370631872733e-02 1.071355251773953299e-01
7.190789322942077177e-01 -9.123527817399051942e-02 1.066836217019757616e-01
7.193285647665500493e-01 -8.984845053412016114e-02 1.057027540451271896e-01
7.148260751074463348e-01 -8.433968860205259821e-02 1.344557889984361321e-01
7.148133305457204933e-01 -8.431598057485367725e-02 1.344596030522144936e-01
7.149633703851371314e-01 -8.454715900332476775e-02 1.338820734733110474e-01
7.191293862962662153e-01 -9.130640962684150042e-02 1.065393188407750547e-01
7.192998140707582699e-01 -8.981262608355283783e-02 1.057109200874075672e-01
7.193014805468141981e-01 -8.977976430381090500e-02 1.057551340568800846e-01
7.149549258171885580e-01 -8.448736273054779922e-02 1.339246633264778996e-01
7.149274533836453838e-01 -8.445129330755768438e-02 1.340332916150244191e-01
7.192976006761491181e-01 -8.979135043127084437e-02 1.057260302527212037e-01
7.151566354562043371e-01 -8.300341306343672620e-02 1.331057689804284738e-01
7.192799787129013911e-01 -8.974534816182405672e-02 1.058569331483520948e-01
7.193162720296562007e-01 -8.981671670040486388e-02 1.057583651829003824e-01
7.193505088988810803e-01 -8.984869575622672633e-02 1.054590733830793603e-01
7.193669443177164169e-01 -8.991225441862638057e-02 1.053817005771351401e-01
7.192745005718022000e-01 -8.975197939798235103e-02 1.059079938754603489e-01
7.192068324020415293e-01 -8.966383580245818052e-02 1.061801773056618714e-01
7.149292810235202689e-01 -8.446073302739115496e-02 1.340280686833894563e-01
7.190584353251427974e-01 -9.122170699271558991e-02 1.068152684682384113e-01
7.149687063758254357e-01 -8.453692375338067722e-02 1.338621464533387151e-01
7.193320780417800098e-01 -8.988085682701318913e-02 1.056411357092446046e-01
7.193943604077548404e-01 -8.992722300832717286e-02 1.052909502099206307e-01
7.193916317490876011e-01 -8.994608540631082727e-02 1.052550489660046829e-01
7.193072058259070145e-01 -8.979706529355790945e-02 1.057488338258170124e-01
7.151707040018051575e-01 -8.142722562193871472e-02 1.331946278112754456e-01
7.194100397220402066e-01 -8.990695111985502752e-02 1.053447687088546747e-01
7.123779516419440627e-01 -8.146630025685575038e-02 1.319575260197765054e-01
7.150253635554313369e-01 -8.458002119680496644e-02 1.336046778824484527e-01
7.151841723355084612e-01 -8.303807796295731292e-02 1.330603616197876260e-01
7.194139041245638522e-01 -8.992380310640479824e-02 1.052495496936431962e-01
7.191868636541365323e-01 -9.141712568414950280e-02 1.061400972736350479e-01
7.190813892865299817e-01 -9.125571348868311006e-02 1.066844626282883457e-01
7.149341999057948760e-01 -8.444775553391120626e-02 1.340554392131321215e-01
7.190714527544825874e-01 -9.121813605413581216e-02 1.067044111950226082e-01
7.190843986576795910e-01 -9.126438706036649195e-02 1.066256836576737754e-01
7.149893465439498552e-01 -8.457717631195488250e-02 1.337163549470765656e-01
7.193167767662227430e-01 -8.982676554658258761e-02 1.056772308521456427e-01
7.190553623775362002e-01 -9.122144991490988009e-02 1.068054376373612779e-01
7.191134628312170207e-01 -9.130051958826185254e-02 1.065481962527274895e-01
7.193699571206867427e-01 -8.991151610964531748e-02 1.054099099851577570e-01
7.149622922315448381e-01 -8.452403500352057009e-02 1.338348133966036357e-01
7.150534590970903936e-01 -8.466188880357888857e-02 1.336113164966203914e-01
7.150114555179447606e-01 -8.461073220929504757e-02 1.336470507337523816e-01
7.192052561298519775e-01 -9.142108279825000849e-02 1.062022055264062459e-01
7.149630950285881248e-01 -8.453348323556775235e-02 1.338476216392412432e-01
7.149492039681226707e-01 -8.454364044132828271e-02 1.339513679576262994e-01
7.190956212992369867e-01 -9.128099393097310887e-02 1.065510342947773026e-01
7.149034615138798454e-01 -8.446461317688219728e-02 1.341518324188901712e-01
7.193573716663599349e-01 -8.986837599918240382e-02 1.054737958171279022e-01
7.193402674142985731e-01 -8.988573615059253230e-02 1.055925766798599952e-01
7.149749373639195937e-01 -8.455129823309925907e-02 1.338798780036905001e-01
7.149837842253833342e-01 -8.453345799997441512e-02 1.338085000543758341e-01
7.149868441564500854e-01 -8.457330981505656320e-02 1.339066012387715165e-01
7.193554748986363823e-01 -8.991304833544788710e-02 1.053492935275004427e-01
7.150099296097516266e-01 -8.456545956488698002e-02 1.336707350489414470e-01
7.149058591771066951e-01 -8.443104028079656542e-02 1.341371941406839241e-01
7.149547623402714436e-01 -8.450499262715122084e-02 1.338480492763451934e-01
7.149346028054863744e-01 -8.452835976455352895e-02 1.339460977130508823e-01
7.193632891770840310e-01 -8.989419869214293479e-02 1.055614365498482865e-01
7.148705959847718727e-01 -8.439869641518588095e-02 1.343158526054635260e-01
7.149010576701700925e-01 -8.444560529751327094e-02 1.343052549410306273e-01
7.191672009399086019e-01 -9.140736616902050971e-02 1.063608301051528482e-01
7.148833351143329962e-01 -8.441739202179010526e-02 1.343755180367915969e-01
7.149574449890405692e-01 -8.454693425621084835e-02 1.339418989713785368e-01
7.191275399668156654e-01 -9.139854872655867046e-02 1.064607583071202068e-01
7.124881395250916016e-01 -8.164632849187403174e-02 1.311851672675123925e-01
7.192776222580403722e-01 -8.983393385128668474e-02 1.056444041023314462e-01
7.121052717471807458e-01 -8.282764306897671958e-02 1.330421130741752389e-01
7.193374140094309643e-01 -8.993584861846265488e-02 1.053665485421122483e-01
7.193464015661329425e-01 -8.987802481245993347e-02 1.053301685997409809e-01
7.124635836376755904e-01 -8.160992219141122161e-02 1.313644728602063605e-01
7.123172220923273956e-01 -8.309940357340123152e-02 1.317418476180591824e-01
7.123159153574197822e-01 -8.308169302930679123e-02 1.317580474780999378e-01
7.189939230675220783e-01 -9.120722825216498464e-02 1.068724997242576080e-01
7.124143581023245630e-01 -8.155202865782373856e-02 1.316126393651471105e-01
7.191743092789083525e-01 -9.146233030839262534e-02 1.061297092442394785e-01
7.194219438051014937e-01 -9.007297699426858317e-02 1.047693899860522304e-01
7.193343839626252789e-01 -8.993346803231533348e-02 1.053216875333800040e-01
7.190457439777464543e-01 -9.125997509592020940e-02 1.066625872528663699e-01
7.190347226776541145e-01 -9.121861889706550652e-02 1.066821290001498390e-01
7.190672805433928616e-01 -9.129811231502887869e-02 1.065184477413891884e-01
7.190676618115305896e-01 -9.127802980547400358e-02 1.065636477492579726e-01
7.193277773934454444e-01 -8.988079529409848112e-02 1.053144628267279614e-01
7.121290980827004180e-01 -8.289848846504832558e-02 1.327795028645850639e-01
7.120568320883751134e-01 -8.443779166324433261e-02 1.329844940046949198e-01
7.192620868516027555e-01 -8.983045898057517853e-02 1.057006175082220167e-01
7.120999400441945237e-01 -8.452477683375775319e-02 1.326841702432319803e-01
7.191374567305565124e-01 -9.141630470643191675e-02 1.060907662610075519e-01
7.193862904381871370e-01 -8.997838630370041946e-02 1.049703523216389822e-01
7.193007114124237988e-01 -8.982771810967477011e-02 1.054715931288738862e-01
7.191931014080852336e-01 -9.148498920134451318e-02 1.059498851170190825e-01
7.191973416623412829e-01 -9.145649140775197194e-02 1.058883358927757978e-01
7.194254375460416018e-01 -9.005090371789037373e-02 1.048984047304748479e-01
7.193371717800318699e-01 -8.988792647987603468e-02 1.052910909940987239e-01
7.123404342861860972e-01 -8.312553269203010187e-02 1.315733434819370551e-01
7.191392915507196504e-01 -9.139379816098508469e-02 1.060610910779697935e-01
7.191391025272130255e-01 -9.139511656517534943e-02 1.062387890324405504e-01
7.121229434306174388e-01 -8.289201405781498888e-02 1.328181243245796228e-01
7.191171424364387610e-01 -9.138806986144187849e-02 1.062025142397762245e-01
7.191966086946427472e-01 -9.147187188998612273e-02 1.058556945911102165e-01
7.191363014155567335e-01 -9.138437761469925258e-02 1.060918811532265416e-01
7.193179133004635739e-01 -8.990097549420594802e-02 1.053421369363829463e-01
7.190404451054215329e-01 -9.129830427605656329e-02 1.066451636950127568e-01
7.194483530518025471e-01 -9.006824752458925110e-02 1.048801649325385998e-01
7.193206220252036376e-01 -8.990731842171401089e-02 1.054309230442769252e-01
7.123016262352168670e-01 -8.305319727012511200e-02 1.318755390353321122e-01
7.190717904674440719e-01 -9.130564197677371041e-02 1.064267585033311647e-01
7.191813925696044496e-01 -9.143188382672517989e-02 1.060020605057558907e-01
7.193439779819548185e-01 -8.993624851788578622e-02 1.052563847598686486e-01
7.123161150520056495e-01 -8.307511050789057050e-02 1.317944271048365756e-01
7.194389639006107950e-01 -9.002355527351046938e-02 1.049009060529477733e-01
7.193918797705650681e-01 -8.999120899190748979e-02 1.051075783690669230e-01
7.193480622200369989e-01 -8.993731302521373872e-02 1.051850512950263106e-01
7.191384959576755387e-01 -9.140298689951747990e-02 1.061102580701758225e-01
7.191929902952164388e-01 -9.146890054926271052e-02 1.058979850499881525e-01
7.191046217812775421e-01 -9.135180140835791329e-02 1.062418313191821895e-01
7.190299572684377694e-01 -9.124939868184916980e-02 1.067851723381472162e-01
7.193891786021083812e-01 -8.998044947316491404e-02 1.052111167354485843e-01
7.194402489845573845e-01 -9.005580580682304159e-02 1.050055922147832277e-01
7.193143553588777772e-01 -8.990222194029384717e-02 1.053296247464001745e-01
7.191443470887899370e-01 -9.141999145605411714e-02 1.061730360756374392e-01
7.191338553352832896e-01 -9.137073358760772201e-02 1.063012171844615050e-01
7.191228400150180278e-01 -9.141215014857045906e-02 1.062185489224671819e-01
7.191922822413205907e-01 -9.146667192446444883e-02 1.059867925611619466e-01
7.190076608657717250e-01 -9.122028780049079577e-02 1.068393774811029484e-01
7.191389690902382226e-01 -9.142798057752099528e-02 1.061730897129795625e-01
7.190216719682842594e-01 -9.126487217257917006e-02 1.068403501573531589e-01
7.191080346343904361e-01 -9.135507581059632010e-02 1.063957355598836862e-01
7.190494425644516907e-01 -9.130026238343114109e-02 1.066933780280916455e-01
7.193146177475928660e-01 -8.987593125073611855e-02 1.055431998131826088e-01
7.193851555490164973e-01 -8.999252301813659427e-02 1.051301524115262342e-01
7.191225499555975453e-01 -9.141352192169427404e-02 1.063264854233281209e-01
7.193693387052476629e-01 -8.999621314660460891e-02 1.052107806380921939e-01
7.190686709562331691e-01 -9.130437947819380895e-02 1.065891806541003906e-01
7.190756172485113229e-01 -9.134404537397622370e-02 1.066445079523383743e-01
7.190145703497409224e-01 -9.124731492172183378e-02 1.068354640807285261e-01
7.191350249543755346e-01 -9.140150267605484657e-02 1.063580794814229513e-01
7.190523937235265839e-01 -9.129763502383236862e-02 1.067666465024783573e-01
7.190742955516606916e-01 -9.134512809889766549e-02 1.065755170387707729e-01
7.190842961835562930e-01 -9.136620265227557436e-02 1.065115838968067052e-01
7.190585156936705191e-01 -9.130486044590918615e-02 1.066251083291032131e-01
7.190432129305451836e-01 -9.128251907509560281e-02 1.068049005733235912e-01
7.191410843657374263e-01 -9.139609378921986771e-02 1.062586927044690821e-01
7.191162211129844550e-01 -9.135964236791432880e-02 1.064155091560616828e-01
7.191534668574601774e-01 -9.140743511756505013e-02 1.061337156174471108e-01
7.194077026823103571e-01 -8.999669144339117466e-02 1.049960880994995627e-01
7.190814814602702887e-01 -9.132644303753967296e-02 1.064915580824388197e-01
7.190032661653519286e-01 -9.126103330759705035e-02 1.069367203627302754e-01
7.191471352425902186e-01 -9.139353755650664324e-02 1.062363989066428260e-01
7.191942904446720908e-01 -9.147008276066920240e-02 1.059748751357161289e-01
7.191200726199508120e-01 -9.141858690974113966e-02 1.062220151525705703e-01
7.190792753912269575e-01 -9.131392193753273823e-02 1.063704737569057812e-01
7.192495152389406510e-01 -9.156262942327553223e-02 1.057490627304598085e-01
7.190755350164950155e-01 -9.132009566868837247e-02 1.065079848224534942e-01
7.191228153131336009e-01 -9.137506098932024479e-02 1.063015056919200951e-01
7.192165736429393386e-01 -9.150221402827646289e-02 1.059606357953359890e-01
7.191253349906087111e-01 -9.140240877247601814e-02 1.064131414730480341e-01
7.190304477810411932e-01 -9.124855912769586075e-02 1.066298338886388919e-01
7.120581909316391345e-01 -8.449882111824302822e-02 1.329505005817688268e-01
7.190992665599316158e-01 -9.136276393088699210e-02 1.064206485832468463e-01
7.190903542825489714e-01 -9.134950711531192313e-02 1.065012716120903313e-01
7.190065992135614703e-01 -9.123560185655205101e-02 1.070014722291670051e-01
7.190611772003173696e-01 -9.131009832329300968e-02 1.066173912730625783e-01
7.190452958981037312e-01 -9.129740526346108442e-02 1.066574015190207003e-01
7.189994162599980809e-01 -9.123934215670076453e-02 1.070154398082530101e-01
7.190944255746334335e-01 -9.137107686895129532e-02 1.065361367961807915e-01
7.191029924939125184e-01 -9.136301472984992289e-02 1.064565366194598628e-01
7.190553553592562430e-01 -9.130692898881431763e-02 1.065193321181832076e-01
7.191219051389694528e-01 -9.134815271557117367e-02 1.063263320100300557e-01
7.191213587051719092e-01 -9.139920853645355781e-02 1.063190288667059669e-01
7.190744891949534257e-01 -9.128657108080384663e-02 1.066619272238076288e-01
7.190812835442960127e-01 -9.131990306031695370e-02 1.065854981134979340e-01
7.190051152669847401e-01 -9.125736494821307110e-02 1.068555812533169558e-01
7.189833032955734726e-01 -9.121573501490798375e-02 1.069787686939291937e-01
7.191004555713444990e-01 -9.137254225526003637e-02 1.065345672169961677e-01
7.189586930970965906e-01 -9.117283998103431486e-02 1.071665685858682604e-01
7.190324517182379305e-01 -9.126596838027234426e-02 1.067205019241408426e-01
7.119823712494551815e-01 -8.437055302818863289e-02 1.334538668813833873e-01
7.120378257130264288e-01 -8.443624846025554742e-02 1.330018289569356860e-01
7.190876027176528185e-01 -9.134315000062431800e-02 1.065013993402263992e-01
7.120131011213303163e-01 -8.439467524857069414e-02 1.332617380278520169e-01
7.120329683968961154e-01 -8.443950271279360154e-02 1.330138163523457706e-01
7.123959641520947184e-01 -8.155873197091373372e-02 1.315056225351907138e-01
7.190685550718188823e-01 -9.130942708687483922e-02 1.064808811298980640e-01
7.121074159013658367e-01 -8.455631642507760448e-02 1.326245467857085636e-01
7.190391446717441237e-01 -9.130626777496186897e-02 1.066835010798521388e-01
7.120479893619329204e-01 -8.446490105304865770e-02 1.329966317618884730e-01
7.191633259115188803e-01 -9.141002983769025425e-02 1.061633320996426821e-01
7.121239930942504515e-01 -8.456341347487267290e-02 1.324687887909441475e-01
7.123810224457234330e-01 -8.321626292832190463e-02 1.312820563215999492e-01
7.120424317966997929e-01 -8.448652116416388580e-02 1.328662560554072503e-01
7.120609574016719678e-01 -8.448268569900840852e-02 1.327511372934393474e-01
7.120969550955712490e-01 -8.452325745400035562e-02 1.327091945842033827e-01
7.121237675255627231e-01 -8.457680346669249616e-02 1.325090903264909414e-01
7.120884455591230955e-01 -8.457583124421530485e-02 1.325755814265161536e-01
7.120841479895562154e-01 -8.451659583880749560e-02 1.327762823098144196e-01
7.121892692251056145e-01 -8.304827539848530504e-02 1.323706047902994953e-01
7.119978243580162847e-01 -8.442528526067732964e-02 1.331669997920899018e-01
7.121136702406346553e-01 -8.456253563689442032e-02 1.324624830612755044e-01
7.121401373719632444e-01 -8.462797723467646582e-02 1.322659676779165405e-01
7.120717450403570847e-01 -8.450770627272874425e-02 1.326714776549748898e-01
7.120439913034737334e-01 -8.447992855228481091e-02 1.328637336565510196e-01
7.121122842499196803e-01 -8.459401629731805317e-02 1.323939374258866764e-01
7.121539109856843686e-01 -8.461715422327065195e-02 1.322430549462489946e-01
7.191497497562289176e-01 -9.147414154397692787e-02 1.060055400305219830e-01
7.121027878367036656e-01 -8.457781148697429696e-02 1.325502063352972382e-01
7.123026325188428487e-01 -8.312097099219262208e-02 1.317886609243781315e-01
7.191334796917557837e-01 -9.144977951371663361e-02 1.059947222261370392e-01
7.121325290458857538e-01 -8.459434444244207096e-02 1.323597271187795243e-01
7.120561881629645651e-01 -8.289168939950314341e-02 1.329306802121585918e-01
7.121138617717355235e-01 -8.458213810950515610e-02 1.324354316262348341e-01
7.120384096615611780e-01 -8.449875942241391602e-02 1.329384724207558488e-01
7.120243877883554173e-01 -8.450641204586623045e-02 1.328763019760044184e-01
7.190915767845720286e-01 -9.138387422803784244e-02 1.062331993865257562e-01
7.121034418611734695e-01 -8.461554206758736818e-02 1.324850842133209472e-01
7.120756394579530468e-01 -8.455072260027379771e-02 1.325808688258296453e-01
7.120784326761692151e-01 -8.456462042096252185e-02 1.327527133721664310e-01
7.120512722619711798e-01 -8.455394587920606053e-02 1.326219612734420572e-01
7.120166777958869542e-01 -8.444423294614994413e-02 1.329655475346451787e-01
7.120160244684785589e-01 -8.445242889632281758e-02 1.329231819247991275e-01
7.120808512365878196e-01 -8.455261600263414001e-02 1.325736093802647453e-01
7.120479315553367439e-01 -8.454111729282137722e-02 1.327703855539470457e-01
7.120369959833829920e-01 -8.448311603833735806e-02 1.328666842257708591e-01
7.121007383948981806e-01 -8.455305294520404358e-02 1.325929020741842823e-01
7.121578627167224340e-01 -8.465750434063368246e-02 1.322403954849733498e-01
7.120568205422341812e-01 -8.449732013475147463e-02 1.327287857923724612e-01
7.120800129855900940e-01 -8.452719692370291860e-02 1.326369993242546563e-01
7.121505563116758974e-01 -8.463458617284891350e-02 1.323296449852182644e-01
7.120796514483243023e-01 -8.453047877860814241e-02 1.326297360115891166e-01
7.191348565579206431e-01 -9.146620740092542556e-02 1.059997873452671602e-01
7.120974640779703657e-01 -8.458626648497580280e-02 1.324346695620521874e-01
7.120668600471824483e-01 -8.454247649607804505e-02 1.326734687012975922e-01
7.190840241407513433e-01 -9.136726865937561115e-02 1.063157588882841509e-01
7.121296766177147575e-01 -8.460966961306332079e-02 1.324567391036437503e-01
7.120658368106573821e-01 -8.454366316700728801e-02 1.326741586359834191e-01
7.121027095823020403e-01 -8.457516400929537825e-02 1.324493338398360365e-01
7.121889020862310904e-01 -8.472155284579091505e-02 1.319571862786679262e-01
7.120350220644504624e-01 -8.449132114914059688e-02 1.328290118214474624e-01
7.120222295555084235e-01 -8.282078120779245989e-02 1.331820186851015997e-01
7.120398862350523217e-01 -8.452899229472871090e-02 1.327742542214243038e-01
7.121001466420531223e-01 -8.458332921439404295e-02 1.325789879322885056e-01
7.120024958212674004e-01 -8.439363009650258096e-02 1.331268263225995341e-01
7.120867640674263255e-01 -8.282711550133675660e-02 1.330213161450766179e-01
7.123845644011974620e-01 -8.322574823165679314e-02 1.313073522478929167e-01
7.120487198486060709e-01 -8.456860697364060320e-02 1.327080498211017368e-01
7.118717718069642597e-01 -8.429480340214812184e-02 1.334928375839079528e-01
7.121233771912575117e-01 -8.462125769080219850e-02 1.325335921928747496e-01
7.191439835506916456e-01 -9.148580270587647334e-02 1.059452087458379044e-01
7.119799244128912630e-01 -8.442318715279545360e-02 1.332465523102932536e-01
7.120630507584363444e-01 -8.451066108863797277e-02 1.328402187857828931e-01
7.190465405951589339e-01 -9.133054431168730058e-02 1.065327473695991678e-01
7.121091551267058062e-01 -8.456054915497451807e-02 1.325627115976073522e-01
7.120397464748322580e-01 -8.450283684512965854e-02 1.329390839652537792e-01
7.120169569718272085e-01 -8.445365684705974374e-02 1.330071231093181705e-01
7.120919937108070030e-01 -8.452764738295970304e-02 1.326822171200185974e-01
7.120869142202437274e-01 -8.458435900729144308e-02 1.326575420221782764e-01
7.119958456125408119e-01 -8.446616155397146386e-02 1.330186232383689937e-01
7.120635809848159248e-01 -8.290029781668628583e-02 1.328291608452789596e-01
7.123799349791288815e-01 -8.321929761157181860e-02 1.312707730402371542e-01
7.120390229352890898e-01 -8.285095467495917632e-02 1.332220732172937350e-01
7.120376670098303995e-01 -8.450218882419163746e-02 1.329223566380723920e-01
7.120749859801918102e-01 -8.287006855837253383e-02 1.329533880515016975e-01
7.191319509621352246e-01 -9.143079760821160029e-02 1.060439218478115286e-01
7.120321024766266271e-01 -8.450102555907518243e-02 1.330289810684346374e-01
7.191427308654396722e-01 -9.148479336609688373e-02 1.060282939607046782e-01
7.190916050480842259e-01 -9.141390457724030139e-02 1.062612086452259241e-01
7.121103306866198857e-01 -8.459693199862533541e-02 1.325631729561329575e-01
7.121074340032904626e-01 -8.458155771297953818e-02 1.325364080198982997e-01
7.120667187395512965e-01 -8.454710369945317439e-02 1.327747530557714661e-01
7.120373594045341648e-01 -8.447702629152686882e-02 1.328646664416601730e-01
7.191164693942516672e-01 -9.146459725116190542e-02 1.060728022793173686e-01
7.190817325705289864e-01 -9.136960436260699314e-02 1.063237970036743363e-01
7.120324544818579238e-01 -8.447573044118283914e-02 1.329338365194794314e-01
7.191174480592280593e-01 -9.143397783060364103e-02 1.061562764291466010e-01
7.120668000135749187e-01 -8.454025594875963501e-02 1.327155976392693226e-01
7.120851586028009717e-01 -8.456706445113570947e-02 1.326453259398256979e-01
7.120688930800378458e-01 -8.454304587502026180e-02 1.328477566757819694e-01
7.120842864154874885e-01 -8.453017779552934874e-02 1.327503185667664454e-01
7.120833749825120629e-01 -8.453390475257482883e-02 1.325422453974820503e-01
7.120595027374714281e-01 -8.294145294795929324e-02 1.327999073009249464e-01
7.120625261602342437e-01 -8.458101251535860010e-02 1.325276659456289252e-01
7.121419833199769123e-01 -8.464625892078131431e-02 1.323786069850942937e-01
7.120561056959807678e-01 -8.451744143411515919e-02 1.326124615408776908e-01
7.118280458113968034e-01 -8.595147817424675374e-02 1.337710074980489328e-01
7.191957210266888278e-01 -9.158420813725887122e-02 1.056193381128951447e-01
7.119903489570766908e-01 -8.447165712529414172e-02 1.329251322823659098e-01
7.121017382677048424e-01 -8.465464510522030528e-02 1.324235405509119889e-01
7.120663317194193542e-01 -8.460591690351065841e-02 1.326271574326960412e-01
7.119933596515088947e-01 -8.287288174850487854e-02 1.331237008377677000e-01
7.120686507013798128e-01 -8.458183616940673222e-02 1.325832254145935529e-01
7.120954403294861290e-01 -8.459157609602807604e-02 1.326378969244896844e-01
7.121450102945834360e-01 -8.466184967944023754e-02 1.321528796164199715e-01
7.120244314250350204e-01 -8.451017918562137021e-02 1.327909971250123000e-01
7.121589204192519951e-01 -8.471748478895424483e-02 1.321423933255314598e-01
7.120075134172677567e-01 -8.447665201422566161e-02 1.328941557216316571e-01
7.120563079222709257e-01 -8.450727835032340041e-02 1.326944305902884036e-01
7.119932129362285256e-01 -8.454210842216008936e-02 1.326705320260972432e-01
7.119621744051187751e-01 -8.448449098732313534e-02 1.328149420465312147e-01
7.117386245434402792e-01 -8.583968076825887472e-02 1.341701313345364799e-01
7.116383232094437572e-01 -8.592635494330519430e-02 1.343401360327884930e-01
