8.687329164088726241e-01 -2.694460502770692489e-01 1.168963641898794759e-01
8.685084454358339423e-01 -2.709608316395878957e-01 1.175933987668813518e-01
8.688594003239213936e-01 -2.696323451404422089e-01 1.164111290344520544e-01
8.688094692184984424e-01 -2.695974549351483063e-01 1.165504200113489652e-01
8.688190531844972586e-01 -2.696685447540581038e-01 1.164829777599720728e-01
8.688385810665906206e-01 -2.696688836835771097e-01 1.164928575834764946e-01
8.687283411506414588e-01 -2.713476691020279552e-01 1.169452283662126835e-01
8.683459531529843511e-01 -2.727446974080204867e-01 1.180691791916044231e-01
8.682203012912929063e-01 -2.744277737484276392e-01 1.183412690572558379e-01
8.757587343386172840e-01 -2.874296394658237275e-01 8.861885985207385019e-02
8.756789595879257426e-01 -2.893071825618743764e-01 8.870085244847247807e-02
8.833783116899847077e-01 -3.027447057802676866e-01 5.804205498337133839e-02
8.819448285198747683e-01 -3.084142838358282512e-01 6.260180134216253300e-02
8.819767426363289697e-01 -3.085859606255292320e-01 6.244528031797713652e-02
8.894123610969245641e-01 -3.239099543932377756e-01 3.240508556525711903e-02
8.807616037097751871e-01 -3.165912888856827756e-01 6.607544882674787345e-02
8.804744090918243948e-01 -3.142903580892979498e-01 6.707386198589793125e-02
8.723375260361730943e-01 -3.037128118120729914e-01 9.914705160375825166e-02
8.552268979073525124e-01 -2.712308596218824253e-01 1.543480708730817774e-01
8.376593739938139604e-01 -2.485970406022667556e-01 1.739839310819268903e-01
8.186486341474115136e-01 -2.102869835403859411e-01 2.159844503078638400e-01
7.941265775311112662e-01 -1.748038808180242543e-01 2.571519187723563249e-01
7.923144053118229557e-01 -1.716406496785133629e-01 2.252215502030565641e-01
7.541787604231298126e-01 -1.206808495651930657e-01 3.093397977205796234e-01
7.497377425978668519e-01 -1.127057979171592339e-01 2.764510754661471115e-01
7.308774184566732002e-01 -9.377393227869923464e-02 3.160875569220624737e-01
7.300082754296541854e-01 -8.708363178469979982e-02 2.606669873386835423e-01
7.073914493527709846e-01 -5.350310237224392695e-02 2.953229587618904084e-01
6.845072047496795209e-01 -2.294242357614634242e-02 3.028302941753593380e-01
6.521535629912436072e-01 1.414720446920397778e-02 3.043006096060065779e-01
6.301001557938992192e-01 4.199631638677420176e-02 3.364597012383268027e-01
6.226126491641357230e-01 5.232499137379231779e-02 2.844280525209301747e-01
6.066331199647874151e-01 7.610159316256642770e-02 3.180007773736135412e-01
6.063336063318282010e-01 8.443856135559091314e-02 2.668530053911104538e-01
5.977167086007981744e-01 1.015682751838863362e-01 2.816956499515577139e-01
5.886762050057544604e-01 1.129903597756475864e-01 2.990677172696465380e-01
5.873157699242770313e-01 1.186878443142175832e-01 2.496166057671518335e-01
5.861830845655411348e-01 1.190000141947865631e-01 2.247151945928975714e-01
5.792580667927869076e-01 1.233325687463507347e-01 2.452297838799650798e-01
5.808728396769762270e-01 1.220531878043711327e-01 2.207836586082247976e-01
5.800743707850954944e-01 1.251401291872337729e-01 1.932985045807769087e-01
5.876056889117493576e-01 1.219875188349932582e-01 1.689457035705319576e-01
5.860238908398479607e-01 1.246828278651833655e-01 1.938138083721741012e-01
5.812421823967441892e-01 1.248062179274708194e-01 2.193163401153155334e-01
5.876606868246614379e-01 1.219466293910145827e-01 1.688332376152366088e-01
5.904798994720831251e-01 1.203710219165236017e-01 1.701732567570233279e-01
5.917546480224370464e-01 1.229704931007922220e-01 1.954688742173225080e-01
5.929174435020536649e-01 1.239980493886769231e-01 2.210545638694241255e-01
6.130875039981440455e-01 1.057260820859521888e-01 1.803907570289218221e-01
6.130817538394510713e-01 9.451930600619323775e-02 2.364365564167290046e-01
6.253542076251997761e-01 7.868647777999931980e-02 1.925728416184746550e-01
6.277128578100055201e-01 4.673695043486358891e-02 2.618757468723520443e-01
6.216364222433641284e-01 4.118310748487713502e-02 2.869284493699588712e-01
6.009414479032918477e-01 3.439161569429938226e-02 2.883387595416584404e-01
5.773150655176177981e-01 4.375054652288556944e-02 3.051869539258220687e-01
5.538085641032963746e-01 6.307982372844223029e-02 3.411191267986910525e-01
5.012219241467259501e-01 9.188174163229023694e-02 3.647180242961154395e-01
4.833909760153413115e-01 1.038274972183108602e-01 3.985006568473814514e-01
4.624773824779555564e-01 1.235316656470745733e-01 4.257586330268510189e-01
4.424288517424553868e-01 1.411782848067581475e-01 4.526170753338949471e-01
4.235748676788031464e-01 1.591235314778983723e-01 4.785114321512282665e-01
4.047296834673687616e-01 1.780955179603249117e-01 4.867497351093983404e-01
3.864085570364117483e-01 1.861726781452596180e-01 4.806135113955407601e-01
3.725380661648512448e-01 2.009981459420919769e-01 4.903711169423339289e-01
3.665899012860297512e-01 2.093153934173286324e-01 4.699646293119876805e-01
3.553746492688507064e-01 2.159708062439859022e-01 4.676460799456489958e-01
3.529626047474682116e-01 2.216615492351949324e-01 4.815131563766001932e-01
3.526781154513239369e-01 2.247448969860077472e-01 4.938601466288505826e-01
3.510180555874825026e-01 2.274169267091155633e-01 4.778175643297613018e-01
3.513065891317694867e-01 2.319269470123351273e-01 4.759382730997279154e-01
3.515025260609060398e-01 2.352458738470376010e-01 4.734202117484676009e-01
3.517781820568889328e-01 2.375939374907612422e-01 4.744738477506025287e-01
3.515404003478675987e-01 2.393595479223430411e-01 4.887946855946943003e-01
3.452174269254475458e-01 2.386272379752100159e-01 4.590302209890708696e-01
3.386918036040007518e-01 2.423146133471727470e-01 4.236144322891441938e-01
3.385786016809135823e-01 2.442545677364170720e-01 4.390403981463417704e-01
3.406883910838931495e-01 2.475577100975812628e-01 4.691253700605704235e-01
3.405316536251425386e-01 2.480930042164921634e-01 4.849819998850819491e-01
3.406419510386555771e-01 2.452845324268937421e-01 4.711745856363043217e-01
3.519248666866779951e-01 2.388094542477130489e-01 4.747325191364761832e-01
3.544760260514825401e-01 2.343949891394674911e-01 4.600806598186328866e-01
3.706964464291691019e-01 2.184163417713045896e-01 4.514102997951270346e-01
4.041617613328978842e-01 1.853386546825915859e-01 4.317341898021258562e-01
4.215197518162041579e-01 1.669737493911087611e-01 4.229412808093593323e-01
4.688188799852266997e-01 1.184311495617479393e-01 3.512691214204781698e-01
5.138282033184181641e-01 8.616666709307441163e-02 3.691639248724942757e-01
5.947517804351851733e-01 1.459584840200844891e-02 2.739589978831358241e-01
6.421675629734039381e-01 -2.514418126055595337e-02 2.958487808195142676e-01
6.914012089291230456e-01 -6.894207692925258257e-02 3.000091564883615725e-01
7.453939574192862683e-01 -1.229469158579660215e-01 2.208800097184682176e-01
7.842908924726098574e-01 -1.737744656953587874e-01 1.603516740413017949e-01
7.820966098617702089e-01 -1.656512070474550069e-01 1.874358632444939055e-01
7.941780617361038352e-01 -1.729327792926951823e-01 1.604652101362817884e-01
8.008763305267274646e-01 -1.791782713405936645e-01 1.296689554790719789e-01
7.983201900204912604e-01 -1.780352201340533180e-01 1.265650639980049341e-01
8.138297984198346047e-01 -1.964794743731058391e-01 6.823872818646470328e-02
8.140108526082574514e-01 -1.966763015521168501e-01 6.777779705783992803e-02
8.075357194768308933e-01 -1.872488070673495320e-01 9.806100908775161606e-02
8.077220935586735262e-01 -1.873653142408691352e-01 9.764108844149954614e-02
8.076803267959729027e-01 -1.874397710159904640e-01 9.758892265218088724e-02
8.076779259653374954e-01 -1.874268095550201962e-01 9.762258391967382209e-02
8.078338444746733238e-01 -1.875558610446304009e-01 9.711264445165546100e-02
8.139287377287939274e-01 -1.967178345313109200e-01 6.797501171108821794e-02
8.041567859651013173e-01 -1.868571280847452498e-01 9.847004781813595287e-02
7.864049008451029499e-01 -1.657635481962226320e-01 1.533638265949959223e-01
7.867328446115299245e-01 -1.628382253965847126e-01 1.517546020579885191e-01
7.854045938469886856e-01 -1.474414598672538768e-01 1.447388479597075950e-01
7.601174151967942105e-01 -1.016058295290023228e-01 1.827247843893782253e-01
7.542457769898981423e-01 -7.452499165415016336e-02 1.698741034340196521e-01
7.282906909074335911e-01 -2.638953562311818768e-02 2.028098718822330948e-01
7.032175721858352491e-01 1.324776915507019925e-02 2.362677076922030661e-01
6.751433274149923891e-01 5.750378206107020773e-02 2.621507488489016602e-01
6.631040251215249981e-01 7.438246193158626340e-02 2.281312209077728248e-01
6.618391227204769578e-01 8.535529436674715864e-02 1.961693881044639376e-01
6.410937891426503610e-01 1.110445511133670848e-01 2.334078868258684381e-01
6.430652594290255930e-01 1.280559840936959515e-01 1.996794649500639451e-01
6.432732459899336286e-01 1.310277767450809816e-01 1.995934005213095830e-01
6.438192036691083864e-01 1.353236957758814363e-01 1.972552601888439838e-01
6.443506780118748445e-01 1.395354529852121939e-01 1.947892042512782140e-01
6.440274351235448780e-01 1.367496022216379559e-01 1.962827687801302901e-01
6.439652591594442477e-01 1.367456885371654551e-01 1.965307201297976647e-01
6.381371054688438349e-01 1.366373504058271959e-01 2.221788458055444782e-01
6.384057884393140592e-01 1.378933332986981286e-01 2.202030814641273704e-01
6.384289242640673878e-01 1.378785137079655554e-01 2.199650755285442738e-01
6.410322582934514513e-01 1.369363672145456623e-01 1.956434508115880710e-01
6.407772426557362122e-01 1.355813629416227073e-01 1.969997735384969584e-01
6.383820648635506467e-01 1.379442522656321723e-01 2.201588838536261417e-01
6.386130762650966686e-01 1.392739685046673337e-01 2.192849513520715998e-01
6.412992125761941553e-01 1.397689295035153823e-01 1.949241998513691065e-01
6.387381052213743082e-01 1.412838210664839056e-01 1.926263942183579214e-01
6.358195874793618474e-01 1.394278388345837616e-01 2.184197256685480593e-01
6.407872546508311951e-01 1.356000427904129335e-01 1.970857522933719963e-01
6.385761601228356898e-01 1.378173012692928689e-01 2.197005539492666859e-01
6.466436147681207114e-01 1.322020017879605436e-01 1.978324115029259644e-01
6.575526543680161318e-01 1.231139795798361081e-01 1.770164366774573672e-01
6.583485101796775485e-01 1.084606805927157414e-01 2.355621136388674763e-01
6.644121330930023994e-01 8.556661766552930981e-02 2.234404539744629936e-01
6.734799645938306378e-01 6.231376364508273147e-02 2.341013544093593080e-01
6.730405515982120779e-01 4.115466854462024315e-02 2.694689980123234907e-01
6.706639751202077004e-01 2.228641307611767264e-02 2.783165336842832183e-01
6.528362788067132438e-01 1.634334212765098382e-02 2.784131901612623139e-01
6.277287279589564006e-01 2.270655393232406949e-02 3.451995047859401922e-01
5.936388684292286388e-01 4.112909573829182097e-02 3.974262239077792636e-01
5.707898907102063601e-01 4.739690069773799808e-02 3.919094305494732478e-01
5.345430958986181480e-01 5.479246962096923079e-02 3.858712236757595448e-01
5.113770121351114417e-01 6.674844055180201297e-02 3.963280323218145718e-01
4.864271091815024484e-01 7.963086138662700542e-02 3.896566214343293311e-01
4.520486606997423107e-01 1.023018427552356835e-01 3.977049566438468631e-01
4.350144415355354233e-01 1.266908225534856269e-01 4.948212975968879768e-01
4.079498070576071389e-01 1.395551121615767887e-01 4.160602934734940472e-01
3.843854171905666806e-01 1.693962657824158446e-01 4.542700127283587630e-01
3.679648270787030384e-01 1.861243998265564303e-01 4.640260483191294139e-01
3.552152023395359071e-01 1.960559203909039705e-01 4.258834396284547630e-01
3.362376316253125608e-01 2.069858525044918629e-01 4.023900371240822782e-01
3.308223500834822084e-01 2.097690727660656562e-01 4.521650810074744342e-01
3.212090409059464857e-01 2.094412697945833290e-01 4.188799924835053812e-01
3.112008394197880445e-01 2.101474088429212683e-01 4.181290746903747468e-01
3.063440899539351392e-01 2.093437944292128039e-01 4.352185322831720882e-01
2.955225103495597860e-01 2.030493825449645184e-01 4.048310228105513886e-01
2.955186897602140594e-01 2.041836646833121716e-01 4.038171835944890375e-01
2.953216408870160126e-01 2.053576126867830975e-01 3.858500072401640502e-01
3.039587553991258684e-01 2.107164360493422040e-01 4.347105683415024568e-01
3.015562504967271851e-01 2.144957438041865672e-01 4.169135871321916209e-01
3.018510826616377374e-01 2.144761194038689589e-01 4.343486149479105496e-01
2.942676509592890843e-01 2.162320660444200238e-01 4.162647566588431047e-01
2.937112786623299332e-01 2.139686777737737078e-01 3.996207223388401619e-01
2.986250948670059469e-01 2.123440143106579692e-01 4.005679174279705990e-01
3.112653558430135137e-01 2.067153789288104226e-01 4.540654214089512308e-01
3.229339779242038633e-01 1.997747328324318561e-01 4.404839932520150381e-01
3.346773084476649673e-01 1.839255238441527274e-01 3.942638227643249227e-01
3.611564945745975308e-01 1.701743498239815522e-01 4.183364078820868137e-01
4.063475633310258406e-01 1.349944449494481225e-01 3.995159046941307857e-01
4.459891263062565891e-01 9.988384110426906659e-02 3.779199137076778570e-01
4.874615287701710709e-01 5.601034465804699547e-02 3.153180221013327511e-01
5.475359823820120653e-01 6.044933493681292624e-03 3.204223032015962591e-01
5.874287653203249526e-01 -1.278937620611486636e-02 4.207891662158176338e-01
6.365758128105631908e-01 -5.933652754322976675e-02 4.059001360683012205e-01
6.981521201850786618e-01 -1.119749821425117253e-01 3.475161441621068548e-01
7.379103745503693412e-01 -1.588124196290447987e-01 2.664992388676112878e-01
7.683783924233733575e-01 -1.972428217774927495e-01 2.007436079697846321e-01
7.795988381969570780e-01 -2.113723444084077974e-01 1.761271153924865995e-01
8.020181797617376152e-01 -2.221198032086491581e-01 1.171192549727588794e-01
8.133401207159280943e-01 -2.154218964928686364e-01 1.132599087248533642e-01
8.164657418037026826e-01 -2.135080465085282542e-01 1.141648636277265982e-01
8.229128129590719265e-01 -2.251843137770965786e-01 8.440873962418815601e-02
8.204661062526286130e-01 -2.242650788295716124e-01 8.103116186003544996e-02
8.204434382644086865e-01 -2.241979989959075326e-01 8.106990512436107466e-02
8.204665632068782744e-01 -2.226060993363335183e-01 8.082293791014039108e-02
8.274453673282742283e-01 -2.349797868000715328e-01 4.878313157230773633e-02
8.202878628510654746e-01 -2.240527039342521953e-01 8.159656760356726046e-02
8.203007540063143033e-01 -2.223003886051177769e-01 8.171124491826287084e-02
8.135406772836626388e-01 -2.119277951064705290e-01 1.128219331959872118e-01
8.081609591108829260e-01 -1.945450085535719853e-01 1.390200210843035578e-01
8.191769244242816939e-01 -1.932833007707669970e-01 1.053615579308337935e-01
8.002721579961351583e-01 -1.489764960660319715e-01 1.806392501676468143e-01
8.084738353154271584e-01 -1.389026869140192466e-01 1.459896246017209354e-01
8.081425860347821732e-01 -1.192673024940974491e-01 1.361195764036047251e-01
7.817382407924949872e-01 -7.522858647747338035e-02 2.049775749771549638e-01
7.787931649928390154e-01 -5.507207987721263187e-02 1.936651594052152259e-01
7.675864229821384166e-01 -2.553246381449691960e-02 2.080335554708570012e-01
7.493352128908454812e-01 1.411000317376853719e-02 2.453371829314558994e-01
7.535297974946647548e-01 2.747434873205428785e-02 1.811357460311187051e-01
7.298229210326732108e-01 8.943361937779181758e-02 1.748030484371869697e-01
7.209144144276677935e-01 1.016891042458415439e-01 1.947072509203882085e-01
7.117916495805084454e-01 1.137228582271635480e-01 2.163517731630624219e-01
7.178246712675036001e-01 1.151646349384486956e-01 1.614900857618273289e-01
7.196110247746556610e-01 1.167096702047288881e-01 1.318478973616852290e-01
7.096133373307556003e-01 1.215306813941300357e-01 1.570547661729648770e-01
6.936427871161670033e-01 1.289883828660548515e-01 2.050342990844622459e-01
6.968945982291667729e-01 1.264171354635060252e-01 1.816186684239997629e-01
6.998440928032576558e-01 1.232553974170684796e-01 1.816319817988008012e-01
7.133176625447660291e-01 1.156044859965741356e-01 1.314982149668617595e-01
7.085355264102637385e-01 1.112227319574654039e-01 1.606608777516485009e-01
7.002198499424636680e-01 1.029883152052760709e-01 1.915620164338378562e-01
6.900610021603583721e-01 1.007748070985972633e-01 2.178756094797817955e-01
6.852826668072431460e-01 8.850856347057223239e-02 2.243326504321767612e-01
6.695869387332081812e-01 8.425012940639264869e-02 2.499063242908001747e-01
6.564995332985997800e-01 7.119006587383153173e-02 2.541477844247608253e-01
6.356759896593316972e-01 6.555689890982213663e-02 2.542462168066688122e-01
6.112528209223091480e-01 6.933904019886250047e-02 3.221340682497948471e-01
5.917800292521417926e-01 6.641853600671893121e-02 3.201118114466665610e-01
5.682901460843711172e-01 6.857456535756589755e-02 3.384727732615067097e-01
5.502791951551787575e-01 6.777663256645949375e-02 3.154562265118929787e-01
5.334299679023623009e-01 7.745752144205575451e-02 3.324386699913082222e-01
5.114201981933171881e-01 9.809732209145366477e-02 4.029051634523150849e-01
4.913135302141107275e-01 1.057294445514306847e-01 3.983250692069659760e-01
4.741233084717602075e-01 1.154925740073323159e-01 3.922425329657897031e-01
4.524546042518101663e-01 1.293205596254840550e-01 4.048737404672015927e-01
4.375678237041831231e-01 1.491308779256642070e-01 4.327221577852218282e-01
4.282047620137110489e-01 1.568767854745835022e-01 4.275739282916002360e-01
4.110907142671376135e-01 1.787916862989366029e-01 4.345589234298572467e-01
3.961979705737889157e-01 1.941030401568412667e-01 4.111762490886834431e-01
3.894172137256532995e-01 2.110722877647578932e-01 4.532059708854718760e-01
3.819228319880842992e-01 2.156246218053997077e-01 4.191459245144277812e-01
3.709591487656235254e-01 2.318385833671986473e-01 4.599449617839959092e-01
3.632820477653772029e-01 2.326146117208302000e-01 4.126912557124897685e-01
3.569917845802038636e-01 2.363141580454409252e-01 3.734153798240318345e-01
3.517208522073059784e-01 2.399234023968874752e-01 3.898820790167554229e-01
3.513586506163686729e-01 2.406359501750767182e-01 4.072048508866263905e-01
3.518802758678704068e-01 2.424120742877424184e-01 3.881221316779002173e-01
3.514759637346147603e-01 2.430938531492352617e-01 4.053673306013345634e-01
3.422042278472394172e-01 2.449830413657724804e-01 3.694010944578660638e-01
3.376711910397708905e-01 2.484095861005186090e-01 3.497189105006963672e-01
3.394605385450869539e-01 2.439287124131619966e-01 3.692574614081842732e-01
3.370240148679524150e-01 2.409285069400965984e-01 3.532596418597204746e-01
3.459767481459349314e-01 2.362325041789710700e-01 4.083168806094124026e-01
3.558326177969127757e-01 2.216343734082281691e-01 3.794274909030301846e-01
3.726041198107779007e-01 2.055839410693943714e-01 3.866491488829670864e-01
4.050242821196645138e-01 1.807259703859984690e-01 4.502649536375180617e-01
4.360281987861052144e-01 1.475501511027962342e-01 3.954494780969759482e-01
4.759290428905054160e-01 1.079207490584104812e-01 3.762149681649213928e-01
5.154253289381847125e-01 7.467577493806187849e-02 3.738943938588328297e-01
5.773571870799749650e-01 2.128913315196334644e-02 3.161558073180379402e-01
6.183237505320012817e-01 -9.479665574669837724e-03 3.110103348191586292e-01
6.576754562712758823e-01 -3.649576149559019544e-02 3.041566455222293186e-01
7.102288638955771560e-01 -8.370892193340506715e-02 2.546383923931574422e-01
7.483612088964901599e-01 -1.197797336240764565e-01 2.214980405478423897e-01
7.746467231368631134e-01 -1.498697977558001992e-01 2.099318252024133802e-01
8.052294500954091383e-01 -1.853474508510678798e-01 1.677584892861470056e-01
8.173003628330767212e-01 -1.977715897709131088e-01 1.419958819260029870e-01
8.490777707847237954e-01 -2.201792851272970086e-01 4.849978492440443212e-02
8.501067843779086530e-01 -2.157296599714755292e-01 4.519276075606337706e-02
8.297378662568628549e-01 -1.925777179059832978e-01 1.046068027954385471e-01
8.400770015928953338e-01 -2.025246074533983698e-01 7.418973425303043712e-02
8.298823502487808756e-01 -1.927262110625281299e-01 1.040799996523835702e-01
8.297142005553097555e-01 -1.925539281591996388e-01 1.045866185274324511e-01
8.295946295415371763e-01 -1.924251871073320297e-01 1.050297659924961380e-01
