9.686046767327010087e-01 -3.373979768303632665e-01 5.755255181424323574e-02
9.688072710884392258e-01 -3.376120482631027597e-01 5.694627342780833601e-02
9.689155350323497284e-01 -3.378218021118044589e-01 5.666631000866595436e-02
9.689095409102976841e-01 -3.377484347671866338e-01 5.679451976090388321e-02
9.690598009006738955e-01 -3.379093429024219164e-01 5.636247321780918362e-02
9.689882015320718800e-01 -3.377758190291225704e-01 5.658050488690746782e-02
9.689543065518200216e-01 -3.377546616216897668e-01 5.675058393531129397e-02
9.689641311372518828e-01 -3.378011705630123984e-01 5.669365655208524757e-02
9.690426286326945249e-01 -3.378839888443350148e-01 5.656355311799954322e-02
9.690625618265211738e-01 -3.378934377902447772e-01 5.640238567489963550e-02
9.690331674046754884e-01 -3.378839560308456447e-01 5.664293729034652891e-02
9.685589368271232402e-01 -3.374028871871233015e-01 5.778462158661490378e-02
9.683875522522986667e-01 -3.390197228071093472e-01 5.837203014503411502e-02
9.686534844744265627e-01 -3.375715709421037714e-01 5.761850104869292721e-02
9.678340145768165037e-01 -3.421188385947941946e-01 6.003841230388884398e-02
9.678388193078280022e-01 -3.421788378148972742e-01 6.016049275555879206e-02
9.680796431867539908e-01 -3.424481889803409063e-01 5.923171849775021869e-02
9.672674363664984787e-01 -3.434902206443548045e-01 6.142249349153638960e-02
9.672484567888438578e-01 -3.433504519159495949e-01 6.162558348079927306e-02
9.580658128494203840e-01 -3.275181284743546861e-01 9.155945929861974975e-02
9.504896203922152953e-01 -3.138368834466337409e-01 1.262985433746337538e-01
9.238811150670229733e-01 -2.792249674930274428e-01 2.119737075430272455e-01
9.415435563584149126e-01 -2.740060811092853710e-01 2.163766117777734532e-01
9.367375271138728143e-01 -2.509110037521570802e-01 2.407338668345795352e-01
9.257550974514425768e-01 -2.212336069115698467e-01 2.842187569751797316e-01
9.426020695714116826e-01 -1.987155059610455354e-01 2.790710378979877060e-01
9.512617557053297812e-01 -1.776824219161495522e-01 2.717577696614703608e-01
9.329539914517701593e-01 -1.324775568977445417e-01 3.330085766545338721e-01
9.319325020007640514e-01 -1.051337513958736647e-01 3.444031548631749651e-01
9.567649187493413310e-01 -9.748570011650764533e-02 2.907783446297578234e-01
9.577717622875094872e-01 -7.425537467303866546e-02 2.798777917692929496e-01
9.652448650785565576e-01 -6.625941444888711063e-02 2.499981406323821265e-01
9.750341458616613721e-01 -6.088003464867175474e-02 2.142768302056952123e-01
9.766480622174202875e-01 -5.251310626967248263e-02 2.097177117866648732e-01
9.863076200776219604e-01 -5.274112487703558338e-02 1.821058153738019936e-01
9.868023264328182886e-01 -4.982543243128056965e-02 1.807053381368906031e-01
9.779094183252692307e-01 -4.384902580703792241e-02 2.062178554086016025e-01
9.710496076186776460e-01 -3.760024802562594859e-02 2.340755844108670658e-01
9.740150367091596761e-01 -3.776035971798002988e-02 2.343929714441375101e-01
9.742315575218916113e-01 -3.786611681373414084e-02 2.337921085210843408e-01
9.716918129144191951e-01 -3.801050057658550418e-02 2.326908644234328971e-01
9.914428128571689536e-01 -5.729400217708940923e-02 1.852849791908262045e-01
9.742497586396634546e-01 -6.686500981603565874e-02 2.166647182342873457e-01
9.888644256168543922e-01 -9.885028344920271381e-02 1.740970250181974599e-01
9.819411349716514747e-01 -1.254613147219940661e-01 1.849295903272620833e-01
9.506897172063977219e-01 -1.410890406558439336e-01 2.558634586480936779e-01
9.466194796738952588e-01 -1.685435038289054832e-01 2.321239122270128963e-01
9.476045553463935400e-01 -1.934705119718760358e-01 2.101316915781332728e-01
9.260165333613783467e-01 -1.992196411728784089e-01 2.075344333656512497e-01
8.917627191298127531e-01 -1.882382874470650280e-01 2.577781129452436648e-01
8.889064049151420566e-01 -2.068064125127791753e-01 2.352458394123075891e-01
8.585622293652712678e-01 -1.975258319855630607e-01 2.547467389004469673e-01
8.214360603714168096e-01 -1.644686303332746069e-01 3.166052453764438557e-01
7.980173620453805405e-01 -1.472750902478917601e-01 3.300886367405855282e-01
8.035668852073222235e-01 -1.659608247709944695e-01 2.568585199922508444e-01
7.686334552557825273e-01 -1.402896155493706110e-01 2.940636901936426462e-01
7.370257602238774464e-01 -1.226660456160008628e-01 3.075287505811898914e-01
7.025393464539804178e-01 -9.443146581997907685e-02 3.424068910103972296e-01
6.859923212736249720e-01 -8.587598184314365612e-02 3.082542117782500757e-01
6.573329255515486524e-01 -5.864268809025730000e-02 3.167272324543259909e-01
6.129326559539228780e-01 -1.342710217235237868e-02 4.040277079088667733e-01
5.932634584864273641e-01 4.609268807858279970e-03 3.723676540575717731e-01
5.547739308782487777e-01 3.638870420587064780e-02 3.761199910047248185e-01
5.272061246110030241e-01 6.150256049992885998e-02 3.818261167751697549e-01
5.051193698078547678e-01 8.907529254389462414e-02 4.079616670976391468e-01
4.820814983651805496e-01 1.177139685110412670e-01 3.932851819222693557e-01
4.693033513884962149e-01 1.423588603774308958e-01 4.178090115485757483e-01
4.530778006599575081e-01 1.593044434004128318e-01 4.106740239757999955e-01
4.424995134780645989e-01 1.805747235766053116e-01 4.692843895124851894e-01
4.419300480999215908e-01 1.828576777310520485e-01 4.525093385368772481e-01
4.388905186841726147e-01 1.840106052770317246e-01 4.353381626174299690e-01
4.322817852538362038e-01 1.833945288207978197e-01 4.510480284638518356e-01
4.305684218178063016e-01 1.826998119283319011e-01 4.680374427131248627e-01
4.292108161718085069e-01 1.852981637841015772e-01 4.832138108390202635e-01
4.292736931942224277e-01 1.853169390986562082e-01 4.834122321514069398e-01
4.294548986194372531e-01 1.875806464889943626e-01 4.824823342663495662e-01
4.335880782724588767e-01 1.893445046074390681e-01 4.653600764139635970e-01
4.325705625961794865e-01 1.869696044163257076e-01 4.498643465797804719e-01
4.330248156883403365e-01 1.916163877347261124e-01 4.491277126919723806e-01
4.345948782930686982e-01 1.901418764883727186e-01 4.322162510230325161e-01
4.351203897209405813e-01 1.879853533622324879e-01 4.508074951106817441e-01
4.359836860716223561e-01 1.814468219889998624e-01 4.861376403787731615e-01
4.409458093325882566e-01 1.769131281807422851e-01 5.048276007994905168e-01
4.523728983441665519e-01 1.636567909038513791e-01 5.401777849533458964e-01
4.686629650137781322e-01 1.468562542392611303e-01 5.349006004984020457e-01
4.939182500716736146e-01 1.236150083335805783e-01 5.320040633842100242e-01
5.130295404857283526e-01 1.024818582813311618e-01 5.270669488311914286e-01
5.363308866312154199e-01 8.235633884557341799e-02 5.381416328652615100e-01
5.681495439371644363e-01 5.353034476968648869e-02 5.210641627242802443e-01
5.952065902011707266e-01 2.867840223955359091e-02 5.183843722607344162e-01
6.114858114364802866e-01 2.194566386102891897e-02 5.734135244263134368e-01
6.479201975710709993e-01 -1.266521140913434706e-02 5.627480750591169478e-01
6.901496818529695432e-01 -4.931207998669145942e-02 5.162276215589327588e-01
7.120321595832765915e-01 -7.157547830254581966e-02 5.129016656005880304e-01
7.595919667737514036e-01 -1.087088090620860481e-01 4.760133901683025748e-01
7.946544719546496660e-01 -1.384602470191716450e-01 4.290259216127843001e-01
8.272190128003179543e-01 -1.747981616745889200e-01 3.780669124032676187e-01
8.726456402416349345e-01 -2.202396736524700471e-01 2.685459660318612052e-01
8.939763852733433325e-01 -2.386928947367519260e-01 2.166673451676293105e-01
9.105946538049816130e-01 -2.564421519365757129e-01 1.600784623678459528e-01
9.355790239635884964e-01 -2.848635734531879127e-01 6.316227302844223956e-02
9.341820862259924141e-01 -2.775804887555539113e-01 5.652236723322268119e-02
9.439444994025587565e-01 -2.862075409515797420e-01 2.270782826560435730e-02
9.069048056638300270e-01 -2.515079503706096897e-01 1.162255499574393891e-01
8.951002074213146864e-01 -2.404574149115532022e-01 1.459428097058310669e-01
8.951595021727979384e-01 -2.405357809858471030e-01 1.459124906157687196e-01
9.210871818467915029e-01 -2.690234879531412937e-01 8.967255139374263884e-02
9.220941540127336467e-01 -2.810263250954299630e-01 9.755243164577631632e-02
9.098600816770612276e-01 -2.574127040035426583e-01 1.622040807857572098e-01
8.977420525502145532e-01 -2.260517196589558742e-01 2.151515487787112324e-01
8.954018480356573662e-01 -1.877869331412910792e-01 2.647719982320906329e-01
9.177041739121287733e-01 -1.769975588192417570e-01 2.331469780017827453e-01
9.192482594348534430e-01 -1.416776707189790763e-01 2.488884110504965275e-01
9.191334104806021532e-01 -1.027174520693309168e-01 2.518860264876234822e-01
9.250471780691982282e-01 -8.844365644966067919e-02 2.148290737580136334e-01
9.270260371365904861e-01 -7.240960495348269799e-02 2.087131544378502124e-01
9.293483394409178810e-01 -5.962397303780914148e-02 2.018992692061811756e-01
9.318950419920086770e-01 -4.394756646531816635e-02 1.945030769448874430e-01
9.222820840854525359e-01 -3.382802355067432432e-02 2.161138657811656483e-01
9.315416487526297917e-01 -3.097797122570872252e-02 1.865797655131071764e-01
9.399926191132663700e-01 -3.529680911338328730e-02 1.596480445505321644e-01
9.403112327569602691e-01 -3.391386510299143620e-02 1.583989936667755671e-01
9.392960516001880311e-01 -3.813972784450647691e-02 1.615090262196123838e-01
9.311170061249376406e-01 -3.394526125220953539e-02 1.878719339641825581e-01
9.307320946775913262e-01 -3.514656332476434608e-02 1.890545582945508674e-01
9.228166745468318055e-01 -2.495625406073032071e-02 2.143148480325327565e-01
9.302603045999050524e-01 -3.811884421417116586e-02 1.904775485750227482e-01
9.110431134149789001e-01 -3.688901875075695225e-02 2.509057291680842905e-01
9.102355145619271948e-01 -6.054831102353330774e-02 2.620024645266172403e-01
9.160827526745111138e-01 -8.419528529452530163e-02 2.431199544033668669e-01
9.184915410847931394e-01 -1.170939542590453963e-01 2.336241237286811323e-01
9.185444964210480734e-01 -1.494574285568520122e-01 2.221312485187345587e-01
8.997726002088248798e-01 -1.760941218562274979e-01 2.524603526454760605e-01
8.924905265692174572e-01 -1.906993885051309345e-01 2.248104085562050436e-01
8.516244233380914075e-01 -1.749591402122825379e-01 3.024615261974645808e-01
8.451475772106289419e-01 -1.762711199509352233e-01 2.720527921140802885e-01
8.391702217474996672e-01 -1.770226983008235666e-01 2.373450918715998004e-01
8.196938026675253397e-01 -1.595891245764717303e-01 2.292212397779576083e-01
7.777319406227767296e-01 -1.117640663370638721e-01 3.100501663256540752e-01
7.527969751525644959e-01 -9.275915696194880766e-02 3.211163521640563179e-01
7.348120571915834898e-01 -7.825014030546689758e-02 2.841061929907953143e-01
7.104342627208410921e-01 -5.358945432583239743e-02 2.434791469888977211e-01
6.672730141474723098e-01 -1.715453538537020650e-02 2.442769975506542401e-01
6.288160099190801544e-01 1.093930413942040270e-02 2.543475728897302002e-01
5.815513923350930092e-01 5.154559921298917935e-02 3.269018813866064743e-01
5.562473893835157002e-01 7.292227253937721976e-02 3.144403374235078541e-01
5.257779754167652975e-01 1.093150942704901318e-01 3.173673844699183011e-01
5.116383837503469811e-01 1.253812545766160302e-01 2.653212173212688985e-01
4.834644989805095272e-01 1.577689833339825376e-01 3.550050712410453002e-01
4.696830506158091723e-01 1.761482292105779335e-01 3.859537903736391939e-01
4.609492534266724784e-01 1.879952114750594316e-01 3.986770696554653437e-01
4.583043078628108447e-01 1.930168046592622977e-01 3.777053253060078664e-01
4.535188019687875771e-01 1.970556590899676386e-01 3.759542694329596202e-01
4.481894813231854791e-01 2.034355628921687975e-01 4.273097352005288396e-01
4.462900072588279476e-01 2.023408665146380625e-01 4.441046365174823318e-01
4.447520122325792080e-01 2.001219408478886463e-01 4.109679176759861718e-01
4.426687590557754071e-01 1.967483846412599324e-01 4.308115732994255431e-01
4.446618137605324872e-01 1.919449323274940444e-01 4.336686006249657055e-01
4.524752329852074206e-01 1.800519056798816075e-01 4.023853144890112699e-01
4.582766336703144594e-01 1.735051059707478083e-01 4.583200905916291479e-01
4.735328932467565144e-01 1.602932774534374660e-01 4.121276461800940094e-01
4.961535758216312209e-01 1.404015279421079732e-01 4.917792498450359595e-01
5.177504667495588242e-01 1.210834977375995769e-01 5.037635074559265735e-01
5.474415667505614369e-01 9.261092499197276506e-02 4.845525667823051830e-01
5.852167849783420639e-01 5.208484476146102438e-02 4.902908127204268496e-01
6.110108173363982820e-01 2.559666763521734056e-02 5.051927219639702482e-01
6.259343866271629420e-01 1.287907419232653394e-02 5.801573321871030808e-01
6.732182004234060768e-01 -3.056785195460542948e-02 5.590841135758248814e-01
7.130659519595637930e-01 -6.627063883921874288e-02 5.093610051689778651e-01
7.632580124706417335e-01 -1.031670843344405231e-01 4.517354715397603471e-01
8.055221600969493245e-01 -1.502878529367596139e-01 3.876928307084632763e-01
8.361351989018439568e-01 -1.906819342417120366e-01 3.352278871715128616e-01
8.524331638858437810e-01 -2.216544267547875258e-01 2.963961076370940084e-01
8.798877231878697858e-01 -2.737680033699572135e-01 1.972335957706747855e-01
8.765370552913129831e-01 -2.750864108601808744e-01 1.974264444786399952e-01
8.771782413748026030e-01 -2.689872567490338984e-01 1.950254565447568922e-01
8.905921960815845750e-01 -2.672096766476482199e-01 1.599112521735415182e-01
8.918089789697706271e-01 -2.615734484239220503e-01 1.559329552467554336e-01
8.900334045006572659e-01 -2.541270578077584053e-01 1.512843340251996960e-01
8.894999545922934736e-01 -2.519484311782717589e-01 1.527079140308289507e-01
8.972561773625791215e-01 -2.658008401481061767e-01 1.244428351281716694e-01
8.889688352212310463e-01 -2.565554412093012937e-01 1.543333345499946496e-01
8.884496421023845292e-01 -2.594070010764301104e-01 1.560845617192299084e-01
8.805790989368558197e-01 -2.504372270072698359e-01 1.849708390869317931e-01
8.906543159729539694e-01 -2.367301241126507083e-01 2.168822781801924560e-01
8.732097312084197149e-01 -1.889792873724698286e-01 3.177056554623722828e-01
9.238429697805463636e-01 -1.851495967048108204e-01 2.710166043704926864e-01
9.465469241384119048e-01 -1.626308385697677605e-01 2.674224670078910737e-01
9.467723709188387016e-01 -1.252068251924030595e-01 3.094319466332089430e-01
1.018649438017615649e+00 -9.350003931840505933e-02 2.136534744009217501e-01
1.024447235465991479e+00 -7.970667898288363862e-02 2.063128535029199462e-01
1.026307381848126532e+00 -7.136006368266040178e-02 2.014988081048294521e-01
1.026717558192550950e+00 -6.843175897717473921e-02 2.003197913852037271e-01
1.036728472882241014e+00 -7.154147086517514964e-02 1.740339874324725589e-01
1.034553218858992985e+00 -7.361738019868724336e-02 1.718630229403703691e-01
1.002145350059205242e+00 -6.429181940807393580e-02 2.244883982245222676e-01
1.013717276278650825e+00 -9.224521897557375061e-02 1.761716005741864599e-01
1.011665166838127350e+00 -1.187431619193702881e-01 1.555774921355739249e-01
9.811185177566676963e-01 -1.313336967732682825e-01 1.874253882653811321e-01
9.883611815784286714e-01 -1.692443171947030089e-01 1.376781974643648265e-01
9.510477904857576048e-01 -1.767779153330325814e-01 2.003036259221524507e-01
9.766579138045251574e-01 -2.352924952719658291e-01 9.075925023013797777e-02
9.177355457271336725e-01 -2.184739756106436337e-01 2.131080624132124512e-01
9.080347101753115657e-01 -2.332838488909602104e-01 1.816650815912483896e-01
9.122806830121337196e-01 -2.540952946556210290e-01 1.208756111115547593e-01
8.967696544229150080e-01 -2.490202740032076423e-01 1.152494612891792336e-01
8.711669238112509372e-01 -2.289043292625397297e-01 9.801988839938502451e-02
8.297065970681936076e-01 -1.978209585767462531e-01 1.454442917769975807e-01
7.981711074561997910e-01 -1.688001978231482014e-01 1.580837756949404760e-01
7.428935859059222491e-01 -1.102958982478026151e-01 2.185767555624642533e-01
6.929277751177818079e-01 -5.534870931013674555e-02 2.940857600850037556e-01
6.656221942904144706e-01 -1.808118852712214952e-02 2.966576543541370459e-01
6.281565097533314823e-01 2.810468221481143836e-02 3.434080027534962554e-01
5.948524539957642521e-01 7.325492036208514079e-02 3.198718623066811872e-01
5.614135344241240055e-01 1.183464349954947981e-01 3.791833352535585178e-01
5.428941900938697440e-01 1.436546622789129368e-01 3.678254825935092232e-01
5.232323454450337197e-01 1.750776763648781986e-01 4.096480357245446680e-01
5.171790299860560269e-01 1.913439412585273280e-01 4.024904307349370658e-01
5.079133035349238101e-01 2.050207475450895322e-01 4.317130835978273407e-01
4.986707501477197213e-01 2.095380293702632790e-01 4.103534195800653261e-01
4.874112220978148446e-01 2.208651869467422868e-01 4.717102162548447719e-01
4.875137885058127285e-01 2.236028515027240204e-01 4.565872493979890034e-01
4.900726926482864010e-01 2.257704781370982738e-01 4.567062024650123675e-01
4.878815724572457269e-01 2.266985754963382615e-01 4.712078784951696520e-01
4.876232316666461730e-01 2.247799173524007155e-01 4.552068406823737146e-01
4.827997098493590489e-01 2.266968407175392608e-01 4.387890456677845386e-01
4.801873862553850403e-01 2.261331176614015948e-01 4.214206553664439081e-01
4.806409734503359066e-01 2.275609424039423678e-01 4.541959107492996583e-01
4.806110273222700124e-01 2.276757244199961727e-01 4.543263357702724825e-01
4.775939127083830837e-01 2.267676157257333958e-01 4.039694933841382340e-01
4.747903274797596329e-01 2.218740696231052412e-01 4.241859873351494503e-01
4.725836241267867277e-01 2.151159879139587505e-01 4.935227876938159675e-01
4.853918773366693862e-01 2.028615788649432705e-01 5.468901608180698481e-01
5.035039501420348618e-01 1.856589405712187335e-01 5.696653680800870534e-01
5.270134593969911796e-01 1.607403121261299361e-01 6.263306091266049869e-01
5.693341740095808623e-01 1.203933304593116649e-01 6.343363949055903506e-01
6.029161178248138020e-01 8.876826234245305258e-02 6.514418677429183457e-01
6.343628529858619247e-01 6.369250964969397355e-02 6.666452125890568459e-01
6.792341634442418119e-01 1.977271956235171491e-02 6.082949889450535164e-01
7.457683630525443474e-01 -4.194020243061424846e-02 5.285010871758826223e-01
7.951569848605781754e-01 -9.011675391360374210e-02 4.591213426562898992e-01
8.459312727865785364e-01 -1.456187521113678773e-01 3.728104807837597789e-01
8.966227467472612789e-01 -2.087538260446936134e-01 2.709995416881219032e-01
9.073001094888866191e-01 -2.213927486767023334e-01 2.461309547252819030e-01
9.196771212748884317e-01 -2.242276372708678078e-01 2.165276637971162987e-01
9.214270004204572206e-01 -2.156658277058899342e-01 2.119228246297955032e-01
9.360335848095775457e-01 -2.083416772643029713e-01 1.760142127341597362e-01
9.544333194807648191e-01 -2.249451733006238574e-01 1.170934618179739761e-01
9.718379551801681338e-01 -2.435535217008590325e-01 5.075583321595167341e-02
9.717714059648513425e-01 -2.435206388632952801e-01 5.077473684332667325e-02
9.689805038070529175e-01 -2.438675884754135936e-01 4.890565522401124632e-02
9.689945421292722738e-01 -2.439279878582954197e-01 4.886743659133618856e-02
9.690884269272386220e-01 -2.439700538558214893e-01 4.849514454830750054e-02
9.692063572633475843e-01 -2.441717561588212237e-01 4.800788985110426843e-02
9.689309530075729260e-01 -2.438888190006315571e-01 4.877856024004811886e-02
9.689189021664470491e-01 -2.438282198196277117e-01 4.898801820550779951e-02
9.688075869189769485e-01 -2.436583867206498777e-01 4.936028714049078836e-02
9.689536329972475714e-01 -2.438248288861885604e-01 4.897307863316013865e-02
