8.427648737857849071e-01 -1.774705906107649223e-01 1.360897483290901544e-01
8.465148312374025652e-01 -1.865595644547715370e-01 1.060439284287908457e-01
8.582414588227003094e-01 -2.062378560296967700e-01 4.195633890549310685e-02
8.399693934888929903e-01 -1.880288243145868399e-01 1.051446126652053614e-01
8.367437294151082172e-01 -1.880017805013544374e-01 1.045460398219126841e-01
8.365470234360471435e-01 -1.877591153620220554e-01 1.048821595086013581e-01
8.367150138923078462e-01 -1.880034834948107469e-01 1.043694827956340720e-01
8.335087247851818981e-01 -1.878056573286130682e-01 1.039261512217262151e-01
8.335852450990348661e-01 -1.861980101633444462e-01 1.036180777798689778e-01
8.267079702911614980e-01 -1.785158926957547687e-01 1.334924003858835029e-01
8.266436789174989030e-01 -1.784942113398648444e-01 1.337726942670049990e-01
8.265595958685278966e-01 -1.783179948560148220e-01 1.341593348748491010e-01
8.365593923572719470e-01 -1.877876419772058214e-01 1.048255571244434137e-01
8.364546666158512167e-01 -1.877383769618309883e-01 1.053193802949818902e-01
8.364143293944135138e-01 -1.893882875083274797e-01 1.054950753894972060e-01
8.294444561748280931e-01 -1.799570699501670534e-01 1.355396058746041188e-01
8.126413016304523396e-01 -1.439154100302234562e-01 2.476607278506912646e-01
8.094294089277773718e-01 -1.043521181150302013e-01 3.666127222834758559e-01
8.462593587819926544e-01 -9.669677211816424256e-02 3.746026604600352083e-01
8.813677876275602951e-01 -9.274476457081826108e-02 3.520704500880258436e-01
9.120516652963355231e-01 -8.402142831215630991e-02 3.280966431753757906e-01
9.715178753428190817e-01 -1.043629852570072125e-01 2.056435609251030527e-01
9.864438345277219966e-01 -1.005632531892880488e-01 1.723823202201359983e-01
9.787900409872680729e-01 -8.663330273573843776e-02 1.944927410421750658e-01
9.795299624211490919e-01 -8.222061185741424971e-02 1.925023305390207717e-01
9.914646309581101047e-01 -8.903966171997779178e-02 1.671438802869529283e-01
9.912721973584711632e-01 -8.901420565325018908e-02 1.674783937813728585e-01
9.884698715568005500e-01 -9.053754061415786314e-02 1.668758325245798257e-01
9.864158621047587339e-01 -1.006908268185331967e-01 1.722599550078607322e-01
9.832794530564428204e-01 -1.166596829373538480e-01 1.807103178966849022e-01
9.962103454624979815e-01 -1.502657013520076745e-01 1.338222167717970645e-01
9.861452473760532467e-01 -1.679904761480656150e-01 1.346421967596125313e-01
9.538232750024684403e-01 -1.576804482178259526e-01 1.917413720073148919e-01
9.333099553177408580e-01 -1.590461905045788549e-01 1.863038758562858277e-01
9.050961692592780494e-01 -1.427436907985014658e-01 2.059064212021002316e-01
8.717705665271728854e-01 -1.131160309515967799e-01 2.143378168416865126e-01
8.502198029928802470e-01 -9.625289616581794716e-02 2.024309489222375635e-01
7.920137344350068886e-01 -4.530206382782014929e-02 2.831175307597435520e-01
7.552743460114419438e-01 -1.023544453386959763e-02 2.558320674941942929e-01
7.158115996854483853e-01 2.586447473615410830e-02 2.861045314688710484e-01
6.728586112620830173e-01 6.653805287316444383e-02 3.543860369573383906e-01
6.462507392353386004e-01 9.308326723054050067e-02 3.618653752513245614e-01
5.603876833127804380e-01 1.918796310373172553e-01 4.057987870819177445e-01
5.408518247442343219e-01 2.200304101022706460e-01 4.447891397976795336e-01
5.297719017013257092e-01 2.368024918203671114e-01 4.538725190472137072e-01
5.254953007795483133e-01 2.468209289763248493e-01 4.656422165056082196e-01
5.242859754478594869e-01 2.546104741542459804e-01 4.463570647165429062e-01
5.144211199200890983e-01 2.606479543360545881e-01 4.909740954348136288e-01
5.124116998791345967e-01 2.630860366849434029e-01 4.892992621174880874e-01
5.128753608241248818e-01 2.638252536376082258e-01 4.590091099207764813e-01
5.082898188643867332e-01 2.666135666826050521e-01 4.729138464822637555e-01
5.104709694418072541e-01 2.653468778170348097e-01 4.729037589030207211e-01
5.106344154959097104e-01 2.664516237634866336e-01 4.726223706870369412e-01
5.086977046744631803e-01 2.699971547173318775e-01 4.700463034891178005e-01
5.107310465444849790e-01 2.663255928709563625e-01 4.575380222235612138e-01
5.107302104016124833e-01 2.638534174534677978e-01 4.425186907543032788e-01
5.080537294991277486e-01 2.618937253607586668e-01 4.580133023576069551e-01
5.071552278753168608e-01 2.538871491971835259e-01 4.621691867803925380e-01
5.063590852117517693e-01 2.459943664014172526e-01 4.658846830752518819e-01
5.084850089201224943e-01 2.434608669030609573e-01 4.663243763276194720e-01
5.175887414549542598e-01 2.258492751949064403e-01 5.079102044352921119e-01
5.283563519274161457e-01 2.041508659986611129e-01 5.350156306431910203e-01
5.400395546242694467e-01 1.828249964156485885e-01 5.327980598548809343e-01
5.486022922672033619e-01 1.641522011656462721e-01 5.557669956504195374e-01
5.836286926929220575e-01 1.089042837368101035e-01 5.683105909459389427e-01
5.985721423671811481e-01 8.855511419405043272e-02 5.635917109139502168e-01
6.609762672642915948e-01 1.090104449485246318e-02 5.199074149362294950e-01
7.032562162154182284e-01 -3.504480122737962944e-02 4.529345363316479300e-01
7.247519600683658414e-01 -5.932616814146191020e-02 4.448453757065422565e-01
7.593725284257605290e-01 -9.919762425709138798e-02 3.788908430352662116e-01
7.848786601991235568e-01 -1.172776640936284698e-01 3.402611463413851567e-01
8.090489772613942421e-01 -1.419633833623528130e-01 2.748215624936014567e-01
8.212927560728907617e-01 -1.581528553245663549e-01 2.242958191645263444e-01
8.289295254168554949e-01 -1.628701376691274183e-01 1.934979418432813958e-01
8.400517710111021774e-01 -1.559739712823628999e-01 1.621827651639280443e-01
8.615588815183408133e-01 -1.695548875817377010e-01 1.022955428062588545e-01
8.412084398176047362e-01 -1.520670154258393914e-01 1.584801503971673409e-01
8.478127160816029129e-01 -1.586019545323736901e-01 1.311283444507644891e-01
8.385166853307441936e-01 -1.523906178010888124e-01 1.564070707728704157e-01
8.377368588690065065e-01 -1.551292619895096592e-01 1.587170153070722733e-01
8.379982591916463885e-01 -1.553403655703868846e-01 1.579126817567517715e-01
8.377625238024563048e-01 -1.550747024488374204e-01 1.587093326770954160e-01
8.372385146674342637e-01 -1.561747565409857263e-01 1.607383197090448412e-01
8.267092267354436697e-01 -1.426772223649490634e-01 2.170047021623002781e-01
8.517422839438288928e-01 -1.434341619955077363e-01 1.926471979431456649e-01
8.663676395592236901e-01 -1.301630450231811564e-01 2.211826544971149389e-01
8.807459625102862510e-01 -1.115331796307824086e-01 2.473328821651483711e-01
8.923034735376997872e-01 -9.400731555379548965e-02 2.704858125281643932e-01
9.140771671638473483e-01 -9.668787329491601579e-02 2.486760339819935606e-01
9.449869815655529415e-01 -1.050634320991337134e-01 1.999460728187918424e-01
9.513877426829338013e-01 -9.479866163389383260e-02 1.910736750751331758e-01
9.519770173724025897e-01 -9.357939995049685544e-02 1.897419094243222304e-01
9.521339824409872366e-01 -9.205271359435468481e-02 1.892056705670392969e-01
9.611304587018341117e-01 -9.758146664427963524e-02 1.616955287215164905e-01
9.492396903517037465e-01 -8.881051980722692862e-02 1.882308647454269401e-01
9.549773759155720798e-01 -9.726574134933202442e-02 1.607489152457111103e-01
9.482680508928627017e-01 -9.455641323790697772e-02 1.910516911217994274e-01
9.510172899593084539e-01 -9.625898273477700995e-02 1.922988737775570556e-01
9.619986699415177256e-01 -1.077266735477968584e-01 1.684794756359271339e-01
9.620916628066807919e-01 -1.078415282061323532e-01 1.683413928197494691e-01
9.607543122662007828e-01 -1.166717744372635646e-01 1.722786862497227567e-01
9.568588049469635148e-01 -1.225608682684861117e-01 1.741646599321571287e-01
9.438423132654190084e-01 -1.298087196535169796e-01 1.742617515220730162e-01
9.344683201761543323e-01 -1.309515349560528841e-01 1.732580002786232587e-01
8.904335722707450440e-01 -1.064987354072928216e-01 2.464009435703427009e-01
8.894958562491357412e-01 -1.105424833554625175e-01 2.178629255806714404e-01
8.730775883296788553e-01 -1.076406226222961782e-01 2.105247059298140933e-01
8.223024412096768820e-01 -6.419499381133164650e-02 3.225260409087353786e-01
8.247114904366582566e-01 -6.534097391787913045e-02 2.687943859075196951e-01
8.046635260736405559e-01 -4.094838942484552158e-02 2.808443912019653599e-01
7.771612263442457813e-01 -1.191335025994472163e-02 3.148191928580328369e-01
7.586639496490896750e-01 1.430853039443497066e-02 2.991257776476710095e-01
7.160562328303545776e-01 6.207110811710364606e-02 2.946364449720604295e-01
6.695834311579138554e-01 1.093822670108079986e-01 3.566021441226674416e-01
6.489725413945227617e-01 1.347287576059401637e-01 2.983558071728988903e-01
5.650793856191775877e-01 2.441815027833059704e-01 4.375580735826123391e-01
5.656870216197751322e-01 2.529585923813655879e-01 3.987825402973461664e-01
5.545495896457951490e-01 2.602200417791344922e-01 4.312535663484462489e-01
5.459277126499715305e-01 2.623995245502404594e-01 4.629549080219503843e-01
5.429782370955261728e-01 2.628328085215800303e-01 4.775607157169357020e-01
5.433450800525039259e-01 2.684314654207528017e-01 4.768870834711862461e-01
5.442212212282381278e-01 2.751880159490183164e-01 4.726775641266960371e-01
5.445167121233314145e-01 2.774882050032912995e-01 4.716057155905559739e-01
5.475164268872256823e-01 2.772614660999365710e-01 4.564766630819114823e-01
5.531528000028844705e-01 2.769292423558420979e-01 4.395288675223558705e-01
5.633201453766188971e-01 2.775416761745289063e-01 3.885595330518085699e-01
5.598854378296620471e-01 2.789391649789437766e-01 4.060757757542785562e-01
5.563771219628810272e-01 2.778728011825680744e-01 4.239532094927369599e-01
5.596884546471609934e-01 2.764565676769464853e-01 4.069281685093990575e-01
5.616022804698221904e-01 2.715418793143407616e-01 4.093392101475421541e-01
5.618300038650818617e-01 2.609181192213520517e-01 4.321530654982472797e-01
5.599881666410408965e-01 2.502089921025112962e-01 4.867584372679369942e-01
5.709842127219766361e-01 2.258875348116457515e-01 5.001421893294886178e-01
5.801446687313184247e-01 2.017423766137510510e-01 5.095250695448882983e-01
5.873270333205997673e-01 1.743145916619002755e-01 5.559912925819515683e-01
5.999306779826238945e-01 1.453602613047510483e-01 6.015257937906137720e-01
6.318154089955866359e-01 9.444929196473961230e-02 6.132527162526606457e-01
6.639199260014950754e-01 5.392745876161009200e-02 5.917861195449359846e-01
7.099380436452746856e-01 4.002647722013308318e-03 5.140676412224596259e-01
7.419660464849502368e-01 -3.822639025507867938e-02 4.842761491426974541e-01
7.728790373589917717e-01 -6.951228619260707564e-02 4.382658389603266702e-01
8.235095570699453305e-01 -1.261546442601233498e-01 3.008089715259476549e-01
8.299025868506356707e-01 -1.368731667010895658e-01 2.764530844441246415e-01
8.525298671930745531e-01 -1.611239996286667475e-01 2.006765306828710571e-01
8.571622354235439722e-01 -1.669350342569574375e-01 1.707123669356696016e-01
8.525240557520634699e-01 -1.582481890453714679e-01 1.642040266803386217e-01
8.613080534943320377e-01 -1.710574099962356986e-01 1.029931690126977273e-01
8.417253420217711835e-01 -1.492187391199814028e-01 1.567468505906197684e-01
8.417451264027230318e-01 -1.492291162799577742e-01 1.567247445592641064e-01
8.418365017477870138e-01 -1.492896883611529724e-01 1.563868484259798297e-01
8.483443657009444028e-01 -1.572675471977348916e-01 1.294714038182800397e-01
8.417121079353805380e-01 -1.491668496421268419e-01 1.566662228892858888e-01
8.515918252173263481e-01 -1.576200992653117861e-01 1.293449914190445416e-01
8.513541496431760169e-01 -1.574451599346827213e-01 1.302597996712071549e-01
8.411690051103599686e-01 -1.503106567220855450e-01 1.588969565208362411e-01
8.436301307005249495e-01 -1.531910339961554679e-01 1.612213958723236473e-01
8.323686334105245832e-01 -1.409069009416680784e-01 2.193046730834842251e-01
8.446407742208175140e-01 -1.399632010664771942e-01 2.206578679698629752e-01
8.676606706555954895e-01 -1.368277967880349166e-01 2.269110011746702238e-01
8.702101793146302944e-01 -1.081697309764539927e-01 3.032549818098300154e-01
8.883381211844882941e-01 -9.051625151253306356e-02 3.292687378599201686e-01
9.497232390858187934e-01 -1.016855227778442061e-01 2.600655903307516059e-01
9.614769493828416724e-01 -8.386948550917211476e-02 2.856716351568506784e-01
9.790465872103870648e-01 -7.310338144515449166e-02 2.861612927611691948e-01
1.012655697827389734e+00 -7.817993627906588694e-02 2.373211778727299937e-01
1.027884661095273433e+00 -7.693384939941760869e-02 2.059593710932106081e-01
1.039834471048945108e+00 -7.832040295110637151e-02 1.750448938784345820e-01
1.040008905318081434e+00 -7.362781721937655677e-02 1.738143890712680051e-01
1.040476393603950722e+00 -7.072033632211383036e-02 1.726107205427152014e-01
1.040030923051035394e+00 -7.519349803709979296e-02 1.741497981849731147e-01
1.050192210632747480e+00 -8.336340595979990775e-02 1.478819795972838858e-01
1.036993910330939350e+00 -7.657054015675185399e-02 1.739945858519045263e-01
1.036715015062409595e+00 -7.804247113673390412e-02 1.747381033496604452e-01
1.033973488930320705e+00 -8.627757468861335655e-02 1.818163426015675377e-01
1.042102724760693322e+00 -1.115866666658669737e-01 1.608048814703479934e-01
1.041668396784171557e+00 -1.378520479450449088e-01 1.367089937372707453e-01
1.025525620759125012e+00 -1.453248999040908651e-01 1.355019229815619397e-01
9.788580247307926419e-01 -1.318321365437581938e-01 1.848084027098959581e-01
9.426523890226639057e-01 -1.292449303447398834e-01 2.072612180729784814e-01
9.007882219841554239e-01 -1.169096808903552498e-01 1.902130451962118496e-01
8.418993773151933757e-01 -7.332443855790793386e-02 2.482305533443911472e-01
7.942558233055472261e-01 -3.516299774859849014e-02 2.761610020482254679e-01
7.470175610231936103e-01 1.474544229596863598e-03 3.260683907844186269e-01
7.115762833821982492e-01 2.309303642164173276e-02 3.100227491079896591e-01
6.708525643895179025e-01 5.637242006039627773e-02 2.894426063317432352e-01
6.233089400924667345e-01 9.854893562836952725e-02 3.773840967619188635e-01
5.654752880130730075e-01 1.703759301257207759e-01 3.782652883157986423e-01
5.475378194527197317e-01 2.069369912418090318e-01 4.336510760501983697e-01
5.420066589249186162e-01 2.280321457177773570e-01 3.706662273605201285e-01
5.265195355663784271e-01 2.509678465997799424e-01 4.472129038349446084e-01
5.276332517327652072e-01 2.587688967524320316e-01 4.281412135649269590e-01
5.254412005803723584e-01 2.625076066210746961e-01 4.275400271576295097e-01
5.260308618385503010e-01 2.635329254357658968e-01 4.095860724897935068e-01
5.256553557612941852e-01 2.637532816734702301e-01 4.261034335607924994e-01
5.281372914635950044e-01 2.646660306706707932e-01 4.268035145073936221e-01
5.297945991314674252e-01 2.611502557571465655e-01 4.448783286384980773e-01
5.405231607366028923e-01 2.460373346893600655e-01 4.393758508723375478e-01
5.428226732501760798e-01 2.297358167692870046e-01 5.122204098277323148e-01
5.653072618514410896e-01 1.975287134981825732e-01 5.141801323316010919e-01
5.749557161150566920e-01 1.743621024697498134e-01 5.693030789281162685e-01
5.962370602121859209e-01 1.422607850540876240e-01 5.743650814147962524e-01
6.291936737602262797e-01 9.870757279202341250e-02 5.913496003110750854e-01
6.958299655747890444e-01 3.608725776655974382e-02 5.532609098259761993e-01
7.337991853118688290e-01 8.394551283643081341e-04 5.040319428659743028e-01
7.790190810729920035e-01 -4.158030399598178217e-02 4.480916138894630585e-01
7.914625814231208700e-01 -5.221828768911762619e-02 4.578475934579666617e-01
8.507096038801876814e-01 -1.015097991685537937e-01 3.209344844111887696e-01
8.891986920902901215e-01 -1.302679684666063209e-01 2.281018741215550261e-01
9.089643356807455277e-01 -1.407951505611352294e-01 1.718542040956925199e-01
9.443096844391226652e-01 -1.628314869754314276e-01 4.069618456191426148e-02
9.159712622936859727e-01 -1.476088916560001629e-01 1.032371813174595143e-01
9.019245119584650139e-01 -1.360295738101974239e-01 1.295295939054674772e-01
8.913478891996323705e-01 -1.264663389610052313e-01 1.562760277562944555e-01
8.913476084233358243e-01 -1.264599904246665463e-01 1.563041956254604958e-01
8.915107777590199900e-01 -1.233377926577590156e-01 1.556749731795963321e-01
8.917018909023046724e-01 -1.235078493346571937e-01 1.551299993068635530e-01
