5.039069060370041653e-01 -1.106852838244046511e-01 3.898412609387449379e-01
5.093300878697909484e-01 -1.184922984193041706e-01 3.715844690643470560e-01
5.124031203736644224e-01 -1.251040780556462728e-01 3.520888821689882597e-01
5.155077849223117514e-01 -1.320977835885248919e-01 3.314827218664893049e-01
5.152540467661042012e-01 -1.257897263950295552e-01 3.508092098072086440e-01
5.153682570238187211e-01 -1.243984277357161050e-01 3.507430111395188899e-01
5.153332757204744929e-01 -1.259222884737438986e-01 3.505306638511909156e-01
5.153360700502894742e-01 -1.258775092523470307e-01 3.506254994335893382e-01
5.153713051567859749e-01 -1.259383169083073684e-01 3.504408350764329771e-01
5.153936436934720700e-01 -1.243391068834997504e-01 3.508708741737651682e-01
5.153921047870401173e-01 -1.258857916420288159e-01 3.504817352661100394e-01
5.154681004380430309e-01 -1.243306218157522181e-01 3.507515010494932639e-01
5.154585896094061592e-01 -1.259906326178088509e-01 3.502442014547804128e-01
5.185077468415592028e-01 -1.308110782099775604e-01 3.314949806362856854e-01
5.185116500296867992e-01 -1.307190625595673339e-01 3.317106594542649223e-01
5.184756397413957663e-01 -1.324419466773010812e-01 3.312234175800328195e-01
5.185989648653704931e-01 -1.309769155361764081e-01 3.311194982125116315e-01
5.182196528526898938e-01 -1.245718791125900726e-01 3.508600520344637985e-01
5.182239427044011970e-01 -1.261878009174763893e-01 3.504061743074702306e-01
5.182996841430426160e-01 -1.246556962869539986e-01 3.507962922275029705e-01
5.182919050851725329e-01 -1.246531669934465847e-01 3.507841099013242481e-01
5.183279125614203009e-01 -1.246909264227002434e-01 3.506760763491156840e-01
5.213912717102828775e-01 -1.312056047051809449e-01 3.313109155583491283e-01
5.321570677556469731e-01 -1.251035515360683081e-01 3.530250856064967024e-01
5.379119350765422247e-01 -1.256363786596730314e-01 3.529391964035719642e-01
5.400460700633563649e-01 -1.175423343113213281e-01 3.741802781735454886e-01
5.416193218831263367e-01 -1.117397992045953692e-01 3.967986749594571982e-01
5.423805901876717073e-01 -1.181194835901334395e-01 3.771508049630052373e-01
5.426045620052546425e-01 -1.171903702561333804e-01 3.758991805091298488e-01
5.423595661832474324e-01 -1.180705046461299201e-01 3.773201688242229235e-01
5.416528723949000090e-01 -1.118628488375097429e-01 3.964659822233385089e-01
5.416576320453114768e-01 -1.117572377381249593e-01 3.965683182892394409e-01
5.419313656268260893e-01 -1.110191560790613208e-01 3.947855629954430956e-01
5.419217404945068095e-01 -1.109677794389054006e-01 3.949739326371493053e-01
5.416687382249213423e-01 -1.102364881571978039e-01 3.970463692906471831e-01
5.419493228904060933e-01 -1.110061091448142911e-01 3.948865401378323092e-01
5.409264682134784508e-01 -1.056506360655799226e-01 4.153073455422588989e-01
5.409893265200674817e-01 -1.057540490153580370e-01 4.150907843489839433e-01
5.409777382647775745e-01 -1.057374479894638009e-01 4.151746969621221695e-01
5.442702001085080177e-01 -1.118611360010206557e-01 3.970724531886893338e-01
5.442882454657577140e-01 -1.118462786758541438e-01 3.971972694657426306e-01
5.443366199643678849e-01 -1.119610160813331590e-01 3.968912498897079200e-01
5.443528532221086902e-01 -1.120063770668208170e-01 3.967647405812146921e-01
5.443513493086516997e-01 -1.119283391971513664e-01 3.970226004938339770e-01
5.478320381440534570e-01 -1.184674091421142050e-01 3.776533591839223991e-01
5.435395851707809367e-01 -1.058173387596458015e-01 4.156632374159077159e-01
5.435573533529840518e-01 -1.059096624740361592e-01 4.156612033981870180e-01
5.470292866393223763e-01 -1.120956470960825513e-01 3.972129055861315372e-01
5.469777778637296972e-01 -1.120880337999686227e-01 3.973191916490506070e-01
5.469463752436555248e-01 -1.119886476440355161e-01 3.975252851025519174e-01
5.469824979298479883e-01 -1.121069674190282583e-01 3.972235493448290633e-01
5.469961608428083322e-01 -1.121423250832110363e-01 3.972075755710120504e-01
5.470088370662353761e-01 -1.121684094142242905e-01 3.971321587661196251e-01
5.469668671338274724e-01 -1.119439832299873316e-01 3.977563976679368007e-01
5.470381128118552150e-01 -1.120919954590424705e-01 3.973156692202117757e-01
5.544698710024849042e-01 -1.242438904550074996e-01 3.573504517210670528e-01
5.545179648140311501e-01 -1.242858583082630808e-01 3.572390073017708279e-01
5.572702539513780806e-01 -1.246628396818786899e-01 3.568166948380253611e-01
5.580986157319903773e-01 -1.321636193278580562e-01 3.380784254616604478e-01
5.580751754753231486e-01 -1.321142724745422714e-01 3.382597885179086106e-01
5.580903452417314003e-01 -1.321902969104349623e-01 3.381194690692483906e-01
5.608273642667591652e-01 -1.324328048514723799e-01 3.379729432468145944e-01
5.571424042515888964e-01 -1.257402150122597928e-01 3.576411601717175426e-01
5.611049258436530129e-01 -1.315108068683222275e-01 3.364748559324182153e-01
5.619728596513972052e-01 -1.391517131962999310e-01 3.173481347265512120e-01
5.611167158853098691e-01 -1.314892805876582971e-01 3.364758424790239566e-01
5.608650522886007295e-01 -1.324377740589454122e-01 3.378741934369779987e-01
5.608547523843169236e-01 -1.323634624775051893e-01 3.380479579924462463e-01
5.619596097585111139e-01 -1.391711577631458696e-01 3.173018766201547436e-01
5.608538260646551699e-01 -1.324621555834486486e-01 3.378873181012906901e-01
5.622438265165373705e-01 -1.383162588348686162e-01 3.156246091814809418e-01
5.618903195910766035e-01 -1.373502076874896227e-01 3.183339535566196421e-01
5.608739714876561644e-01 -1.324751738576963045e-01 3.378146761445945945e-01
5.608466662345856779e-01 -1.324315089276805191e-01 3.379282886820440535e-01
5.608856931694432557e-01 -1.323879344847351258e-01 3.380631518798833390e-01
5.608843768023819010e-01 -1.324233911485820647e-01 3.380295204070120629e-01
5.608381838238820638e-01 -1.323411725488677360e-01 3.382029392215146757e-01
5.608827645054280664e-01 -1.324150102583840360e-01 3.380262619317673245e-01
5.609215735305219663e-01 -1.324985073065087504e-01 3.378884971241256086e-01
5.608783824813827756e-01 -1.324283800834938629e-01 3.379330511152984773e-01
5.609020754158586808e-01 -1.325252855096012428e-01 3.377829588612704104e-01
5.608282351557641876e-01 -1.323947806855588771e-01 3.380787423786579815e-01
5.608544772782877441e-01 -1.307537442867755806e-01 3.385834234413362953e-01
5.612607480322390208e-01 -1.298786082183569779e-01 3.368282627824039643e-01
5.612597625586792649e-01 -1.298763585073500482e-01 3.367123063279158224e-01
5.609567103324428761e-01 -1.308906094905361028e-01 3.381163882497473239e-01
5.617658701239853780e-01 -1.278726691200434973e-01 3.337749705851837945e-01
5.626698206202164210e-01 -1.201567111067101401e-01 3.302086429078534557e-01
5.568733347183778548e-01 -1.037422316111772935e-01 3.475381984790613110e-01
5.531069783341117096e-01 -9.737866068013006915e-02 3.672886463523852285e-01
5.530356607837035865e-01 -9.882300031700727572e-02 3.674839964791245528e-01
5.568363333007052551e-01 -1.037792317903265538e-01 3.474141562693253693e-01
5.639586136178985631e-01 -1.081733645704984204e-01 3.249018239567345034e-01
5.652520737744539669e-01 -9.926174481109897862e-02 3.199332228328231054e-01
4.953299999999999925e-01 2.731419999999999959e-01 1.578349999999999920e+00
5.764493974784564712e-01 -8.684953781236615100e-02 2.635120616006185745e-01
5.725543651809349432e-01 -4.034417137181756097e-02 3.190697607953438819e-01
5.932863161822139464e-01 -2.074579224726558202e-02 2.631089919368445607e-01
5.951459930687770239e-01 -5.852565037921086954e-03 2.553135328263320680e-01
5.984270382137120148e-01 -1.689061036229122514e-03 2.548009565929918452e-01
5.977118942861407991e-01 -3.645441192164977640e-03 2.290873372216968296e-01
5.896842650497495786e-01 5.502379640221599644e-02 3.020003656694918437e-01
5.943139790077492934e-01 8.921681473420561836e-02 2.414298607375571226e-01
5.945980520627974775e-01 1.141644178671837317e-01 2.271284066382883715e-01
5.970509742691323396e-01 1.184414622011930041e-01 2.011278400110043663e-01
6.027340286913752676e-01 1.226275606286824083e-01 1.728513427703588512e-01
6.064861362103953768e-01 1.280943502522260413e-01 1.695755893724939511e-01
6.230448880236342246e-01 1.250493963433951250e-01 8.737208307699795284e-02
6.227426167872414098e-01 1.422963653320818977e-01 1.375668063111552541e-01
6.214616334749594184e-01 1.550152098109573440e-01 1.601914553195111779e-01
6.305729138718411120e-01 1.601318723551184431e-01 6.869892185441028865e-02
6.249527001176476970e-01 1.609009345198870178e-01 9.651284066399923312e-02
6.244443517625659634e-01 1.636692911404073469e-01 6.792521766160897201e-02
6.192261568553582007e-01 1.691532214587778138e-01 9.499276188310301627e-02
6.228441683767645953e-01 1.702113395800293194e-01 9.198169791329058320e-02
6.229348094956532744e-01 1.717799980296344509e-01 9.246358659335895958e-02
6.229493007276236671e-01 1.717423797295093424e-01 9.227891169317636866e-02
6.281054742515310707e-01 1.680951068769843126e-01 6.677864016340451236e-02
6.281780247114479021e-01 1.665216573902965069e-01 6.607157390943441122e-02
6.312210935252577926e-01 1.662668706875146118e-01 6.664144692045304019e-02
6.286283584831505733e-01 1.668485712940394605e-01 9.532546647708262100e-02
6.274680545578061874e-01 1.578009283488392978e-01 1.001977160999862893e-01
6.236434519572615631e-01 1.519394719270467653e-01 1.031449451638282166e-01
6.116763528652652271e-01 1.467928802374751096e-01 1.613212166739412812e-01
5.919930354696899544e-01 1.187455397593080719e-01 2.258854927061899609e-01
5.829262689229056660e-01 1.036486382679790430e-01 2.537070901351519137e-01
5.871335700734988672e-01 9.911332667954264597e-02 2.322661966911276910e-01
5.940229289429410642e-01 8.199816270692655840e-02 2.407707954622513302e-01
5.886195881648793593e-01 4.728291167286041707e-02 3.060276447951890688e-01
5.791082712607324989e-01 1.331351518482015717e-03 2.761472212142050964e-01
5.550837484919115550e-01 -1.632939487656204225e-02 3.525328731556056638e-01
5.257743165178373479e-01 -5.231508159369602229e-02 3.204031707161878462e-01
4.986081079682500028e-01 -6.845822818784674801e-02 3.230095968437207699e-01
4.538938232194155153e-01 -8.511781192638723237e-02 3.029066518606029490e-01
4.177611932711109421e-01 -7.425703097553548737e-02 3.196161616742945188e-01
3.569462239268459403e-01 -3.225126794771293604e-02 3.898028576314427340e-01
2.937680801195144409e-01 -5.884993875421573595e-03 3.947406314303838482e-01
2.415148355275810177e-01 -7.742290544062169211e-04 3.517204118788614942e-01
1.868465795810430596e-01 3.159238104087858101e-02 3.804667487432888962e-01
1.531941327141463915e-01 4.578484326955678529e-02 3.753854275075734215e-01
9.067351417363889166e-02 9.741679498900479572e-02 3.770455696830108394e-01
3.717116420167088098e-02 1.440625359400212746e-01 3.278105113864184794e-01
-7.023234696698188451e-03 1.705867935579419292e-01 2.268630092413128629e-01
-2.240571033290617020e-02 1.942995292698144194e-01 1.709838437990605087e-01
-6.437501364850994889e-03 2.433354333505631240e-01 1.972706360710858586e-01
-1.157879764246971810e-03 3.151109469150900622e-01 2.581525956776677955e-01
-2.074033663936847294e-02 3.481913227857947879e-01 2.680736256574274279e-01
-3.767799088723655654e-02 3.671695619220138318e-01 2.832257151670038997e-01
-5.042423843623400348e-02 3.780193348509073292e-01 2.607263332356513086e-01
4.953299999999999925e-01 2.731419999999999959e-01 1.578349999999999920e+00
-2.962118689807646810e-02 3.990198376005888448e-01 2.927078910976590453e-01
-2.894164395323994832e-02 4.091548280928731240e-01 2.893822060837507593e-01
-4.031512540980575210e-02 3.752291806399226659e-01 2.790066092007279508e-01
-2.345010926822421737e-02 2.923561054667830894e-01 3.099196173123597298e-01
-2.727417748409510789e-02 2.269975693334937983e-01 2.508472163123727228e-01
2.558662022077995424e-03 1.365356199692487893e-01 2.394641105498016564e-01
2.106335519199364903e-02 9.259685715210436152e-02 2.319227560765386720e-01
4.041960031267405329e-02 3.070794853356484388e-02 2.536897657600252209e-01
2.499872397327279616e-02 -6.396720205701511563e-02 1.120982280427675892e-01
9.826007872043551750e-02 -5.210856054765725109e-02 3.547361910253503670e-01
7.283341965425010889e-02 -1.344979966996162624e-01 2.267493136470628556e-01
1.109175652084052333e-01 -1.406392983253747508e-01 2.709952264346136008e-01
9.697624454637765457e-02 -1.893548089999407547e-01 1.508342343137398789e-01
1.261918865399896950e-01 -1.882388742904812229e-01 2.092595831075918511e-01
1.404126287005245666e-01 -2.235757918815314549e-01 1.635869008378205702e-01
1.496866371168613652e-01 -2.447742010582089345e-01 1.426284198488174670e-01
1.548456520812451220e-01 -2.665513726572691922e-01 1.516842222280501140e-01
1.603317855982721030e-01 -2.672424948732257111e-01 1.821780468520193264e-01
1.523675020056486362e-01 -2.903082792564928294e-01 1.922901415281026427e-01
1.385703608750105120e-01 -3.263036126859784058e-01 1.480145280014573128e-01
1.369447009693264827e-01 -3.442487246672510381e-01 1.523835946836828992e-01
1.331565269478261482e-01 -3.567232408273816047e-01 1.605764379489571514e-01
1.285278085021674399e-01 -3.723423534952401415e-01 1.653133669639079706e-01
1.273696929101467146e-01 -3.865698789994716500e-01 1.700929850243089181e-01
1.165492995075821936e-01 -4.071523042632936851e-01 1.490339589516282981e-01
1.051449539550423640e-01 -4.294459587193727446e-01 1.251431306598365101e-01
9.644612196533086657e-02 -4.510737902481555262e-01 9.643182698560659460e-02
1.166392411553740516e-01 -4.024476769025325251e-01 1.804142222186979616e-01
1.131456955729007730e-01 -4.107859117544889194e-01 1.523825541123746685e-01
1.131492897803067499e-01 -4.107248391281366207e-01 1.522520461050271834e-01
1.091160257880866569e-01 -4.205520335552096478e-01 1.208264869806676689e-01
1.090494319277942048e-01 -4.194760410347580515e-01 1.190484358177930080e-01
1.091676326393067886e-01 -4.203289151789545430e-01 1.211495295822173635e-01
1.165725433433592029e-01 -4.070939010918139811e-01 1.491014298525363824e-01
1.164592159525573156e-01 -4.061754048202037559e-01 1.472106853961796524e-01
1.166031637535333565e-01 -4.059080439667701601e-01 1.477445714692233736e-01
1.236432500087022435e-01 -3.921232439363002698e-01 1.729114342749475952e-01
1.237267131191849834e-01 -3.907483542158603496e-01 1.719336494394838599e-01
1.202629085956752331e-01 -4.015545141522883776e-01 1.458274193430515453e-01
1.201075787046492205e-01 -4.006986665906905887e-01 1.438196885115414769e-01
1.201616485114812560e-01 -4.004685807697773159e-01 1.441309699900270580e-01
1.201489729343831470e-01 -4.003241823868154969e-01 1.443126874885587441e-01
1.204439161609649478e-01 -3.969957148934602498e-01 1.436461409289242486e-01
1.204338084119081498e-01 -3.959432950174808230e-01 1.421387204756139333e-01
1.243253172718644106e-01 -3.816004417567253060e-01 1.684591218912421251e-01
1.175636989721894343e-01 -3.920325434826611999e-01 1.419124797093807011e-01
1.204456020055055254e-01 -3.958322140023707858e-01 1.423927239725948368e-01
1.166993244764090165e-01 -4.005757501313090274e-01 1.432867563200650451e-01
1.168887227257668915e-01 -4.000865388811826739e-01 1.444418925125927622e-01
1.165565753560662277e-01 -4.046265673525333284e-01 1.463245399274408776e-01
1.092416357185304054e-01 -4.188888519345521644e-01 1.203447725134463298e-01
1.130903549416243936e-01 -4.097323438619374647e-01 1.502870276206700328e-01
1.131068257921695741e-01 -4.096855063481331105e-01 1.505075423389672373e-01
1.129969903761208205e-01 -4.097930851978659472e-01 1.501764806424588095e-01
1.132889577411830273e-01 -4.066858968430757115e-01 1.491523879812448605e-01
1.166759921525716837e-01 -4.043494058047533146e-01 1.468677131090403432e-01
1.420989617101847680e-01 -3.506817731337547039e-01 2.202190483614772099e-01
1.674190614458322401e-01 -3.079060045670568568e-01 1.998801451102940607e-01
2.126825255656659697e-01 -2.943200406811534720e-01 1.627587188423813558e-01
2.196681990170538668e-01 -2.882641938230097178e-01 1.572428559093115297e-01
2.348073170091271311e-01 -2.973570557026564698e-01 1.298807421065182321e-01
2.758415185056746211e-01 -2.558280612046122116e-01 1.760410053229422012e-01
3.036448662427216894e-01 -2.364837018562555293e-01 1.690700861940754862e-01
3.207728165424287292e-01 -1.951594575754403982e-01 2.663860677625267126e-01
3.255579283737420893e-01 -1.651847012216448585e-01 2.794615488683163118e-01
3.209040311609744900e-01 -1.561497218907028639e-01 2.482532148525937732e-01
3.201768667071819285e-01 -1.157677070530056529e-01 2.845255229850232048e-01
3.249489711256265956e-01 -7.501293841168280019e-02 3.403310693340926285e-01
3.307548752883508469e-01 -6.480302634028717312e-02 3.567500083094592433e-01
3.329755630410849987e-01 -6.445624184650181054e-02 3.782029552118928439e-01
3.313375128250076740e-01 -6.520200437760720336e-02 3.349834280835959355e-01
3.278546225210889897e-01 -4.412781602330129171e-02 3.023140961492816192e-01
3.334840944547832198e-01 -1.733900382630526593e-02 2.664548120677396881e-01
3.335218315191655902e-01 2.468265304727851328e-02 2.730771773673086322e-01
3.415688859990924642e-01 7.344137835283581772e-02 3.211470518212795611e-01
3.369980421324282327e-01 8.549457844817637264e-02 3.149454409160628021e-01
3.354577416555940550e-01 9.464826700827483341e-02 2.909442630254266415e-01
3.333986566668689644e-01 1.029843016298414016e-01 2.886778854732185984e-01
3.369651456144809876e-01 1.186348435706496285e-01 3.021173616093812964e-01
3.422051480969935389e-01 1.211319046324491611e-01 3.235549091394913646e-01
3.446595250502050289e-01 1.234169672878384083e-01 3.423109350207118595e-01
3.322853749190181061e-01 9.064810869151357364e-02 2.913928086912498383e-01
3.221060119750469575e-01 2.521851256546381315e-02 2.485287235767557057e-01
3.127522629248835617e-01 -6.302506110244426862e-02 2.366749180942528952e-01
3.030751837202310117e-01 -1.456428102254718748e-01 2.701998767488851261e-01
2.787447316729843583e-01 -2.172269369145035656e-01 1.579108626291603201e-01
2.731187133513152121e-01 -2.427356981067955444e-01 1.354800278606476116e-01
2.691296105642527747e-01 -2.504200053843259610e-01 1.088296228990419667e-01
2.693250253861784183e-01 -2.451993475007116230e-01 1.035428871638566228e-01
2.697994106773495271e-01 -2.400941225106417720e-01 1.024009058703749808e-01
2.650768924363791634e-01 -2.532281513281166019e-01 7.520544359126679623e-02
2.604547439060747038e-01 -2.624283316967784829e-01 4.370940966279523998e-02
2.600751276618897823e-01 -2.669071309357583521e-01 4.662451689454316650e-02
2.554220343263595705e-01 -2.751859863269031092e-01 1.269705565141587833e-02
2.728750529456853702e-01 -2.433122983939051132e-01 1.042434956218898368e-01
2.687330380623429993e-01 -2.515977956996261478e-01 7.525940462154312449e-02
2.689754752147615058e-01 -2.471752598474323270e-01 7.222999726428369627e-02
2.726330634725123714e-01 -2.444903397453426774e-01 7.063148501981042493e-02
2.770993818086295857e-01 -2.333201812231242012e-01 9.792299696769557471e-02
2.798092450858891134e-01 -2.433683786885291189e-01 7.038528280632050382e-02
2.819126545370608250e-01 -2.612411940929144638e-01 4.233667016098063840e-03
2.823132172976523524e-01 -2.563229894854128221e-01 1.740483583854368632e-03
2.818928718735456140e-01 -2.624267091379016703e-01 -3.260651327961516799e-02
2.823221017126202326e-01 -2.569653770385831315e-01 -3.406586676905631883e-02
2.840452765316307526e-01 -2.348108456224500817e-01 -7.901466618966956901e-03
2.855756154986650031e-01 -2.142732348525971386e-01 1.988078797011083587e-02
2.826402517926603353e-01 -2.071261673386990965e-01 1.785061421649314362e-02
2.811207787301838179e-01 -1.826036119095384436e-01 4.226351640906322871e-02
2.807688396482705961e-01 -1.868169588404074155e-01 1.047473415851229994e-02
2.849760335852891124e-01 -1.778069835288971223e-01 4.057318940419851749e-02
2.849296051919788519e-01 -1.779517050682902224e-01 4.039664980181290055e-02
2.814915476979404918e-01 -1.791072923658341143e-01 4.175198467754426268e-02
2.806170055713772538e-01 -1.887303820667117771e-01 1.032315303719788524e-02
2.795891278594225815e-01 -2.001619998966678859e-01 -2.157080107067010921e-02
2.847718035912930601e-01 -1.796785279724076312e-01 4.100038193503841022e-02
2.847509845065593348e-01 -1.796716359432264931e-01 4.094105694437688570e-02
2.807306236767769247e-01 -1.870964864615946577e-01 9.630507357196504969e-03
2.837966728154778240e-01 -1.908749649370982959e-01 9.831524898128884971e-03
2.838025125559031636e-01 -1.909654840204045023e-01 9.617679946497759147e-03
2.848049843846649498e-01 -1.797946425844504925e-01 4.062110611191149800e-02
2.848161800194323190e-01 -1.796614485005140205e-01 4.104350241142795674e-02
2.848636425035863673e-01 -1.782194758183657524e-01 3.975432462299921532e-02
2.848730598113059509e-01 -1.782217979378625528e-01 3.971804278813673150e-02
2.848999033207625375e-01 -1.779318074958025631e-01 4.061277044327415986e-02
2.806959030641495989e-01 -1.871179416350498836e-01 9.245635895698489648e-03
2.850032455034792189e-01 -1.778475141800269221e-01 4.091356754306008092e-02
2.846572823216021453e-01 -1.810835369786694404e-01 4.194217800540545049e-02
2.849689087935119991e-01 -1.779857567516192340e-01 4.036875575239573521e-02
2.850758926875293087e-01 -1.776211620196103402e-01 4.140458962459270253e-02
2.848576061273634386e-01 -1.782384978986009672e-01 3.970524702824440588e-02
2.850054081280171681e-01 -1.764662905433103113e-01 3.944587649806519103e-02
2.839063516273110932e-01 -1.907304222583621200e-01 1.048256755301357757e-02
2.842146241962909547e-01 -1.873578561873062709e-01 9.800898737946761585e-03
2.848278200357764467e-01 -1.795594182015582685e-01 4.141320141094251284e-02
2.848227592523246976e-01 -1.795529359651133194e-01 4.138982710907690432e-02
2.848897610950350545e-01 -1.780348395325243027e-01 4.035375115754913367e-02
2.855090837221800903e-01 -1.717951662916168132e-01 7.236773580158417651e-02
2.855731500077486329e-01 -1.704283406239151255e-01 7.128453568516346373e-02
2.846421042456239725e-01 -1.825290024705827352e-01 4.340055634964246067e-02
2.806267234731197324e-01 -1.886219570969119297e-01 1.050809614384395907e-02
2.848862490248321722e-01 -1.782298585190325302e-01 3.975655357781504584e-02
2.848510041865169873e-01 -1.794849260938018443e-01 4.140901275293074058e-02
2.849008757458268981e-01 -1.793792611200660247e-01 4.168319197655190322e-02
2.849457600781082900e-01 -1.794188016076906922e-01 4.163233992255710447e-02
2.849790246513187464e-01 -1.779273781043737845e-01 4.055155794813480874e-02
2.841463828085630805e-01 -1.875434079122840769e-01 8.943172260136744711e-03
2.850304274904250645e-01 -1.778758248580470380e-01 4.078098031754717745e-02
2.841832078169405640e-01 -1.874475907127707841e-01 9.342009915165538914e-03
2.850422141468584303e-01 -1.776459688095673728e-01 4.133196241523706682e-02
2.842224515614211744e-01 -1.874029161086156470e-01 9.461756138749999323e-03
2.882546677744507457e-01 -1.799464901445656517e-01 4.094705009801224982e-02
2.842078617525189976e-01 -1.873864255951046554e-01 9.528527695356059368e-03
2.841893500188827359e-01 -1.874632445832416228e-01 9.098768151283964656e-03
2.841968889923453534e-01 -1.873396961928457116e-01 9.463255146296312148e-03
2.842604792972355798e-01 -1.872973526135459366e-01 9.725446267465409633e-03
2.842456804317146091e-01 -1.873439523806646467e-01 9.605766883618249707e-03
2.891017753526210488e-01 -1.690513422089069406e-01 7.076441647815245872e-02
2.842458591179459759e-01 -1.872810812806784964e-01 9.767948201842457934e-03
2.842114519469230993e-01 -1.873474076437502689e-01 9.575401332512223362e-03
2.841755975881814500e-01 -1.874080525491237381e-01 9.157908864819930272e-03
2.849968638136028964e-01 -1.777196950587630331e-01 4.094516358090616315e-02
2.842611421827524465e-01 -1.872398696992173261e-01 9.861299624097874528e-03
2.842277042440325419e-01 -1.872579425121694563e-01 9.697191865915222309e-03
2.842018820056080308e-01 -1.873585487440004582e-01 9.425140890851002595e-03
2.842846024941146355e-01 -1.872967299753277859e-01 9.792005443261642128e-03
2.850965468392580582e-01 -1.776613964139669988e-01 4.141612823575124835e-02
2.841852072485685499e-01 -1.873909196927249221e-01 9.323961059585217370e-03
2.842459855669111080e-01 -1.872982217121273441e-01 9.647484284058149839e-03
2.842238034057140705e-01 -1.874018403561264201e-01 9.361434782193533977e-03
2.841981093985705975e-01 -1.875363944213166711e-01 8.867013677416046846e-03
2.841538186920016806e-01 -1.875144215927272984e-01 8.817030688741844813e-03
2.842391268033355178e-01 -1.874134589063152223e-01 9.347684690262925145e-03
2.841776129280567109e-01 -1.875253156583234215e-01 8.860894904197058608e-03
2.833594277938246142e-01 -1.974443574738427576e-01 -2.365085361677921050e-02
2.842251887939363231e-01 -1.872499795617014184e-01 9.720226347893490271e-03
2.842849648953199582e-01 -1.871201381930634178e-01 1.023437934175208675e-02
2.849387045724600109e-01 -1.779811395922079598e-01 4.006229631427005167e-02
2.849986905529111603e-01 -1.778699979510009188e-01 4.044566324464815565e-02
2.849816663999229505e-01 -1.777983191492855386e-01 4.070744154686178895e-02
2.842183041045248104e-01 -1.873693227621242019e-01 9.393997996119285432e-03
2.850028564473539028e-01 -1.778864587655216156e-01 4.039418025820862290e-02
2.843670353795856309e-01 -1.856125963558107328e-01 9.110784339895650064e-03
2.850562739328146300e-01 -1.777346625606343045e-01 4.091831299312786996e-02
2.842575813242196880e-01 -1.871782805267423189e-01 9.846233235432100273e-03
2.842355385079293750e-01 -1.873379712096601701e-01 9.415675612395979499e-03
2.850442688960372895e-01 -1.777153983179404761e-01 4.101150750581239457e-02
2.850052475295931087e-01 -1.778473437675461011e-01 4.053154888263277300e-02
2.842435210841626203e-01 -1.872567324790284093e-01 9.664781047683090875e-03
2.841901486329615478e-01 -1.874676222710534579e-01 8.881982085005235561e-03
2.842120237019777340e-01 -1.874899137753918144e-01 8.982895449548111699e-03
2.833176322894304655e-01 -1.976517206785231850e-01 -2.449287851030534924e-02
2.842115992978155314e-01 -1.874517716326937200e-01 9.083103184736485147e-03
2.842104818432688584e-01 -1.873153525665029462e-01 9.400004869583922229e-03
2.834301418106794923e-01 -1.972503364683985128e-01 -2.316788144772674585e-02
2.842216633139044157e-01 -1.874553635096549709e-01 9.135836752660608795e-03
2.841921308955490666e-01 -1.875061170636862229e-01 8.872889510057824225e-03
2.842237737256020358e-01 -1.872903999434485656e-01 9.574197281349450250e-03
2.841860740854501577e-01 -1.874870880366712178e-01 8.912806728719191440e-03
2.842033198440729880e-01 -1.873054834151193226e-01 9.367930337569774224e-03
2.842298478288203256e-01 -1.874501390842422954e-01 9.143698639189512534e-03
2.883916451496690847e-01 -1.782001451566963546e-01 4.049607730582649445e-02
2.842160299381375488e-01 -1.873155470190643879e-01 9.413280704164472823e-03
2.842755984897285537e-01 -1.872003062793463068e-01 9.805046995762012330e-03
2.842596425033092622e-01 -1.873555335775762831e-01 9.343652261529777903e-03
2.876906089371800146e-01 -1.877900925481990058e-01 8.995206505071351444e-03
2.842567224902421419e-01 -1.873479438109248441e-01 9.342458184125934650e-03
2.843417441181331773e-01 -1.856322629242539435e-01 9.071235494507945418e-03
2.834236888852595948e-01 -1.972115312080457428e-01 -2.302303362373203655e-02
2.842967426711022760e-01 -1.871051929719224072e-01 1.013069240378072777e-02
2.842585677891998897e-01 -1.871397573619037746e-01 9.983759718585005771e-03
2.849891195550948719e-01 -1.778871373365968622e-01 4.037680491488249146e-02
2.843823623729765382e-01 -1.857125339511856432e-01 8.728954341173711384e-03
2.842870620480775767e-01 -1.871921449906006063e-01 9.786308670457488645e-03
2.851725151340275821e-01 -1.760615202256440859e-01 4.055256836177245638e-02
2.851730754298060777e-01 -1.760613424747362599e-01 4.054375289875333799e-02
2.851882860157936572e-01 -1.760271014824062452e-01 4.059737200067936591e-02
2.850654335344642298e-01 -1.776446465234234884e-01 4.105859090788133159e-02
2.843961930041133956e-01 -1.855408086070715890e-01 9.247506171768948846e-03
2.843478044375121749e-01 -1.857192931003868452e-01 8.710103015333370280e-03
2.843835862820237592e-01 -1.856206922861411979e-01 9.027171776644138390e-03
2.883932775679201033e-01 -1.781275919952615971e-01 4.064983667555077673e-02
2.843914921840607901e-01 -1.855273844422697382e-01 9.249299784400921709e-03
2.842887928071021753e-01 -1.871817715700342943e-01 9.852292200284384904e-03
2.843238053117901343e-01 -1.857122395938187731e-01 8.711860090816037072e-03
2.844254012227267481e-01 -1.854039931990429657e-01 9.672409837358397766e-03
2.842408450266807884e-01 -1.872536842901705856e-01 9.540948961244355431e-03
2.843321055711209855e-01 -1.856344878627657902e-01 8.905718551996510968e-03
2.884282798532843417e-01 -1.780499422574415014e-01 4.078362332139229274e-02
2.843913331925451704e-01 -1.854080691090002064e-01 9.636037651740814169e-03
2.843587896172970475e-01 -1.857288211912437870e-01 8.654161723189668365e-03
2.844027824132681070e-01 -1.854399385449886084e-01 9.568112145102114496e-03
2.843818712003707838e-01 -1.855021941929459461e-01 9.330150380510104924e-03
2.843859967046648007e-01 -1.855919105101153099e-01 9.018399381151009919e-03
2.842834528095215529e-01 -1.871946645382865926e-01 9.783403163369674971e-03
2.843362361934602123e-01 -1.857636176666244421e-01 8.649462219280756869e-03
2.883895738760471339e-01 -1.782843576002046126e-01 4.011848498019032760e-02
2.843470699858129391e-01 -1.857275942719876505e-01 8.737047489035143499e-03
2.843876089309960720e-01 -1.856646852558925809e-01 8.870880108690970545e-03
2.876555043281853186e-01 -1.878654772016182251e-01 8.662594286977576274e-03
2.843357969924032447e-01 -1.857411770962922870e-01 8.593125855933081425e-03
2.842820388963729350e-01 -1.871565537537261403e-01 9.947836141219079664e-03
2.844199850212275615e-01 -1.855251776431798283e-01 9.332850472780984674e-03
2.842653061255455138e-01 -1.871578079372793191e-01 9.797729041443714593e-03
2.844156286836206915e-01 -1.853575522248521179e-01 9.749485686891601333e-03
2.853043873900532601e-01 -1.746399091939776493e-01 3.954073124931589689e-02
2.844246677549659985e-01 -1.853689591733738151e-01 9.724923856148981471e-03
2.891052996547013310e-01 -1.689184817224815005e-01 7.080380325009882903e-02
2.843323023156285601e-01 -1.855825334556698847e-01 9.093083394599021929e-03
2.843891934499561680e-01 -1.854744359881132509e-01 9.473811117766794965e-03
2.843864280820578294e-01 -1.854758683486282256e-01 9.572003722949196103e-03
2.884089875654131108e-01 -1.781660410530939154e-01 4.046748801349764335e-02
