4.381354117393495562e-01 4.990790665149689720e-01 3.352789437770843373e-01
4.381354787945749285e-01 4.990787684917450950e-01 3.352789437770843373e-01
4.381354787945749285e-01 4.990787684917450950e-01 3.352789437770843373e-01
4.381353223323822821e-01 4.990793347358704612e-01 3.352788841724395619e-01
4.381354787945749285e-01 4.990787684917450950e-01 3.352789437770843373e-01
4.381353968381883623e-01 4.990790665149689720e-01 3.352788841724395619e-01
4.381353968381883623e-01 4.990790665149689720e-01 3.352788841724395619e-01
4.381354787945749285e-01 4.990787684917450950e-01 3.352789437770843373e-01
4.381353968381883623e-01 4.990790665149689720e-01 3.352788841724395619e-01
4.381353968381882513e-01 4.990790665149689720e-01 3.352788841724395619e-01
4.381353968381883623e-01 4.990790665149689720e-01 3.352788841724395619e-01
4.381353968381883623e-01 4.990790665149689720e-01 3.352788841724395619e-01
4.381354787945748175e-01 4.990787684917450950e-01 3.352789437770843373e-01
4.381353968381883623e-01 4.990790665149689720e-01 3.352788841724395619e-01
4.381353968381883623e-01 4.990790665149689720e-01 3.352788841724395619e-01
4.381353968381883623e-01 4.990790665149689720e-01 3.352788841724395619e-01
4.381353968381883623e-01 4.990790665149689720e-01 3.352788841724395619e-01
4.381353968381883623e-01 4.990790665149689720e-01 3.352788841724395619e-01
4.381353968381883623e-01 4.990790665149689720e-01 3.352788841724395619e-01
4.381354787945749285e-01 4.990787684917450950e-01 3.352789437770843373e-01
4.381353968381883623e-01 4.990790665149689720e-01 3.352788841724395619e-01
4.381353968381883623e-01 4.990790665149690830e-01 3.352788841724395619e-01
4.381353968381883623e-01 4.990790665149689720e-01 3.352788841724395619e-01
4.381353968381883623e-01 4.990790665149689720e-01 3.352788841724395619e-01
4.381353968381883623e-01 4.990790665149689720e-01 3.352788841724395619e-01
4.381353223323823931e-01 4.990793347358704612e-01 3.352788841724395619e-01
4.381353223323823931e-01 4.990793347358704612e-01 3.352788841724395619e-01
4.381353968381883623e-01 4.990790665149689720e-01 3.352788841724395619e-01
4.381353968381883623e-01 4.990790665149689720e-01 3.352788841724395619e-01
4.381353968381883623e-01 4.990790665149689720e-01 3.352788841724395619e-01
4.381354787945749285e-01 4.990787684917450950e-01 3.352789437770843373e-01
4.381353968381883623e-01 4.990790665149689720e-01 3.352788841724395619e-01
4.381353968381883623e-01 4.990790665149689720e-01 3.352788841724395619e-01
4.381353968381883623e-01 4.990790665149689720e-01 3.352788841724395619e-01
4.381353968381883623e-01 4.990790665149689720e-01 3.352788841724395619e-01
4.381353968381883623e-01 4.990790665149689720e-01 3.352788841724395619e-01
4.381353968381883623e-01 4.990790665149689720e-01 3.352788841724395619e-01
4.381353968381883623e-01 4.990790665149689720e-01 3.352788841724395619e-01
4.381353968381883623e-01 4.990790665149689720e-01 3.352788841724395619e-01
4.381353968381883623e-01 4.990790665149689720e-01 3.352788841724395619e-01
4.381353968381883623e-01 4.990790665149689720e-01 3.352788841724395619e-01
4.381353968381883623e-01 4.990790665149689720e-01 3.352788841724395619e-01
4.381353968381883623e-01 4.990790665149690830e-01 3.352788841724395619e-01
4.381353223323823931e-01 4.990793347358704612e-01 3.352788841724395619e-01
4.381353968381882513e-01 4.990790665149689720e-01 3.352788841724395619e-01
4.381353968381883623e-01 4.990790665149689720e-01 3.352788841724395619e-01
4.381353968381883623e-01 4.990790665149689720e-01 3.352788841724395619e-01
4.381353968381883623e-01 4.990790665149689720e-01 3.352788841724395619e-01
4.381353968381883623e-01 4.990790665149689720e-01 3.352788841724395619e-01
4.381353968381883623e-01 4.990790665149689720e-01 3.352788841724395619e-01
4.381353968381883623e-01 4.990790665149689720e-01 3.352788841724395619e-01
4.381353968381883623e-01 4.990790665149689720e-01 3.352788841724395619e-01
4.381353968381883623e-01 4.990790665149689720e-01 3.352788841724395619e-01
4.381353968381883623e-01 4.990790665149689720e-01 3.352788841724395619e-01
4.381353968381883623e-01 4.990790665149689720e-01 3.352788841724395619e-01
4.381353968381883623e-01 4.990790665149689720e-01 3.352788841724395619e-01
4.381353968381883623e-01 4.990790665149689720e-01 3.352788841724395619e-01
4.381353968381883623e-01 4.990790665149689720e-01 3.352788841724395619e-01
4.381353968381882513e-01 4.990790665149689720e-01 3.352788841724395619e-01
4.381353223323823931e-01 4.990793347358704612e-01 3.352788841724395619e-01
4.381353968381883623e-01 4.990790665149689720e-01 3.352788841724395619e-01
4.381353223323823931e-01 4.990793347358704612e-01 3.352788841724395619e-01
4.381353968381883623e-01 4.990790665149689720e-01 3.352788841724395619e-01
4.381353968381883623e-01 4.990790665149689720e-01 3.352788841724395619e-01
4.381353968381883623e-01 4.990790665149689720e-01 3.352788841724395619e-01
4.381353968381883623e-01 4.990790665149689720e-01 3.352788841724395619e-01
4.381353968381883623e-01 4.990790665149689720e-01 3.352788841724395619e-01
4.381353968381883623e-01 4.990790665149689720e-01 3.352788841724395619e-01
4.381353968381883623e-01 4.990790665149689720e-01 3.352788841724395619e-01
4.381353968381883623e-01 4.990790665149689720e-01 3.352788841724395619e-01
4.381353968381883623e-01 4.990790665149689720e-01 3.352788841724395619e-01
4.381353968381883623e-01 4.990790665149689720e-01 3.352788841724395619e-01
4.381353968381883623e-01 4.990790665149689720e-01 3.352788841724395619e-01
4.381353968381883623e-01 4.990790665149689720e-01 3.352788841724395619e-01
4.381353968381883623e-01 4.990790665149689720e-01 3.352788841724395619e-01
4.381353223323823931e-01 4.990793347358704612e-01 3.352788841724395619e-01
4.381353968381883623e-01 4.990790665149689720e-01 3.352788841724395619e-01
4.381353968381883623e-01 4.990790665149689720e-01 3.352788841724395619e-01
4.381353968381883623e-01 4.990790665149689720e-01 3.352788841724395619e-01
4.381353968381883623e-01 4.990790665149689720e-01 3.352788841724395619e-01
4.381353968381883623e-01 4.990790665149689720e-01 3.352788841724395619e-01
4.381353968381883623e-01 4.990790665149690830e-01 3.352788841724395619e-01
4.381353968381883623e-01 4.990790665149689720e-01 3.352788841724395619e-01
4.381353223323823931e-01 4.990793347358704612e-01 3.352788841724395619e-01
4.381353968381883623e-01 4.990790665149689720e-01 3.352788841724395619e-01
4.381353968381883623e-01 4.990790665149689720e-01 3.352788841724395619e-01
4.381353968381883623e-01 4.990790665149689720e-01 3.352788841724395619e-01
4.381353968381883623e-01 4.990790665149689720e-01 3.352788841724395619e-01
4.381353968381883623e-01 4.990790665149689720e-01 3.352788841724395619e-01
4.381353968381883623e-01 4.990790665149689720e-01 3.352788841724395619e-01
4.381353968381883623e-01 4.990790665149689720e-01 3.352788841724395619e-01
4.381353968381883623e-01 4.990790665149689720e-01 3.352788841724395619e-01
4.381353968381883623e-01 4.990790665149689720e-01 3.352788841724395619e-01
4.381353223323823931e-01 4.990793347358704612e-01 3.352788841724395619e-01
4.381353223323823931e-01 4.990793347358704612e-01 3.352788841724395619e-01
4.381353223323823931e-01 4.990793347358704612e-01 3.352788841724395619e-01
4.381353968381883623e-01 4.990790665149689720e-01 3.352788841724395619e-01
4.381353968381883623e-01 4.990790665149689720e-01 3.352788841724395619e-01
4.381353223323822821e-01 4.990793347358704612e-01 3.352788841724395619e-01
4.381353223323822821e-01 4.990793347358704612e-01 3.352788841724395619e-01
4.381353968381883623e-01 4.990790665149689720e-01 3.352788841724395619e-01
4.381353968381883623e-01 4.990790665149689720e-01 3.352788841724395619e-01
4.381353968381883623e-01 4.990790665149689720e-01 3.352788841724395619e-01
4.381353968381883623e-01 4.990790665149689720e-01 3.352788841724395619e-01
4.381353968381883623e-01 4.990790665149689720e-01 3.352788841724395619e-01
4.381353968381883623e-01 4.990790665149689720e-01 3.352788841724395619e-01
4.381353968381883623e-01 4.990790665149689720e-01 3.352788841724395619e-01
4.448556044697763445e-01 4.942737400531769798e-01 3.343244424462318287e-01
4.601552003622056963e-01 4.795474290847779320e-01 3.294483280181884632e-01
4.799454325437547686e-01 4.582198441028595970e-01 3.199161222577094899e-01
5.027919077873231890e-01 4.313709318637848900e-01 3.046821212768554554e-01
5.305468702316286089e-01 4.050265431404115324e-01 2.878199821710586415e-01
5.628460460901262286e-01 3.852280855178834562e-01 2.717175266146659718e-01
6.048609578609468462e-01 3.773344337940217619e-01 2.587780138850211964e-01
6.267963314056398394e-01 3.748306810855867033e-01 2.522132849693298207e-01
6.702574753761293413e-01 3.721674263477327549e-01 2.394618546962737904e-01
7.136148178577425005e-01 3.738962292671205723e-01 2.257577782869338856e-01
7.356097960472109953e-01 3.764011144638063633e-01 2.185560917854308949e-01
7.773508393764496649e-01 3.856787264347078525e-01 2.016687324643134938e-01
7.979166769981386187e-01 3.919937491416933817e-01 1.930722674727439747e-01
8.232895100116731646e-01 4.125712096691134256e-01 1.677216595411300526e-01
8.180171513557435992e-01 4.260522603988650125e-01 1.391115194559097157e-01
7.922718191146851385e-01 4.247926950454714579e-01 1.149373805522918568e-01
7.736888492107393267e-01 4.205957233905794346e-01 1.051125383377075062e-01
7.542948687076570513e-01 4.158344447612764561e-01 9.805351555347441295e-02
7.159729862213136675e-01 4.058158278465273106e-01 8.922994196414946177e-02
6.994571053981781805e-01 4.008736193180085228e-01 8.738865017890926068e-02
6.706750953197481158e-01 3.936954319477083408e-01 8.738102078437803844e-02
6.601431632041933062e-01 3.898803472518923008e-01 8.852310538291929820e-02
6.458804273605349699e-01 3.825191736221315031e-01 9.153252899646760476e-02
6.405345761775972369e-01 3.789239406585694914e-01 9.374760150909422496e-02
6.357791686058046343e-01 3.758214592933656339e-01 9.570586740970610240e-02
6.270361804962160113e-01 3.691159069538118009e-01 9.950621485710142711e-02
6.238729619979860308e-01 3.663468241691590910e-01 1.012221133708953724e-01
6.210970246791841509e-01 3.632124841213227873e-01 1.031867569684982167e-01
6.180631780624392668e-01 3.580600202083589201e-01 1.071405267715453968e-01
6.182823741436007658e-01 3.568201541900636320e-01 1.085354244709014759e-01
6.204032564163211028e-01 3.572241842746736173e-01 1.086282885074615345e-01
6.243817472457888762e-01 3.583199262619020109e-01 1.088313913345336781e-01
6.264455580711367766e-01 3.589569807052614969e-01 1.088938719034195091e-01
6.305747890472415129e-01 3.600812435150148039e-01 1.090348815917968617e-01
6.326680147647860686e-01 3.605171918869020109e-01 1.091161823272704945e-01
6.373749935626986662e-01 3.615477263927462381e-01 1.093397146463394309e-01
6.400288009643557707e-01 3.619112551212312345e-01 1.096171742677688465e-01
6.328415834903720061e-01 3.562327504158021574e-01 1.159285238385200367e-01
6.217179858684542815e-01 3.508924126625062589e-01 1.221780857443809376e-01
5.924111270904544035e-01 3.417997539043428068e-01 1.411187282204627857e-01
5.762861186265947344e-01 3.403921306133271818e-01 1.536928421258926258e-01
5.468406045436861040e-01 3.459934771060945158e-01 1.839835798740386830e-01
5.197277480363847735e-01 3.653539001941681907e-01 2.176850593090057240e-01
4.935927057266237261e-01 4.014495491981507347e-01 2.464286392927169667e-01
4.812919461727144244e-01 4.233783066272736595e-01 2.575149989128112660e-01
4.611892142891885760e-01 4.633247137069703148e-01 2.764021685719489918e-01
4.464309179782869341e-01 4.967818737030030296e-01 2.903733780980110035e-01
4.359794521331788464e-01 5.221989631652832475e-01 3.002006417512893544e-01
4.321739265322686596e-01 5.313234806060791460e-01 3.038952580094337330e-01
4.292926976084711077e-01 5.381401360034943071e-01 3.072063928842544422e-01
4.263580331206323071e-01 5.431221902370453325e-01 3.145969218015670643e-01
4.284625315666199530e-01 5.349816262722015825e-01 3.189773118495941029e-01
4.317600989341737749e-01 5.234602570533752885e-01 3.229134610295295582e-01
4.343215563893319531e-01 5.144240736961365190e-01 3.259673050045966969e-01
4.361600095033646984e-01 5.078211903572082964e-01 3.283429151773452626e-01
4.365472981333734515e-01 5.055193781852722612e-01 3.297725325822830067e-01
4.368454331159593584e-01 5.035953700542450395e-01 3.311452573537826405e-01
4.370189794898035052e-01 5.025233507156372514e-01 3.320439538359641896e-01
4.372495377063753130e-01 5.014901340007782427e-01 3.328718250989913807e-01
4.373314195871353949e-01 5.012319564819336382e-01 3.331401056051254139e-01
4.373686501383783343e-01 5.010289728641510454e-01 3.334059944748878346e-01
4.382342287898065569e-01 4.937784254550934837e-01 3.326651459932327137e-01
4.387883508205415728e-01 4.705814003944397972e-01 3.280242985486984120e-01
4.377760404348375323e-01 4.540970504283906028e-01 3.242263427376746998e-01
4.323454537987710955e-01 4.151069700717927025e-01 3.130464112758636341e-01
4.281202965974809649e-01 3.949236452579499290e-01 3.052619701623916493e-01
4.118667134642602923e-01 3.491604804992676780e-01 2.755675917863845692e-01
4.064663091301920494e-01 3.402713716030121849e-01 2.658250039815902577e-01
3.960500025749208453e-01 3.292901694774628130e-01 2.472834667563438282e-01
3.914174997806551537e-01 3.265885293483734575e-01 2.390078610181808338e-01
3.834261336922648034e-01 3.252462327480316606e-01 2.230473613739013539e-01
3.766834215819837572e-01 3.278123319149017778e-01 2.099849066138267384e-01
3.733374626934530816e-01 3.291349887847900835e-01 2.038711389899253712e-01
3.655141537636520388e-01 3.357078313827513982e-01 1.874772763252258168e-01
3.634340000897648415e-01 3.373562872409821001e-01 1.829432702064514027e-01
3.605572191625835976e-01 3.410662591457367387e-01 1.755444078147411491e-01
3.584982512146236977e-01 3.432083606719971147e-01 1.703660270571708546e-01
3.577339464426043114e-01 3.438924729824066606e-01 1.683341047167777882e-01
3.520036145672204575e-01 3.575904250144958940e-01 1.627136772871017323e-01
3.490552717447282793e-01 3.635715723037720171e-01 1.594935065507888661e-01
3.467373034544291022e-01 3.696588754653931108e-01 1.528207814693450795e-01
3.468107191473248085e-01 3.667371153831482378e-01 1.505399054288864003e-01
3.469861034862700144e-01 3.480457246303558794e-01 1.483155792951583729e-01
3.469254660047593197e-01 3.350105464458466020e-01 1.483175313472747670e-01
3.466683217883112511e-01 3.079574286937714067e-01 1.508354401588439808e-01
3.471508353576066574e-01 2.779570698738098589e-01 1.556321910023689137e-01
3.469432882592084488e-01 2.709506034851074663e-01 1.570947772264480458e-01
3.468146390840413096e-01 2.648027420043945757e-01 1.582377111911773548e-01
3.469060558453204712e-01 2.545275568962097612e-01 1.596472790837287770e-01
3.468037109449508271e-01 2.464232325553894487e-01 1.597857928276061878e-01
3.468268915638330063e-01 2.438383579254150835e-01 1.594949966669082508e-01
3.468589635193350951e-01 2.351217150688171831e-01 1.595120584964752064e-01
3.470774317719044766e-01 2.327019453048706499e-01 1.600101894140243397e-01
3.472288601659241913e-01 2.318243265151977983e-01 1.603573715686797962e-01
3.473922830633822123e-01 2.316554069519043413e-01 1.606285205483436451e-01
3.477909687533977667e-01 2.303654432296753374e-01 1.613878911733627186e-01
3.481865135580304860e-01 2.288600087165832964e-01 1.618480539321899281e-01
3.484239132702353081e-01 2.280077815055846502e-01 1.621817058324813432e-01
3.485370289161804358e-01 2.271721243858337846e-01 1.623795634508132801e-01
3.487336832657459418e-01 2.269947409629822221e-01 1.619023984670638905e-01
3.488170086964967886e-01 2.267509579658508745e-01 1.617612099647521839e-01
3.487428735569122473e-01 2.256360530853271928e-01 1.613974130153655873e-01
3.487288124486807028e-01 2.254179596900940385e-01 1.611034429073333607e-01
3.485265925154092947e-01 2.250222444534302202e-01 1.604049509763717518e-01
3.484486342966559569e-01 2.249949455261230913e-01 1.592230504751205311e-01
3.484050567820671795e-01 2.250200390815735307e-01 1.584659820795059071e-01
3.482578659057620762e-01 2.247836470603943315e-01 1.573452806472778187e-01
3.481968307495120207e-01 2.244896769523621050e-01 1.565865582227707054e-01
3.481028928980234305e-01 2.239434003829956499e-01 1.555743372440338002e-01
3.480189174041155020e-01 2.236464500427246538e-01 1.547922348976135121e-01
3.479377973452213446e-01 2.227774739265442339e-01 1.540794751048087941e-01
3.479092849045994917e-01 2.218551516532898393e-01 1.537245070934295521e-01
3.477833794057372252e-01 2.208465218544006792e-01 1.533652102947234974e-01
3.477286008745434920e-01 2.206186532974243608e-01 1.530489480495452748e-01
3.475653702951970736e-01 2.201551675796509233e-01 1.521517565846443043e-01
3.475560603290799855e-01 2.199767112731934038e-01 1.516768044233322010e-01
3.475068697333338896e-01 2.194805026054382768e-01 1.511288142204284535e-01
3.474265543371442000e-01 2.185077548027039018e-01 1.507008826732635365e-01
3.474331979267302195e-01 2.179218411445618120e-01 1.502198135852813587e-01
3.473781777173284291e-01 2.178359508514404741e-01 1.497377386689185963e-01
3.472419671341780423e-01 2.173532724380493608e-01 1.495404696464538441e-01
3.471772164665165583e-01 2.170414209365845171e-01 1.493874049186706410e-01
3.470830127224329154e-01 2.167715311050415483e-01 1.491909778118133412e-01
3.469388304837051074e-01 2.168881773948669878e-01 1.483301600813865528e-01
3.467583820782604853e-01 2.167177081108093706e-01 1.474602600932121144e-01
3.466796601749960183e-01 2.163736701011658159e-01 1.469958877563476429e-01
3.464633144065740189e-01 2.162238836288451482e-01 1.462193286418914662e-01
3.464367521554234663e-01 2.157565832138061968e-01 1.461001342535018788e-01
3.464376592636111418e-01 2.154039621353149858e-01 1.460654145479202137e-01
3.463858791254463831e-01 2.149504899978638139e-01 1.458311682939529286e-01
3.462335417605939547e-01 2.146903157234192339e-01 1.455254858732223378e-01
3.461535546556118725e-01 2.145167469978332964e-01 1.452942347526550160e-01
3.460492195189002196e-01 2.147644639015198198e-01 1.443747586011886463e-01
3.459305122122171561e-01 2.146110415458679643e-01 1.438258147239684925e-01
3.458765057474377791e-01 2.143099784851074663e-01 1.436403325200080738e-01
3.458704577386382817e-01 2.135369062423706499e-01 1.435885137319564686e-01
3.458562750928106944e-01 2.131200313568115678e-01 1.435163623094558583e-01
3.457652890682223479e-01 2.120234251022339311e-01 1.434905982017516957e-01
3.456390888057651600e-01 2.113315939903259721e-01 1.431801325082778797e-01
3.455421818979087512e-01 2.110592603683472124e-01 1.426524600386619435e-01
3.454435255005958161e-01 2.108489155769348589e-01 1.419043993949890003e-01
3.453355586715046166e-01 2.106435179710388628e-01 1.412274470925330982e-01
3.452688196301463286e-01 2.105603694915771928e-01 1.406959450244903431e-01
3.452153025753799120e-01 2.104050397872925249e-01 1.396694338321685658e-01
3.451167076453569571e-01 2.100517630577087846e-01 1.388747251033782826e-01
3.450521600060167948e-01 2.097729325294495073e-01 1.383036082983016835e-01
3.450209481269124190e-01 2.096348881721497026e-01 1.380745998024940357e-01
3.449140672199431101e-01 2.094828963279724565e-01 1.378180912137031144e-01
3.448020496033135096e-01 2.098586440086365190e-01 1.368349051475524769e-01
3.449259220249953906e-01 2.102929234504700151e-01 1.364087691903114186e-01
3.466826338879767100e-01 2.099468588829040971e-01 1.356700068712234364e-01
3.494719380140307585e-01 2.080327153205872026e-01 1.358040577173232899e-01
3.521602872386577765e-01 2.054645299911499468e-01 1.362093469500541554e-01
3.548089500144127051e-01 2.020759463310242143e-01 1.369168913364410545e-01
3.573248853534463088e-01 1.975377678871155229e-01 1.381068459153175221e-01
3.574683332443240324e-01 1.965125679969788042e-01 1.387141054868697987e-01
3.584964295476678053e-01 1.948410153388977495e-01 1.390548875927924977e-01
3.598273509740832488e-01 1.921632170677185503e-01 1.399391970038413868e-01
3.613645175099375884e-01 1.900414705276489702e-01 1.412971249222755299e-01
3.632132617384198348e-01 1.861942291259766069e-01 1.426362550258636341e-01
3.643366416543725173e-01 1.845461010932922807e-01 1.432319885492324696e-01
3.657380120456221739e-01 1.827292919158935991e-01 1.437319448590278492e-01
3.662848436832430998e-01 1.820267915725708452e-01 1.439220464229583607e-01
3.667047416418793837e-01 1.812342286109924760e-01 1.442834889888763295e-01
3.673279305547478835e-01 1.804938197135925737e-01 1.445150977373123036e-01
3.677083776891234557e-01 1.806161284446716753e-01 1.445963388681411610e-01
3.679914364218714873e-01 1.811823129653931108e-01 1.449088013172149525e-01
3.684201167523863951e-01 1.813390135765076128e-01 1.452814570069312916e-01
3.684935981035235564e-01 1.812254667282104936e-01 1.454638695716857777e-01
3.685788904875520466e-01 1.812508583068848100e-01 1.456071442365646507e-01
3.687741962820294539e-01 1.816146850585937944e-01 1.458315259218215809e-01
3.689419200271371047e-01 1.813303112983704057e-01 1.461321866512298451e-01
3.691320774704220931e-01 1.813218474388123003e-01 1.462460017204284535e-01
3.692395520955327193e-01 1.814045786857605425e-01 1.461914485692977772e-01
3.694052064418795189e-01 1.810873031616211382e-01 1.463993644714355336e-01
3.695335371047261397e-01 1.807798027992248979e-01 1.467490053176879750e-01
3.696541284769776503e-01 1.804261088371277300e-01 1.469610935449600086e-01
3.698186019062998930e-01 1.803003430366516557e-01 1.471003076434135304e-01
3.699695283174517235e-01 1.803021311759949175e-01 1.472014939785003529e-01
3.702081815898421446e-01 1.797414302825928178e-01 1.474489575624465809e-01
3.702902963012459914e-01 1.793659806251526323e-01 1.476738756895065174e-01
3.704756332188847701e-01 1.790894746780395952e-01 1.478911197185516224e-01
3.707570733129981200e-01 1.790668845176697221e-01 1.479379093647003041e-01
3.709638120234015624e-01 1.783469200134277788e-01 1.483304953575134144e-01
3.710867168009284178e-01 1.781380057334900346e-01 1.484603291749954090e-01
3.714101241528990904e-01 1.775229454040527788e-01 1.488143360614776478e-01
3.716148065030577818e-01 1.771604895591736284e-01 1.491645431518554554e-01
3.717496806383136509e-01 1.766962289810181108e-01 1.494639223814010487e-01
3.720007465779784361e-01 1.760164380073547807e-01 1.499141833186149464e-01
3.720660583674910704e-01 1.758209347724914995e-01 1.500746539235114918e-01
3.722343930602076689e-01 1.753189444541931596e-01 1.504494330286979542e-01
3.725281098484996001e-01 1.744221925735474077e-01 1.511623865365981922e-01
3.726812788844111601e-01 1.740042448043823686e-01 1.514390414953231678e-01
3.728587554395201842e-01 1.730079531669617143e-01 1.520535802841186390e-01
3.729152159392836730e-01 1.727425336837768999e-01 1.522393754124641285e-01
3.730488048493864617e-01 1.724365830421448198e-01 1.524463152885436878e-01
3.731115350127223174e-01 1.719008564949036089e-01 1.528801029920577870e-01
3.731539362668994109e-01 1.718757629394531694e-01 1.530603548884391651e-01
3.731482999026778380e-01 1.711702823638916460e-01 1.535793101787567005e-01
3.732482978701594512e-01 1.704264760017395464e-01 1.539692735671996937e-01
3.733417877554896513e-01 1.696079254150391069e-01 1.543044081330299244e-01
3.733819501101973692e-01 1.692979812622070757e-01 1.543971976637840138e-01
3.735613638162615935e-01 1.678355216979980913e-01 1.551063215732574330e-01
3.735750058293345610e-01 1.673325777053833452e-01 1.553845709562301503e-01
3.736287245154384373e-01 1.668518662452698198e-01 1.555570518970489369e-01
3.736835756897929350e-01 1.662948012351990190e-01 1.557881540060043202e-01
3.736705632507804076e-01 1.662558794021606889e-01 1.557869470119476185e-01
3.736311422288420836e-01 1.658466339111327459e-01 1.558866134285926686e-01
3.736380973458292565e-01 1.659242987632751909e-01 1.557241982221603260e-01
3.736006022989752928e-01 1.658829331398010698e-01 1.556955581903457508e-01
3.736507000029090086e-01 1.654009103775024858e-01 1.557510948181152211e-01
3.735686914622786681e-01 1.653214573860168901e-01 1.558340793848037586e-01
3.735759408771994750e-01 1.653342127799988237e-01 1.557540005445480213e-01
3.735888490080837010e-01 1.652900457382202593e-01 1.557473248243331776e-01
3.735478857159617583e-01 1.652017712593079057e-01 1.557804799079894886e-01
3.735748195648196379e-01 1.651286959648132768e-01 1.557968264818191395e-01
3.735734300315383116e-01 1.649908304214477983e-01 1.557606017589568959e-01
3.736004942655566374e-01 1.646305799484253374e-01 1.558215475082397328e-01
3.735986651480200926e-01 1.645891547203064409e-01 1.557391589879989491e-01
3.734809534251692931e-01 1.644061684608459917e-01 1.556174165010452137e-01
3.734408059716227690e-01 1.641953468322754350e-01 1.554156100749969349e-01
3.733594717085364501e-01 1.643540143966675249e-01 1.548033213615417347e-01
3.733628542721274535e-01 1.642715811729431596e-01 1.546431562304496909e-01
3.734779396653178374e-01 1.630183935165405718e-01 1.543608462810516224e-01
3.740420454740527312e-01 1.589050769805908647e-01 1.524806922674178944e-01
3.744071313738825957e-01 1.531013131141663042e-01 1.455470329523086415e-01
3.745946140587332884e-01 1.505795598030090776e-01 1.367118960618972368e-01
3.747689837217333952e-01 1.504611849784851518e-01 1.275006985664367543e-01
3.746937291324141661e-01 1.507986664772034135e-01 1.234395807981490956e-01
3.744931371510031859e-01 1.520192503929138628e-01 1.147634690999984608e-01
3.743369208276274840e-01 1.536614179611206499e-01 1.080113506317138539e-01
3.742128053307536284e-01 1.560865521430969682e-01 1.003807044029235707e-01
3.741078415513041655e-01 1.573607206344604936e-01 9.692850768566130260e-02
3.739283272624018828e-01 1.594025373458862749e-01 9.083636164665220836e-02
3.739187458157542387e-01 1.605792522430420366e-01 8.781939804553984263e-02
3.739234620332720915e-01 1.615908026695253019e-01 8.568850219249726785e-02
3.738451229035857359e-01 1.632705807685852495e-01 8.202070057392119029e-02
3.737936691939833800e-01 1.641921877861023393e-01 7.985432505607603648e-02
3.737834693491461913e-01 1.662159442901611772e-01 7.541604399681089976e-02
3.738545590639117400e-01 1.669896125793457475e-01 7.354524791240690806e-02
3.738324829936030547e-01 1.675161004066467729e-01 7.262663602828978160e-02
3.737968431413176695e-01 1.681727051734924760e-01 7.144442260265349010e-02
3.737176732718947569e-01 1.698532581329346147e-01 6.842435956001280406e-02
3.736934737861158928e-01 1.704034686088562456e-01 6.735643804073332408e-02
3.737077863514426390e-01 1.706927895545959917e-01 6.608083903789518931e-02
3.736897037923339604e-01 1.713346719741821733e-01 6.442390441894532693e-02
3.736795300245288054e-01 1.717661499977112260e-01 6.317819714546202281e-02
3.736486063897612730e-01 1.722485303878784624e-01 6.241814851760862926e-02
3.736449481546881835e-01 1.724296092987060991e-01 6.190593600273130992e-02
3.736509384214881102e-01 1.726074695587158647e-01 6.122510194778441051e-02
3.736371250450614134e-01 1.728979229927064543e-01 6.072050392627714732e-02
3.736508303880694548e-01 1.728446960449219194e-01 6.041817426681517222e-02
3.736622856557372252e-01 1.729150891304016557e-01 5.988712668418882945e-02
3.736679294705394505e-01 1.730402588844299760e-01 5.947215914726258768e-02
3.736831025779250304e-01 1.729497194290161577e-01 5.940024614334105113e-02
3.736820818483832518e-01 1.731669187545776811e-01 5.875694811344145396e-02
3.736776673793795744e-01 1.732894062995911089e-01 5.863229990005491832e-02
3.736744375526908080e-01 1.733195662498474565e-01 5.862453639507292369e-02
3.736591824889186064e-01 1.734236955642700639e-01 5.859294593334196666e-02
3.735309840738776921e-01 1.735437393188477007e-01 5.856251776218412974e-02
3.734466248750689665e-01 1.736555576324463335e-01 5.857159256935118297e-02
3.734420017898085753e-01 1.736561536788940874e-01 5.861246645450590709e-02
3.734501899778846501e-01 1.735406398773193803e-01 5.882170855998991588e-02
3.701284883171322981e-01 1.755300045013428178e-01 6.161677896976466839e-02
3.605860193818810622e-01 1.798341751098633257e-01 7.386003494262693980e-02
3.522860921546819846e-01 1.826718330383301225e-01 8.332155704498289683e-02
3.412754226336258689e-01 1.862333297729492632e-01 9.496732115745543101e-02
3.074840718507769743e-01 2.009599089622498003e-01 1.186416751146316395e-01
2.257037797570230764e-01 2.383364319801331010e-01 1.485636836290359086e-01
1.911698991060259700e-01 2.540357589721679021e-01 1.570905154943466053e-01
1.207589322328569970e-01 2.894481897354125310e-01 1.723956024646758900e-01
5.602571010589624256e-02 3.276961028575897661e-01 1.845984762907028065e-01
1.076903343200874552e-03 3.634923577308653564e-01 1.952422863245010243e-01
-2.269378662109355904e-02 3.806396305561064453e-01 1.995096659660339222e-01
-6.282899141311620861e-02 4.102809309959410400e-01 2.080683192610740528e-01
-7.948342323303209112e-02 4.239795684814451904e-01 2.112849658727645741e-01
-1.040715312957761762e-01 4.462677717208860528e-01 2.157087406516075001e-01
-1.199143564701078413e-01 4.632787585258482110e-01 2.181779077649116383e-01
-1.318966484069822309e-01 4.766525804996488702e-01 2.205681657791137562e-01
-1.389335131645201282e-01 4.858881115913388227e-01 2.222423112392425404e-01
-1.424922680854796009e-01 4.903984248638151300e-01 2.232329255342483387e-01
-1.485708093643187122e-01 4.985780298709867608e-01 2.256592890620231495e-01
-1.503178811073301868e-01 5.003920376300809991e-01 2.266164427995681629e-01
-1.514464354515073774e-01 5.016970515251157892e-01 2.272297447919845448e-01
-1.526379323005674915e-01 5.026771903038023126e-01 2.283027848601341114e-01
-1.533916628360746937e-01 5.036046981811521661e-01 2.287425032258033619e-01
-1.536971068382261829e-01 5.041602432727811944e-01 2.291261485219001637e-01
-1.620707249641417103e-01 5.100699245929716241e-01 2.355070865154266224e-01
-1.630792951583860950e-01 5.107650339603422296e-01 2.357817894220352040e-01
-1.622778511047361372e-01 5.135954201221465398e-01 2.349401867389678822e-01
-1.417743301391600208e-01 5.231266200542448175e-01 2.408261975646018849e-01
-1.311169600486754017e-01 5.265112996101377618e-01 2.480571052432060108e-01
-1.094315087795255659e-01 5.287327945232389581e-01 2.698465293645858631e-01
-1.004933750629423694e-01 5.278989255428312433e-01 2.821763983368873463e-01
-9.326810002326951787e-02 5.269065082073209894e-01 2.943876764178275929e-01
-8.253637313842759893e-02 5.238989472389219415e-01 3.182604989409446583e-01
-7.715270280837999151e-02 5.188823819160459649e-01 3.375556549429893360e-01
-7.547948122024522588e-02 5.161087691783903253e-01 3.467490604519843922e-01
-7.276636719703660772e-02 5.110399305820463312e-01 3.623098886013030873e-01
-7.193056106567369268e-02 5.086946368217466485e-01 3.695403194427490101e-01
-7.112202405929551885e-02 5.055757939815519464e-01 3.807772850990295277e-01
-7.057610511779771612e-02 5.026020288467407671e-01 3.910300588607787953e-01
-7.068297624587999151e-02 5.013541162014005792e-01 3.957965230941772328e-01
-7.121095418930040166e-02 5.004369795322416437e-01 4.033987677097320423e-01
-7.160619258880601690e-02 5.002576291561124933e-01 4.067305183410644398e-01
-7.204544901847825811e-02 5.001163959503172052e-01 4.094381785392761097e-01
-7.214764118194566533e-02 4.996473968029020996e-01 4.137824630737304554e-01
-7.209518909454332158e-02 4.997332870960234374e-01 4.152455782890319691e-01
-7.249781847000102974e-02 4.999510526657103271e-01 4.173192685842513905e-01
-7.252478957176194951e-02 5.000849246978757989e-01 4.185990846157073841e-01
-7.258195042610154912e-02 5.002089619636533868e-01 4.204254007339477406e-01
-7.277304291725150698e-02 5.004961371421812188e-01 4.211188411712646351e-01
-7.267740726470933721e-02 5.007778286933897149e-01 4.220249509811401234e-01
-7.247105598449693487e-02 5.011003494262693536e-01 4.227125799655914173e-01
-7.222023963928209112e-02 5.011916637420652521e-01 4.235571181774139271e-01
-7.223701834678636358e-02 5.012604475021360528e-01 4.248105293512344227e-01
-7.219177842140189760e-02 5.012418508529661310e-01 4.254234886169433461e-01
-7.222324967384324834e-02 5.012425959110258233e-01 4.262524998188018666e-01
-7.200035810470573061e-02 5.014033198356626642e-01 4.274286484718322621e-01
-7.197726130485521123e-02 5.014079093933103692e-01 4.278517818450927601e-01
-7.192540526390067690e-02 5.013141214847562921e-01 4.282604908943176136e-01
-7.167682409286491030e-02 5.014145255088804376e-01 4.289018368721008168e-01
-7.157785058021531865e-02 5.014252543449400079e-01 4.293275928497314320e-01
-7.144102811813340947e-02 5.014122605323789728e-01 4.295929676294326649e-01
-7.124755144119249151e-02 5.015551030635831964e-01 4.297478353977203236e-01
