4.378128910064699175e-01 4.990341246128083275e-01 3.352699136734008656e-01
4.378129580616952898e-01 4.990338861942292259e-01 3.352699211239814625e-01
4.378128910064699175e-01 4.990341246128083275e-01 3.352699136734008656e-01
4.378128910064699175e-01 4.990341246128083275e-01 3.352699136734008656e-01
4.378128910064699175e-01 4.990341246128083275e-01 3.352699136734008656e-01
4.378129580616952898e-01 4.990338861942292259e-01 3.352699211239814625e-01
4.378129580616952898e-01 4.990338861942292259e-01 3.352699211239814625e-01
4.378128910064699175e-01 4.990341246128083275e-01 3.352699136734008656e-01
4.378129580616952898e-01 4.990338861942291149e-01 3.352699211239814625e-01
4.378128910064699175e-01 4.990341246128083275e-01 3.352699136734008656e-01
4.378129580616952898e-01 4.990338861942292259e-01 3.352699211239814625e-01
4.378129580616951788e-01 4.990338861942292259e-01 3.352699211239814625e-01
4.378128910064699175e-01 4.990341246128083275e-01 3.352699136734008656e-01
4.378128910064699175e-01 4.990341246128083275e-01 3.352699136734008656e-01
4.378129580616952898e-01 4.990338861942292259e-01 3.352699211239814625e-01
4.378129580616952898e-01 4.990338861942292259e-01 3.352699211239814625e-01
4.378129580616952898e-01 4.990338861942292259e-01 3.352699211239814625e-01
4.378129580616952898e-01 4.990338861942292259e-01 3.352699211239814625e-01
4.378128910064699175e-01 4.990341246128083275e-01 3.352699136734008656e-01
4.378129580616951788e-01 4.990338861942292259e-01 3.352699211239814625e-01
4.378129580616952898e-01 4.990338861942292259e-01 3.352699211239814625e-01
4.378128910064699175e-01 4.990341246128083275e-01 3.352699136734008656e-01
4.378129580616951788e-01 4.990338861942292259e-01 3.352699211239814625e-01
4.378129580616952898e-01 4.990338861942292259e-01 3.352699211239814625e-01
4.378129580616951788e-01 4.990338861942292259e-01 3.352699211239814625e-01
4.378128910064699175e-01 4.990341246128083275e-01 3.352699136734008656e-01
4.378128910064699175e-01 4.990341246128083275e-01 3.352699136734008656e-01
4.378129580616952898e-01 4.990338861942292259e-01 3.352699211239814625e-01
4.378128910064699175e-01 4.990341246128083275e-01 3.352699136734008656e-01
4.378129580616952898e-01 4.990338861942292259e-01 3.352699211239814625e-01
4.378129580616951788e-01 4.990338861942291149e-01 3.352699211239814625e-01
4.378128910064699175e-01 4.990341246128083275e-01 3.352699136734008656e-01
4.378129580616952898e-01 4.990338861942292259e-01 3.352699211239814625e-01
4.378129580616952898e-01 4.990338861942292259e-01 3.352699211239814625e-01
4.378129580616952898e-01 4.990338861942292259e-01 3.352699211239814625e-01
4.378129580616952898e-01 4.990338861942292259e-01 3.352699211239814625e-01
4.378129580616952898e-01 4.990338861942292259e-01 3.352699211239814625e-01
4.378128910064699175e-01 4.990341246128083275e-01 3.352699136734008656e-01
4.378129580616952898e-01 4.990338861942292259e-01 3.352699211239814625e-01
4.378128910064699175e-01 4.990341246128083275e-01 3.352699136734008656e-01
4.378129580616952898e-01 4.990338861942292259e-01 3.352699211239814625e-01
4.378129804134370806e-01 4.990338563919068382e-01 3.352700254321098194e-01
4.378129804134370806e-01 4.990338563919067272e-01 3.352700254321098194e-01
4.378129133582117083e-01 4.990341544151307152e-01 3.352700254321098194e-01
4.378129580616951788e-01 4.990338861942292259e-01 3.352699211239814625e-01
4.378129804134370806e-01 4.990338563919068382e-01 3.352700254321098194e-01
4.378129804134370806e-01 4.990338563919068382e-01 3.352700254321098194e-01
4.378129804134370806e-01 4.990338563919068382e-01 3.352700254321098194e-01
4.378129804134370806e-01 4.990338563919067272e-01 3.352700254321098194e-01
4.378129804134370806e-01 4.990338563919068382e-01 3.352700254321098194e-01
4.378129804134370806e-01 4.990338563919068382e-01 3.352700254321098194e-01
4.378129804134370806e-01 4.990338563919068382e-01 3.352700254321098194e-01
4.378129133582117083e-01 4.990341544151307152e-01 3.352700254321098194e-01
4.378129804134370806e-01 4.990338563919068382e-01 3.352700254321098194e-01
4.378129804134370806e-01 4.990338563919068382e-01 3.352700254321098194e-01
4.378129804134370806e-01 4.990338563919068382e-01 3.352700254321098194e-01
4.378129133582117083e-01 4.990341544151307152e-01 3.352700254321098194e-01
4.378129133582117083e-01 4.990341544151307152e-01 3.352700254321098194e-01
4.378129804134370806e-01 4.990338563919068382e-01 3.352700254321098194e-01
4.378129804134370806e-01 4.990338563919068382e-01 3.352700254321098194e-01
4.378129804134370806e-01 4.990338563919068382e-01 3.352700254321098194e-01
4.378129804134370806e-01 4.990338563919068382e-01 3.352700254321098194e-01
4.378129133582117083e-01 4.990341544151307152e-01 3.352700254321098194e-01
4.378129804134370806e-01 4.990338563919068382e-01 3.352700254321098194e-01
4.378129133582117083e-01 4.990341544151307152e-01 3.352700254321098194e-01
4.378129804134370806e-01 4.990338563919068382e-01 3.352700254321098194e-01
4.378129133582117083e-01 4.990341544151307152e-01 3.352700254321098194e-01
4.378129804134369696e-01 4.990338563919068382e-01 3.352700254321098194e-01
4.378129133582117083e-01 4.990341544151307152e-01 3.352700254321098194e-01
4.378129804134370806e-01 4.990338563919068382e-01 3.352700254321098194e-01
4.378131368756296160e-01 4.990338861942292259e-01 3.352700254321098194e-01
4.378129804134370806e-01 4.990338563919068382e-01 3.352700254321098194e-01
4.378129804134370806e-01 4.990338563919068382e-01 3.352700254321098194e-01
4.378131368756296160e-01 4.990338861942292259e-01 3.352700254321098194e-01
4.378129133582117083e-01 4.990341544151307152e-01 3.352700254321098194e-01
4.378129804134370806e-01 4.990338563919068382e-01 3.352700254321098194e-01
4.378129804134370806e-01 4.990338563919068382e-01 3.352700254321098194e-01
4.378129804134370806e-01 4.990338563919068382e-01 3.352700254321098194e-01
4.378129133582117083e-01 4.990341544151307152e-01 3.352700254321098194e-01
4.378130772709848406e-01 4.990338563919068382e-01 3.352700328826904164e-01
4.378130772709848406e-01 4.990338563919068382e-01 3.352700328826904164e-01
4.378129804134370806e-01 4.990338563919068382e-01 3.352700254321098194e-01
4.378129133582117083e-01 4.990341544151307152e-01 3.352700254321098194e-01
4.378128463029863360e-01 4.990337967872620628e-01 3.352700254321098194e-01
4.378129357099534991e-01 4.990337967872620628e-01 3.352700328826904164e-01
4.378128686547281267e-01 4.990340352058411644e-01 3.352700328826904164e-01
4.378129357099534991e-01 4.990337967872620628e-01 3.352700328826904164e-01
4.378128463029863360e-01 4.990337967872620628e-01 3.352700254321098194e-01
4.378129357099534991e-01 4.990337967872620628e-01 3.352700328826904164e-01
4.378125780820848467e-01 4.990339159965516136e-01 3.352700328826904164e-01
4.378125631809236529e-01 4.990336775779725120e-01 3.352700254321098194e-01
4.378125780820848467e-01 4.990339159965516136e-01 3.352700328826904164e-01
4.378125035762788775e-01 4.990336775779725120e-01 3.352700328826904164e-01
4.378124216198923113e-01 4.990336477756501243e-01 3.352700254321098194e-01
4.378125035762788775e-01 4.990336775779725120e-01 3.352700328826904164e-01
4.378123545646669390e-01 4.990336179733277366e-01 3.352700328826904164e-01
4.393625000119210089e-01 4.824712455272675560e-01 3.324658429622650013e-01
4.395541960000993731e-01 4.693282425403595970e-01 3.296509689092635975e-01
4.369609990715982439e-01 4.345227360725403831e-01 3.208233571052551136e-01
4.295280838012697222e-01 3.944925546646119163e-01 3.062892413139343128e-01
4.178112709522249224e-01 3.624174475669861839e-01 2.870812496542930470e-01
4.115175941586496355e-01 3.512052476406098411e-01 2.764525121450424061e-01
3.995438405871393761e-01 3.343028306961060014e-01 2.563507488369941578e-01
3.820413166284563622e-01 3.272960066795349565e-01 2.375588721036910878e-01
3.734607735276224139e-01 3.258536040782928911e-01 2.294381192326545582e-01
3.661011179536583504e-01 3.245032012462616411e-01 2.224291643500327931e-01
3.497019895911219201e-01 3.223061442375183550e-01 2.075529104471206532e-01
3.327882207557561478e-01 3.211111307144165483e-01 1.925219675898551530e-01
3.159903792291882119e-01 3.206634700298309770e-01 1.781113377213477955e-01
2.985470110177996239e-01 3.210345685482025591e-01 1.628900474309921131e-01
2.787849830091002068e-01 3.304593443870544878e-01 1.490311479568481312e-01
2.509114184975627104e-01 3.409283638000488170e-01 1.341105109453201161e-01
2.304542028903963646e-01 3.464396178722381481e-01 1.251332020759582386e-01
2.201545053720476430e-01 3.496313273906707653e-01 1.205167776346206532e-01
2.093885803222658437e-01 3.530942976474761852e-01 1.160129165649413929e-01
1.787436270713808895e-01 3.645397901535034069e-01 1.028200840950012074e-01
1.692976617813112539e-01 3.694066882133483776e-01 9.861876130104063609e-02
1.681019032001498104e-01 3.793215334415435680e-01 9.400065302848817361e-02
1.868856662511827749e-01 3.822352766990661510e-01 9.306289315223692515e-02
2.005883568525316518e-01 3.823046267032623180e-01 9.373293876647947886e-02
2.280863338708879473e-01 3.790717899799346813e-01 9.764771223068235972e-02
2.500820869207384112e-01 3.754894018173217662e-01 1.019975996017455921e-01
2.657295951247218291e-01 3.715320110321044811e-01 1.059937185049056874e-01
2.786865347623826983e-01 3.676408708095550981e-01 1.097188746929168568e-01
2.888926418125631335e-01 3.647494792938233976e-01 1.127587115764617787e-01
2.927877569198610308e-01 3.635561943054199663e-01 1.141191130876541004e-01
2.989638151228429797e-01 3.612351298332214800e-01 1.164367502927780018e-01
3.020879702270032885e-01 3.603544712066650835e-01 1.175968056917190419e-01
3.046828137338163378e-01 3.594902038574219194e-01 1.186210519075393544e-01
3.067616896331312182e-01 3.585896968841553178e-01 1.193349218368530140e-01
3.127909881621601662e-01 3.671919286251068559e-01 1.196121579408645497e-01
3.153199461847545626e-01 3.700936019420624223e-01 1.199579989910125599e-01
3.227359076589347842e-01 3.613013803958893266e-01 1.228643065690994129e-01
3.276938238739969811e-01 3.413719117641448308e-01 1.268225914239883012e-01
3.313059668615462861e-01 3.227391123771667925e-01 1.312586596608161793e-01
3.325945284776392064e-01 3.147496461868286577e-01 1.333798027038574086e-01
3.335419172979893765e-01 3.083836019039154497e-01 1.349716937541961537e-01
3.346254128590228638e-01 3.023954510688782182e-01 1.367341360449790821e-01
3.392360703181477866e-01 3.054953396320343462e-01 1.345280414819717274e-01
3.461935461126270375e-01 3.107074975967407671e-01 1.314200764894485340e-01
3.531772439926865181e-01 3.183932781219482866e-01 1.295691660046577320e-01
3.566272390633823952e-01 3.224285423755646196e-01 1.287529176473617420e-01
3.594754712283613762e-01 3.265468060970306841e-01 1.280092155933379994e-01
3.652897441387178423e-01 3.349217057228088823e-01 1.270780196785926408e-01
3.680316583812239251e-01 3.390068888664246050e-01 1.267601704597473011e-01
3.733722010254862389e-01 3.470707416534424272e-01 1.265903121232986317e-01
3.755920270085337243e-01 3.496225357055664507e-01 1.266293084621429310e-01
3.727033773064615807e-01 3.378445088863373247e-01 1.287343060970306263e-01
3.695922309160235564e-01 3.273483097553253618e-01 1.301770365238189564e-01
3.631058765202763161e-01 3.064136683940887895e-01 1.328755474090576039e-01
3.602069096267225823e-01 2.959960579872131792e-01 1.342630913853645191e-01
3.556755652278664193e-01 2.761325716972351518e-01 1.367250388860702381e-01
3.588522916287185671e-01 2.685326814651489702e-01 1.396345502138137684e-01
3.679020201414825997e-01 2.621922373771667925e-01 1.448115712404250688e-01
3.746695333719256005e-01 2.563825726509094682e-01 1.488225018978118763e-01
4.038164952397349516e-01 2.499678015708923784e-01 1.623079931735992298e-01
4.192932733893397490e-01 2.473009109497070757e-01 1.698509684205055104e-01
4.528336563706401030e-01 2.443464279174805132e-01 1.856628587841987477e-01
4.695572817325595061e-01 2.437732100486756925e-01 1.938550999760627613e-01
4.864474201202394488e-01 2.439800977706910734e-01 2.019361412525176869e-01
5.203389787673952105e-01 2.460280537605287199e-01 2.190757101774215565e-01
5.371366852521899382e-01 2.475787281990052824e-01 2.282671263813972340e-01
5.711036139726641814e-01 2.518114924430848722e-01 2.478130242228507862e-01
5.871135854721071246e-01 2.549347758293152300e-01 2.574585607647895680e-01
6.012008750438693205e-01 2.592072367668153410e-01 2.678190326690673695e-01
5.992443525791171233e-01 2.586946964263917570e-01 2.679011082649230824e-01
5.575445109605792204e-01 2.477128386497499113e-01 2.493804848194122181e-01
5.138642305135729949e-01 2.368693232536317472e-01 2.313331371545791493e-01
4.919276946783068816e-01 2.331077337265016203e-01 2.225511825084686146e-01
4.570870587229731719e-01 2.283735156059265581e-01 2.081493741273879872e-01
4.224627056717875639e-01 2.253866076469421831e-01 1.922545513510703907e-01
4.145180249214175383e-01 2.245904088020325151e-01 1.885180404782295094e-01
4.020778053998950163e-01 2.244822859764099565e-01 1.821611008048057423e-01
3.940669374167921624e-01 2.248304963111877885e-01 1.775783380866050309e-01
3.905742654204371056e-01 2.242713451385498491e-01 1.755918084084987507e-01
3.797948324680331389e-01 2.236617684364319292e-01 1.694266653060912953e-01
3.747777493298056761e-01 2.242012500762939897e-01 1.660912936925887928e-01
3.729590663313868681e-01 2.244475364685059038e-01 1.648976883292198048e-01
3.687997443228963057e-01 2.228001236915588823e-01 1.637413433194160328e-01
3.654069678485396544e-01 2.226070642471313921e-01 1.624092614650726185e-01
3.623047267645600478e-01 2.217054843902588335e-01 1.619859343767166004e-01
3.588891943544151863e-01 2.215294718742371050e-01 1.607849752902984486e-01
3.567781841009858845e-01 2.212298393249512163e-01 1.600580221414565907e-01
3.533222891017797629e-01 2.209241271018982378e-01 1.587651452422141896e-01
3.502989710867407958e-01 2.203329682350159135e-01 1.581123179197311268e-01
3.492402361333373229e-01 2.199352264404297319e-01 1.578621721267700062e-01
3.477829002402725300e-01 2.199752211570740190e-01 1.570207929611205921e-01
3.459476494789126555e-01 2.197047948837280718e-01 1.558820089697837696e-01
3.452002901211383978e-01 2.199385046958923784e-01 1.547905957698821888e-01
3.446231690794232527e-01 2.201729297637939897e-01 1.536183363199233876e-01
3.443548671528699479e-01 2.202541708946228471e-01 1.532498306035995350e-01
3.430938261188569705e-01 2.205457568168640581e-01 1.521607941389083729e-01
3.419397666910666267e-01 2.208740592002869096e-01 1.509702882170677052e-01
3.411146422475579421e-01 2.210593104362488237e-01 1.500917753577232228e-01
3.407261449936780928e-01 2.208878278732301359e-01 1.499836897850036488e-01
3.399609553487974445e-01 2.208545684814453569e-01 1.496899655461311207e-01
3.393921361747200827e-01 2.210981726646423784e-01 1.488825982809066639e-01
3.390735493483956198e-01 2.211414456367493120e-01 1.485858714580535755e-01
3.379895607102665345e-01 2.216681718826294389e-01 1.474199748039245472e-01
3.378067437186840216e-01 2.217164516448975053e-01 1.471705740690231190e-01
3.372861181013289134e-01 2.217206239700317827e-01 1.465608036518096791e-01
3.369268573913726250e-01 2.215785264968872514e-01 1.463902896642684803e-01
3.365782309882345835e-01 2.214317202568054643e-01 1.462965613603591786e-01
3.365264224447312991e-01 2.214090108871460405e-01 1.450201874971389637e-01
3.358692179061475436e-01 2.214770793914795366e-01 1.445242843031883107e-01
3.355407204106453101e-01 2.213764071464539018e-01 1.444663262367248402e-01
3.351839093118909041e-01 2.217003583908081499e-01 1.436828455328941212e-01
3.349563862755897681e-01 2.217590093612671343e-01 1.434229692816734181e-01
3.346742961183193366e-01 2.218081831932068315e-01 1.431916064023971424e-01
3.344442678242924294e-01 2.216006398200989214e-01 1.428654870390891618e-01
3.347661901824179331e-01 2.216181635856628862e-01 1.426586961746215687e-01
3.384041510615500847e-01 2.199551939964294878e-01 1.416542387008666859e-01
3.393202012265104650e-01 2.193132519721985307e-01 1.415373986959457542e-01
3.408776627364571432e-01 2.174476861953735796e-01 1.417461863160133229e-01
3.412099316809329430e-01 2.171146750450134721e-01 1.417039489746093617e-01
3.417785722156989614e-01 2.170527458190918413e-01 1.414586833119392262e-01
3.430040554702284972e-01 2.142972230911255327e-01 1.422006121277809010e-01
3.449105482175949255e-01 2.127556085586548296e-01 1.425820297002792503e-01
3.456962589733305058e-01 2.126158952713013139e-01 1.425676500797271595e-01
3.471055768057706992e-01 2.099718332290649858e-01 1.429933762550353871e-01
3.476011046767237267e-01 2.094137549400330034e-01 1.432337841391563282e-01
3.482686198875311057e-01 2.086129665374756303e-01 1.437149798870086537e-01
3.485163386538627783e-01 2.070816636085510698e-01 1.441930761933326588e-01
3.489682228863242308e-01 2.062806367874145952e-01 1.444961285591125355e-01
3.494508389011028449e-01 2.057532548904419389e-01 1.447465425729751454e-01
3.504523766785863081e-01 2.041442275047302690e-01 1.453748798370361195e-01
3.507129430398347458e-01 2.034510850906372514e-01 1.457441604137420521e-01
3.507507323846223990e-01 2.030653238296509233e-01 1.459456837177276478e-01
3.511759100109341780e-01 2.018720388412476030e-01 1.466563349962234364e-01
3.512038683146241347e-01 2.013866782188415971e-01 1.469159728288650379e-01
3.511641045659783522e-01 2.014641642570496050e-01 1.469637757539749012e-01
3.514666186273101012e-01 2.008157849311829057e-01 1.474088287353515492e-01
3.519187794625762145e-01 2.003927111625671831e-01 1.474767035245895253e-01
3.521349887922409216e-01 2.002274870872499113e-01 1.475308990478515492e-01
3.525855980440977810e-01 1.987324833869934526e-01 1.481807237863540794e-01
3.525899733975532135e-01 1.983729481697082964e-01 1.483122265338897294e-01
3.529071706905964056e-01 1.977035284042359953e-01 1.487120842933654652e-01
3.532567072287204901e-01 1.965925574302673784e-01 1.492029732465743885e-01
3.534673304855826537e-01 1.947521448135376421e-01 1.500554686784744129e-01
3.535377040132883231e-01 1.945093750953674760e-01 1.502309894561767445e-01
3.541569692641499678e-01 1.930981159210205522e-01 1.508696904778480397e-01
3.543022919073703925e-01 1.931739926338196245e-01 1.507029837369918690e-01
3.545602831617000739e-01 1.931417465209961382e-01 1.506411215662956105e-01
3.551474783197048346e-01 1.921345472335815874e-01 1.508613383769988880e-01
3.558645696938040892e-01 1.918681740760803667e-01 1.511452278494834767e-01
3.560980131477120558e-01 1.915740847587585893e-01 1.513101613521575795e-01
3.564074581116440932e-01 1.915376067161560503e-01 1.514226427674293385e-01
3.568300997465851943e-01 1.906303644180298296e-01 1.520120358467101918e-01
3.574690429121258894e-01 1.903636336326599565e-01 1.522537177801132069e-01
3.578186371922496001e-01 1.899337053298950639e-01 1.522842800617217884e-01
3.578987774997953175e-01 1.895674943923950639e-01 1.523784032464027272e-01
3.581373693048957030e-01 1.902179598808289018e-01 1.519117361307144032e-01
3.584979196637871901e-01 1.895334601402283159e-01 1.517445227503776417e-01
3.585540001839402358e-01 1.891245722770691362e-01 1.512345528602599964e-01
3.586593029648068587e-01 1.886920809745789018e-01 1.511837995052337513e-01
3.588228804618123213e-01 1.881659507751465288e-01 1.511886200308799333e-01
3.588655480742457549e-01 1.876178860664368120e-01 1.513509979844093190e-01
3.589523696899417082e-01 1.867807984352112260e-01 1.508599525690078602e-01
3.589434736967089257e-01 1.869391679763794389e-01 1.504802560806274281e-01
3.589333986490967354e-01 1.868616819381714311e-01 1.501690006256103382e-01
3.589014021307233016e-01 1.861103653907776323e-01 1.494160076975822316e-01
3.588817232847216765e-01 1.859012722969055620e-01 1.490159636735916004e-01
3.588714284449818770e-01 1.856633305549622026e-01 1.488239324092864857e-01
3.588428256660702864e-01 1.846362233161926714e-01 1.488957858085632191e-01
3.587865309417250792e-01 1.829177618026733843e-01 1.487704968452453480e-01
3.587645070254806279e-01 1.825159072875977007e-01 1.488494133949279652e-01
3.587234301120045821e-01 1.814096450805664507e-01 1.489818996191024647e-01
3.586953675001862685e-01 1.809387683868408647e-01 1.490003621578216420e-01
3.586616331338885466e-01 1.801035881042480913e-01 1.487770161032676564e-01
3.586428409069779555e-01 1.791566491127014604e-01 1.486818498373031483e-01
3.586464376747611205e-01 1.786441683769226518e-01 1.485614857077598439e-01
3.586345651745799223e-01 1.782486319541931596e-01 1.486088341474532948e-01
3.586084769666197936e-01 1.780145645141602007e-01 1.485270938277244435e-01
3.585875631868842284e-01 1.778421878814697710e-01 1.482421165704727040e-01
3.585242164880040328e-01 1.779566287994385210e-01 1.479073545336723194e-01
3.585056738555434386e-01 1.777165412902832475e-01 1.475186875462531910e-01
3.585086112469437758e-01 1.778055906295776811e-01 1.472546017169952259e-01
3.585199622064831892e-01 1.779115676879883257e-01 1.467569178342819081e-01
3.585382831841710249e-01 1.777717351913452593e-01 1.466777032613754139e-01
3.577302621304991881e-01 1.729048967361450639e-01 1.446048176288604603e-01
3.566164003312591313e-01 1.677383065223694292e-01 1.398290401697158680e-01
3.560745568573477904e-01 1.663218021392822710e-01 1.323289877176284657e-01
3.556425386667254607e-01 1.663244247436523882e-01 1.278635567426681385e-01
3.558526878803971449e-01 1.676967024803162065e-01 1.165221786499023304e-01
3.559229803830388228e-01 1.695515394210815874e-01 1.082227087020873890e-01
3.560093046724799315e-01 1.710224032402039018e-01 1.044710731506347523e-01
3.561612741649153868e-01 1.725689649581909624e-01 1.005987828969955311e-01
3.563501873612406889e-01 1.746011257171631303e-01 9.435558378696437543e-02
3.564122153073552290e-01 1.758960962295532671e-01 9.138302564620970347e-02
3.566085027158263365e-01 1.781058788299560991e-01 8.615318000316618541e-02
3.566396498680117766e-01 1.789114356040955034e-01 8.428576648235319713e-02
3.566793912649157683e-01 1.802569508552551714e-01 8.162458300590513804e-02
3.567031455785039107e-01 1.810297250747681108e-01 7.983614563941954234e-02
3.567590901255610625e-01 1.824917078018188921e-01 7.603140234947203258e-02
3.567698208242657820e-01 1.832857012748718706e-01 7.457624435424803355e-02
3.567704317718747298e-01 1.839654326438904253e-01 7.313849091529844859e-02
3.567680531740191618e-01 1.850196003913879839e-01 7.110305190086363414e-02
3.567730506509545485e-01 1.858137130737305132e-01 6.982289314270018199e-02
3.567795326560738722e-01 1.866931796073914018e-01 6.833741128444670299e-02
3.567878754436972777e-01 1.878668546676636186e-01 6.638766884803770640e-02
3.567939327657225768e-01 1.885070085525513139e-01 6.542335510253904918e-02
3.567983807623389403e-01 1.892040252685547319e-01 6.419821143150328258e-02
3.568018545955422560e-01 1.895352482795715776e-01 6.353566110134123424e-02
3.568092660605910460e-01 1.901875615119934526e-01 6.238004624843596080e-02
3.568126430362465462e-01 1.902654051780701128e-01 6.208531618118284801e-02
3.568250985443595091e-01 1.908687829971315031e-01 6.089350640773771861e-02
3.568332550674679915e-01 1.911380171775818315e-01 6.047608017921446422e-02
3.568636906892064253e-01 1.914858698844910112e-01 5.960682094097136119e-02
3.569425364583733717e-01 1.914672136306763139e-01 5.920043647289274791e-02
3.569447623193267027e-01 1.917113542556763139e-01 5.849929213523863414e-02
3.569436261057856719e-01 1.920291662216186968e-01 5.754831492900847056e-02
3.569403776526454686e-01 1.919141292572021928e-01 5.726014137268065074e-02
3.569289167970421950e-01 1.923050761222839800e-01 5.559258222579954722e-02
3.569218573719266097e-01 1.921959996223450151e-01 5.515834748744963267e-02
3.569120356440547148e-01 1.923673629760742632e-01 5.387474656105040172e-02
3.569104672968390624e-01 1.928179144859314409e-01 5.267286360263823131e-02
3.569120058417323271e-01 1.929835557937622514e-01 5.226935505867003062e-02
3.569149115681651274e-01 1.929252028465271440e-01 5.165432453155516246e-02
3.569173236936333815e-01 1.926474452018738237e-01 5.167467951774595836e-02
3.569212073087695836e-01 1.924176692962646928e-01 5.146278500556944469e-02
3.569246736913921914e-01 1.923520445823669878e-01 5.136035442352290814e-02
3.569299859553578536e-01 1.918827176094055620e-01 5.147023558616636851e-02
3.569381536543372313e-01 1.912541866302490678e-01 5.153399765491484263e-02
3.569550292193893193e-01 1.909419775009155718e-01 5.158475100994108775e-02
3.569693306088450591e-01 1.906931281089783159e-01 5.162338972091673472e-02
3.570243289321664015e-01 1.902257680892944780e-01 5.174829125404356578e-02
3.570640069991353194e-01 1.901805281639099565e-01 5.175443053245543101e-02
3.571143747866156737e-01 1.899866938591003862e-01 5.181376695632933238e-02
3.571428602188829182e-01 1.896309137344360796e-01 5.190731644630430797e-02
3.571690322458747069e-01 1.891882300376892534e-01 5.203916192054747203e-02
3.571950850635770003e-01 1.888555169105530229e-01 5.215673208236693004e-02
3.572504745423796813e-01 1.884114623069763628e-01 5.231694936752318004e-02
3.572850862145426909e-01 1.878026604652405229e-01 5.254513084888456920e-02
3.573028614372018019e-01 1.874442577362060991e-01 5.268797338008879283e-02
3.573119120299819151e-01 1.869021534919739214e-01 5.290515780448912242e-02
3.573141043633225600e-01 1.867075443267822710e-01 5.298908114433287242e-02
3.573271521925928673e-01 1.862462639808655229e-01 5.319200515747068980e-02
3.573417590558531920e-01 1.863146901130676714e-01 5.318212568759916881e-02
3.573473414033654372e-01 1.864143490791321245e-01 5.315218925476072886e-02
3.573578746616843382e-01 1.865926265716553178e-01 5.309690594673155406e-02
3.573678398132327239e-01 1.868952393531799760e-01 5.299116730689998334e-02
3.573722431063655058e-01 1.869495987892151323e-01 5.297814369201658824e-02
3.573736829310658059e-01 1.869541883468628374e-01 5.297978281974791148e-02
3.540923876315358321e-01 1.911268115043640581e-01 5.556465744972227672e-02
3.463179498538377921e-01 1.981602787971497026e-01 6.826546847820280650e-02
3.397113980352881590e-01 2.021788835525513139e-01 7.833597123622892955e-02
3.186882866173985640e-01 2.139962196350098100e-01 1.027105903625488148e-01
2.823206150531771819e-01 2.330847859382629839e-01 1.260607248544692860e-01
2.273990252614023766e-01 2.555571675300598589e-01 1.472112095355987416e-01
1.949614846706393123e-01 2.683380126953124334e-01 1.560262298583984242e-01
1.254810059070589623e-01 2.969894289970397283e-01 1.730177743732929097e-01
6.118636965751678147e-02 3.289296209812163641e-01 1.866577720642089711e-01
5.789753198623848185e-03 3.605974197387694091e-01 1.971768966317176686e-01
-1.867723822593669869e-02 3.759252905845640869e-01 2.016005074977874623e-01
-5.718195796012859322e-02 4.033848226070402831e-01 2.088198965787887440e-01
-9.901169300079326607e-02 4.364727616310117853e-01 2.159387475252151356e-01
-1.161031460762022016e-01 4.525612175464628351e-01 2.185774078965186940e-01
-1.233668065071104047e-01 4.595248878002166082e-01 2.197134128212928639e-01
-1.288558876514432905e-01 4.652107834815977228e-01 2.207642203569412098e-01
-1.410117781162260053e-01 4.792299747467039239e-01 2.231774932146072254e-01
-1.427415049076078413e-01 4.820324361324308526e-01 2.235516688227653370e-01
-1.466764247417448042e-01 4.871422231197355401e-01 2.247392019629478321e-01
-1.482418513298033313e-01 4.890886425971983087e-01 2.253863593935966358e-01
-1.487861013412474231e-01 4.901125907897947442e-01 2.260081252455711232e-01
-1.502387559413908558e-01 4.911950409412382257e-01 2.275455078482627735e-01
-1.528089976310728071e-01 4.924324035644529474e-01 2.290029159188270436e-01
-1.532639002799986994e-01 4.929138600826261651e-01 2.293760931491851396e-01
-1.537026798725126819e-01 4.930954456329343927e-01 2.299118718504905567e-01
-1.542643344402311878e-01 4.928509771823881280e-01 2.309991797804832325e-01
-1.612356638908384876e-01 4.947588920593259942e-01 2.363052150607108937e-01
-1.616101598739622669e-01 4.949087977409361017e-01 2.364343336224555836e-01
-1.580556368827818470e-01 4.950329840183256280e-01 2.351096129417419300e-01
-1.288572287559507923e-01 4.986455917358396661e-01 2.387176012992858753e-01
-1.148478126525877552e-01 5.013042867183683526e-01 2.449409297108650074e-01
-9.052136898040757940e-02 5.059598863124845636e-01 2.658302268385887013e-01
-8.085155844688401983e-02 5.064563035964964044e-01 2.782969108223914967e-01
-6.847608447074876592e-02 5.067891657352445733e-01 3.035985013842582569e-01
-6.228471159934984014e-02 5.051125168800352228e-01 3.269720008969306813e-01
-5.965713024139396303e-02 5.023131251335142267e-01 3.462056970596313343e-01
-5.975377917289725893e-02 4.988787949085234374e-01 3.624027228355407582e-01
-5.999079704284648873e-02 4.962810158729552001e-01 3.749710774421691761e-01
-6.092840790748582647e-02 4.923964321613310546e-01 3.934617495536804066e-01
-6.163266658782945440e-02 4.916593313217161865e-01 3.977727597951888905e-01
-6.241819620132432744e-02 4.906193494796751708e-01 4.052869087457656727e-01
-6.348899364471422002e-02 4.900917887687681884e-01 4.111130392551421986e-01
-6.417811274528489873e-02 4.901592910289763183e-01 4.135634309053420887e-01
-6.495958924293504522e-02 4.901058554649351806e-01 4.168636655807494984e-01
-6.585941076278672979e-02 4.903797090053557128e-01 4.190353012084960804e-01
-6.666255354881273076e-02 4.903967559337614746e-01 4.202881610393524037e-01
-6.698644518852214791e-02 4.904289722442625732e-01 4.203811740875244007e-01
-6.771552920341478154e-02 4.904373466968535156e-01 4.211077845096588002e-01
-6.804460644721976870e-02 4.906575560569760852e-01 4.212360835075378285e-01
-6.839573740959153936e-02 4.909064650535582275e-01 4.213152086734771595e-01
-6.906921029090867803e-02 4.909742355346678466e-01 4.221953159570693836e-01
-6.928685665130596139e-02 4.911793351173400768e-01 4.224473392963409291e-01
-7.010618209838853643e-02 4.926702558994291992e-01 4.236473298072814808e-01
-7.013371944427476690e-02 4.928636729717253417e-01 4.238888478279113636e-01
-7.029760241508470342e-02 4.930050253868101806e-01 4.243057525157928334e-01
-7.054072976112346627e-02 4.935393512248991699e-01 4.249194121360778675e-01
-7.066667437553392217e-02 4.938984990119932861e-01 4.250543719530105458e-01
-7.083604097366319463e-02 4.941395401954649658e-01 4.251788264513015614e-01
