7.966597871811806897e-01 -2.030570140772610943e-01 6.591322871583860099e-02
7.770616414491920976e-01 -1.960988302806242756e-01 9.534459402764361435e-02
7.636079234973369712e-01 -1.954656137788742809e-01 1.286852670538827237e-01
7.596644472675263549e-01 -2.014217069978117558e-01 1.305669395937709698e-01
7.699758894006520915e-01 -2.224302588505968625e-01 7.263605248135251991e-02
7.610491732894777428e-01 -2.157194207793622365e-01 1.030862590793177880e-01
7.593251434019088197e-01 -2.280657317269444428e-01 1.088209403566537947e-01
7.638980922487974556e-01 -2.446050325846820528e-01 8.155313981143086366e-02
7.666410356659472125e-01 -2.477752216375618821e-01 8.422012782525567509e-02
7.602753743111848594e-01 -2.413500776870995956e-01 1.177729251189751913e-01
7.599492392775772931e-01 -2.445454321319311675e-01 1.187893280965997000e-01
7.589897546350419244e-01 -2.523697104129641877e-01 1.221014513470635166e-01
7.584921616299450386e-01 -2.553566308905034776e-01 1.236516108832137473e-01
7.588431210715949060e-01 -2.540180318075418442e-01 1.223928770613640360e-01
7.591939756950258911e-01 -2.490498203831761903e-01 1.212775198984221703e-01
7.550507843974469946e-01 -2.312975067537277885e-01 1.464241115802900062e-01
7.667481949167788136e-01 -2.478204887272715262e-01 8.380982213991572394e-02
7.666612789625226743e-01 -2.458669975358694637e-01 8.411676865728945351e-02
7.585682736187339126e-01 -2.341471654798239210e-01 1.115250691256299831e-01
7.586548721608161738e-01 -2.324673733212053728e-01 1.115350066193907530e-01
7.532568502557814849e-01 -2.239005849177538865e-01 1.411959382036744870e-01
7.611845585125565083e-01 -2.351694894360750743e-01 1.145568709132804841e-01
7.612344871300638083e-01 -2.352588280116617581e-01 1.143070878450453964e-01
7.613972344168662421e-01 -2.336988346621095836e-01 1.138676823591557863e-01
7.613427880193233133e-01 -2.336554932914376159e-01 1.139844255971609321e-01
7.611650432551682055e-01 -2.334848768506795347e-01 1.146787010163381471e-01
7.613870788575350934e-01 -2.337669298662393980e-01 1.136470024276419188e-01
7.582897184576034011e-01 -2.355273434145003231e-01 1.127914674005074946e-01
7.669043723437011240e-01 -2.461212197589576212e-01 8.340817452012316835e-02
7.611561249014973107e-01 -2.371437079641073864e-01 1.146010127757683961e-01
7.556104646807014769e-01 -2.284785537410378153e-01 1.447348775320380643e-01
7.598153929963589182e-01 -2.443852001403122864e-01 1.194722830226107035e-01
7.592496662242949057e-01 -2.508681981050521204e-01 1.211369895684553111e-01
7.645728790801048502e-01 -2.634394728893786342e-01 9.146586227682074188e-02
7.587929778899014099e-01 -2.557237927559464774e-01 1.225226618331001216e-01
7.586564981654108086e-01 -2.555095399830787928e-01 1.231907474381133127e-01
7.585259555634200623e-01 -2.553297896891384977e-01 1.237848187184587001e-01
7.587164253217220100e-01 -2.556430357930659647e-01 1.228223934453964716e-01
7.592248298851906885e-01 -2.490426298818439188e-01 1.213050167358857845e-01
7.594501372700452890e-01 -2.474650928259640725e-01 1.205729712809131549e-01
7.552359246735811382e-01 -2.296475389857292049e-01 1.461080977883932874e-01
7.666787425139903744e-01 -2.478418399537950512e-01 8.406890205780115366e-02
7.612500397547721231e-01 -2.352801965505629256e-01 1.144584983537242362e-01
7.621909915614604181e-01 -2.293991872974932289e-01 1.107804228664008850e-01
7.592727448617160313e-01 -2.277919151263832764e-01 1.092364251468924685e-01
7.649891219844817680e-01 -2.368053049030005575e-01 7.750578187117862505e-02
7.592192446495116265e-01 -2.278982843117117463e-01 1.090782706256716583e-01
7.617210059517205423e-01 -2.324444831380843568e-01 1.125997158975033940e-01
7.614071982595622679e-01 -2.355792943288087249e-01 1.136516246564118759e-01
7.610581234839082221e-01 -2.387772606794237307e-01 1.148648100200773126e-01
7.664572096503853293e-01 -2.492781150571107551e-01 8.497576026279318739e-02
7.609302644348978628e-01 -2.386626222942322406e-01 1.153197874446287852e-01
7.608903015453993834e-01 -2.385601265514045721e-01 1.155624450297907391e-01
7.664277328293442881e-01 -2.492695195541530795e-01 8.498227800631963369e-02
7.609068794348656795e-01 -2.386543299322426703e-01 1.155909274472415316e-01
7.607623108563781322e-01 -2.384803279763161865e-01 1.160498203147022345e-01
7.555715368719875258e-01 -2.284479480280726671e-01 1.447301135264797978e-01
7.607294356483400577e-01 -2.384139448097795100e-01 1.163328887539014644e-01
7.606774789558291561e-01 -2.401235234312265598e-01 1.163169893508686492e-01
7.556771331770002487e-01 -2.286454649601429578e-01 1.443469254778846356e-01
7.556970106432676637e-01 -2.286138511089682301e-01 1.443921243296086843e-01
7.608743430165588739e-01 -2.386646704205125369e-01 1.157501430387781749e-01
7.609310470977426188e-01 -2.387868154097645967e-01 1.154195897177174857e-01
7.609373355313420184e-01 -2.387282892244755872e-01 1.155430672491759569e-01
7.606720324377358455e-01 -2.401320024798959119e-01 1.163024793235107879e-01
7.609520155331492841e-01 -2.387577120225727323e-01 1.154911570296437429e-01
7.556070021634578859e-01 -2.285849764631837366e-01 1.445678038548603439e-01
7.606944316310644272e-01 -2.401096506749987314e-01 1.163795808546721489e-01
7.604413314415097158e-01 -2.415292797625362420e-01 1.171875315412789220e-01
7.607744620988547979e-01 -2.402310929057449029e-01 1.160649300130947026e-01
7.606467145611465197e-01 -2.400381749799549158e-01 1.165251534942925993e-01
7.556960065518318892e-01 -2.286645352801680020e-01 1.442515902475149936e-01
7.556235161822140167e-01 -2.302812478020787035e-01 1.444024419000478066e-01
7.555533432205556732e-01 -2.301807395021170100e-01 1.446407716268791610e-01
7.608705034150720081e-01 -2.387100820760279241e-01 1.156355938922031257e-01
7.606317383300662538e-01 -2.400773754110931968e-01 1.164620090751526948e-01
7.607282869796574420e-01 -2.401812650236337943e-01 1.161877117960914418e-01
7.604049363007485685e-01 -2.414655345142781573e-01 1.173886886546491315e-01
7.605807024729133170e-01 -2.399797513568102669e-01 1.167072018448800375e-01
7.555184683302342830e-01 -2.301128889565020597e-01 1.447932740320458933e-01
7.604524870318949414e-01 -2.415515253804772500e-01 1.172083890314026267e-01
7.555403106243729905e-01 -2.301526744838058580e-01 1.447522069490700947e-01
7.607516644022226382e-01 -2.402105488967596902e-01 1.161241694662717983e-01
7.555151620959877912e-01 -2.301100920009314654e-01 1.448080723872513520e-01
7.609835813284933081e-01 -2.388296030164956951e-01 1.153138082298428291e-01
7.605394938907027447e-01 -2.416632558772116579e-01 1.168056617413744114e-01
7.609126527596116185e-01 -2.387093749328553227e-01 1.156299139398784259e-01
7.606518452703416866e-01 -2.400957245235442739e-01 1.163930325248927478e-01
7.610802759687542718e-01 -2.370351396062075622e-01 1.146659855312675003e-01
7.613563278368592480e-01 -1.958702404206693060e-01 1.028395776232688963e-01
7.383638867392480210e-01 -1.060308344313353190e-01 1.229879284686372642e-01
7.244989492776543472e-01 -7.185478916227783230e-03 7.627979071260848620e-02
6.952802202546656263e-01 7.231582253021001661e-02 1.013623465246646926e-01
6.663320326432944363e-01 1.448863276932239597e-01 1.142074725854038686e-01
6.436871090354084890e-01 1.873953589711785384e-01 1.463396550054667511e-01
6.331044670294880827e-01 2.216629496968985369e-01 1.551414968120037319e-01
6.285427966948017309e-01 2.299620605114252592e-01 1.766250301192171523e-01
6.290793882138699944e-01 2.343798178331554238e-01 1.746503299945429966e-01
6.296751401063204190e-01 2.399919562504291837e-01 1.724595984675287852e-01
6.328905247046455740e-01 2.412083867311031193e-01 1.714626196481472409e-01
6.384671758252024043e-01 2.393862820389270341e-01 1.735912325901209918e-01
6.376253898018493516e-01 2.314094079713671648e-01 2.044204234841815460e-01
6.316560817022487395e-01 2.268108905897289751e-01 2.302359851072466324e-01
6.288266001804961869e-01 1.957876792086809536e-01 2.575809245549611770e-01
6.301766997215538790e-01 1.654942301776707314e-01 2.504665565923496207e-01
6.258061282883866649e-01 9.724398760785168960e-02 1.958669581300087614e-01
6.095142441999048533e-01 5.303160101890563860e-02 1.775829697295592258e-01
5.611178756180457139e-01 1.227024217355998648e-02 1.004055720682266450e-01
4.783216357612505298e-01 5.138918868795083750e-03 9.645047344588242311e-02
4.031210429847463805e-01 -7.168153190076298475e-03 6.906198936958229950e-02
2.945053306933194115e-01 -1.644578809492286409e-02 7.027360784798553084e-02
2.055117791896223789e-01 2.377209367531540884e-02 1.428446936054110772e-01
1.395753406490862769e-01 8.170312405699492464e-02 1.490976414823264040e-01
7.667160096540454051e-02 1.518758958548605542e-01 1.295119041188148579e-01
3.115867380804421272e-02 2.599702568492889276e-01 1.860525803469150752e-01
1.539705583992001525e-02 2.942852446710467751e-01 1.982654962905585627e-01
-8.268990317821578451e-03 3.242423593730330844e-01 1.648951426566540590e-01
-2.925822585541015819e-02 3.586512893270255020e-01 1.540833154066620914e-01
2.837912903547179511e-04 3.697557820561528930e-01 2.753906616057573142e-01
-3.306786148385998381e-02 3.882096317197680779e-01 1.888804003855883984e-01
-3.810981130158896946e-02 4.095926995618343058e-01 1.795038873556971115e-01
-3.422459709739689160e-02 4.158290187019706430e-01 2.207619201104102924e-01
-6.261034121062769575e-02 4.226548296823501860e-01 1.557096562230704251e-01
-1.151906179393535901e-02 3.803768851606249557e-01 2.331672875819206237e-01
4.953299999999999925e-01 2.731419999999999959e-01 1.578349999999999920e+00
4.953299999999999925e-01 2.731419999999999959e-01 1.578349999999999920e+00
4.953299999999999925e-01 2.731419999999999959e-01 1.578349999999999920e+00
4.976391502497201635e-02 3.747142619706987920e-01 4.599810396219075059e-01
-7.311412576948406183e-02 4.065361774402856399e-01 1.384143684481442538e-01
-5.729473811479812717e-02 3.846942135444283428e-01 2.927366700937510391e-01
-4.607163308326012174e-02 3.282996233716607426e-01 3.742453748758793886e-01
-2.779598621540080305e-02 2.708420456213355143e-01 4.414919606083811399e-01
-2.091927020294681583e-02 2.170954835986793618e-01 4.453950309582561662e-01
-1.866562449204911545e-03 1.612837081545889228e-01 4.493673869229524165e-01
5.860108849562412070e-02 1.029761885962188206e-01 5.090571606301217411e-01
1.130892774548441504e-01 6.540160399701447358e-02 5.293441528763271897e-01
1.824543139239758194e-01 3.934843507789823058e-02 5.503779761290050754e-01
2.555252507322172129e-01 -1.016118580588187825e-02 4.538922482756087007e-01
3.887332850897214920e-01 -3.694386569002672260e-03 5.563517818157406314e-01
4.667340804934702603e-01 -3.913325286130972525e-02 5.140279505415104033e-01
5.229113160084281064e-01 -9.061902759108320105e-02 4.272971033574548549e-01
5.824032953442885852e-01 -1.489400612495093978e-01 3.450581908189616076e-01
6.409687891542613647e-01 -2.140336027891486248e-01 1.872292339514121107e-01
6.537023127108394505e-01 -2.244052436331211986e-01 1.602706115299998846e-01
6.575678352875411470e-01 -2.105855963262915076e-01 1.867915816630509873e-01
6.696889735776394570e-01 -2.416635320270210108e-01 1.346211360898821319e-01
6.695827497316301224e-01 -2.533851488839238830e-01 1.057586109372958827e-01
6.557719494799614246e-01 -2.368605943874865227e-01 1.651752746984287423e-01
6.611119792287319941e-01 -2.668348009860962433e-01 1.121628260967550972e-01
6.529645388925791050e-01 -2.680625594109296017e-01 1.467705483913184228e-01
6.485586220027476090e-01 -2.749520630687474765e-01 1.514027596651330576e-01
6.458419385827958159e-01 -2.959324287093579864e-01 1.611131009256243640e-01
6.437958896162360167e-01 -3.142627745487987512e-01 1.686170802717221751e-01
6.398192055393785438e-01 -3.217208136501014115e-01 1.711466852855161314e-01
6.403890047754079440e-01 -3.428369976206421255e-01 1.812781522540765078e-01
6.399245129107534735e-01 -3.475549340365230444e-01 1.827840199569226165e-01
6.378636877195298371e-01 -3.651514943471550478e-01 1.911167831726701127e-01
6.375597441154301492e-01 -3.681408080210089029e-01 1.923381695779053935e-01
6.374918238435238749e-01 -3.681474000213742492e-01 1.925144671446845646e-01
6.376572543500305112e-01 -3.685549515032470191e-01 1.914559991549700246e-01
6.379431584489643203e-01 -3.635115579324066371e-01 1.907466264213681928e-01
6.383496752209633085e-01 -3.609400805619656372e-01 1.886008532266871818e-01
6.412988545178204269e-01 -3.696628853889106781e-01 1.612875362537575796e-01
6.419655038037122008e-01 -3.656163507162034643e-01 1.582952370598376124e-01
6.421760984177142806e-01 -3.642248901452421750e-01 1.573661557005121558e-01
6.423555071754067924e-01 -3.628145831048488201e-01 1.563914166364832603e-01
6.424251910116285380e-01 -3.629507479928731906e-01 1.560620848421856444e-01
6.422074680803537827e-01 -3.641440670102834565e-01 1.574160878032921929e-01
6.422766952775598170e-01 -3.645371557312905297e-01 1.566663668150634070e-01
6.420408278011650038e-01 -3.657299918625354085e-01 1.578879443615957001e-01
6.419823843917816797e-01 -3.656132405515908346e-01 1.582630547822936329e-01
6.415314363823741983e-01 -3.682946725106537311e-01 1.602216487220302632e-01
6.420099109245925861e-01 -3.656880126579999946e-01 1.580194202232194645e-01
6.449537127754271237e-01 -3.785694970915018942e-01 1.293950875694334091e-01
6.415335299253255297e-01 -3.683010230624079173e-01 1.603936727785182370e-01
6.381420846468299768e-01 -3.619651090312301367e-01 1.899950400967849173e-01
6.382821528694182511e-01 -3.621708546751141178e-01 1.895941284814910421e-01
6.386467895808309869e-01 -3.594438391899764107e-01 1.877411218360141021e-01
6.385892208995223029e-01 -3.594468874498307209e-01 1.877898930633155050e-01
6.386022589950740569e-01 -3.594167870938479448e-01 1.877489190052628043e-01
6.385853881071358318e-01 -3.594589593087732515e-01 1.876821297731741112e-01
6.385006972634404976e-01 -3.592252014548777961e-01 1.881663218175335661e-01
6.413590094204276726e-01 -3.696927275705634841e-01 1.612729862616315568e-01
6.384955778226196754e-01 -3.592825778544842530e-01 1.880829185367645096e-01
6.385258613588095100e-01 -3.593243712505101994e-01 1.881163831778049911e-01
6.384925820400804142e-01 -3.593374309594630223e-01 1.880404543610261214e-01
6.385768487295091500e-01 -3.576514100856482692e-01 1.878956899400472391e-01
6.412713894798547365e-01 -3.695516924107074552e-01 1.616377729665054996e-01
6.413134138299703135e-01 -3.696208851077258384e-01 1.614366171542793715e-01
6.385540921132146774e-01 -3.594385377530753267e-01 1.879640533516704348e-01
6.385803197884499793e-01 -3.594894503145813491e-01 1.878104113313348034e-01
6.385762695792704946e-01 -3.594812430085539967e-01 1.877663183876230324e-01
6.385042573070942584e-01 -3.593251730528771448e-01 1.880800098292230160e-01
6.385464490858882014e-01 -3.593605060899257575e-01 1.879151387086674951e-01
6.384756652199536919e-01 -3.593361097089945999e-01 1.881255290660901469e-01
6.385633625262290280e-01 -3.594207609974146012e-01 1.878073569345251048e-01
6.382958433149129585e-01 -3.606035697779655935e-01 1.890727277631059078e-01
6.384909283657789203e-01 -3.592659015909135389e-01 1.882764873288900187e-01
6.385448846710353177e-01 -3.593926937622427542e-01 1.880506774288193128e-01
6.384087608344882758e-01 -3.609523984759152038e-01 1.884688067803157452e-01
6.383551337867915398e-01 -3.607932221639752468e-01 1.889227210572270721e-01
6.383940907158166533e-01 -3.609777158563732824e-01 1.885131767831040861e-01
6.383245660320550074e-01 -3.606977454785406101e-01 1.890614565110788625e-01
6.381547634754002329e-01 -3.621160255106090631e-01 1.896442902329293911e-01
6.382305300185382446e-01 -3.623045343104004390e-01 1.893411118278771621e-01
6.383656642117172542e-01 -3.608021952043473091e-01 1.888568725739105947e-01
6.385197170432149738e-01 -3.593840493701397909e-01 1.880522490979612549e-01
6.384600018383412845e-01 -3.591980952824055384e-01 1.884719850558027598e-01
6.384137442633003312e-01 -3.609874328120052378e-01 1.884960787553802142e-01
6.385127856330157226e-01 -3.593158394444286863e-01 1.882180375017969975e-01
6.383642850832342841e-01 -3.607779099524617283e-01 1.888601784808516815e-01
6.383993552478134381e-01 -3.609522103262543524e-01 1.885586462432236043e-01
6.385349284943013792e-01 -3.593701333570480383e-01 1.880744425800875419e-01
6.384725666205793848e-01 -3.593054290470778511e-01 1.883001206812009443e-01
6.384734200974822027e-01 -3.592652368782758288e-01 1.882614592715083912e-01
6.386269233268767609e-01 -3.595479057591557392e-01 1.877096008689000950e-01
6.385292677934288896e-01 -3.593850900439917728e-01 1.879865989574283081e-01
6.383676554267734282e-01 -3.608419731090068416e-01 1.887219134247586361e-01
6.384838048482328610e-01 -3.591846592567264351e-01 1.885171693589013930e-01
6.384115512849062313e-01 -3.609307749741971216e-01 1.885400220554245276e-01
6.384716444148152981e-01 -3.591782709621190728e-01 1.883961228731914073e-01
6.384692203772812658e-01 -3.592139450488984198e-01 1.884607284380837022e-01
6.383642568839907883e-01 -3.608601734115481352e-01 1.887139892108200545e-01
6.383551052643210433e-01 -3.608183106233179283e-01 1.888776412668629057e-01
6.383867450897455775e-01 -3.609303577347099390e-01 1.885933428269477297e-01
6.385160932759195163e-01 -3.594051586047708469e-01 1.880509160268470925e-01
6.384276255182563808e-01 -3.611000562801659486e-01 1.882640229857801550e-01
6.383295474961578897e-01 -3.608023289532661382e-01 1.888254816433818650e-01
6.385346466886668848e-01 -3.594321635895668665e-01 1.880172528863295334e-01
6.382541379641920587e-01 -3.604338765656053822e-01 1.894416901963158484e-01
6.383987759091824810e-01 -3.609734698421657173e-01 1.885330299217358174e-01
6.385006555825352148e-01 -3.593411099528074359e-01 1.882168286204037866e-01
6.384191002277612714e-01 -3.609615620293319393e-01 1.886150536605983863e-01
6.382164242135167642e-01 -3.623191720720827513e-01 1.892998499432949622e-01
6.382241444195448921e-01 -3.622676238617896782e-01 1.893190107450095638e-01
6.384770820958286519e-01 -3.611365479057132566e-01 1.882102539213821313e-01
6.384579806140034952e-01 -3.592217456298768541e-01 1.884273773394660179e-01
6.383776276733815758e-01 -3.609354072031975003e-01 1.886671870017972985e-01
6.381786900308341615e-01 -3.622047085151672285e-01 1.895082749581320503e-01
6.382861516782224465e-01 -3.606110410718023629e-01 1.892560270882188700e-01
6.380945726509124061e-01 -3.620310705992281219e-01 1.899159902540430434e-01
6.383598377922952150e-01 -3.608314000372588315e-01 1.887983245860815895e-01
6.383950314647287572e-01 -3.609282748037576649e-01 1.886633094150347301e-01
6.383637339827596957e-01 -3.608490117699503230e-01 1.886751539242355058e-01
6.384557971662848663e-01 -3.592202712596952452e-01 1.883968415769472493e-01
6.383724390075087296e-01 -3.609375714480578257e-01 1.885866267400235774e-01
6.383965513701796990e-01 -3.609907510879635795e-01 1.884350767030595897e-01
6.384183428948522199e-01 -3.610578599597215055e-01 1.883035937187611530e-01
6.383188346885620978e-01 -3.608092787442505056e-01 1.889114461487471086e-01
6.383228533359527335e-01 -3.608216009919344991e-01 1.888765030774381959e-01
6.382257933551490625e-01 -3.603891161800324427e-01 1.895272178124904894e-01
6.384419884511589594e-01 -3.592244641706645591e-01 1.884463644248572933e-01
6.383683708083212061e-01 -3.608442480338215352e-01 1.887273465646237547e-01
6.383954599460333057e-01 -3.609312612360119910e-01 1.885791523978395112e-01
6.383563564449995509e-01 -3.608666352359056195e-01 1.887207882647379265e-01
6.383861511547535006e-01 -3.609524130136072539e-01 1.885597910219385387e-01
6.384310692359924655e-01 -3.610136513514518586e-01 1.883842742749213262e-01
6.381512519864738220e-01 -3.621820653326511263e-01 1.896052228337614665e-01
6.384400183424204789e-01 -3.610424227889179605e-01 1.883724384270593077e-01
6.381113435204148754e-01 -3.620474248532354333e-01 1.898033680456072680e-01
6.384071197421431476e-01 -3.609976441593468199e-01 1.885683598773151282e-01
6.383788781347632391e-01 -3.608915444286465712e-01 1.888090733692524559e-01
6.383886624165803214e-01 -3.608818488661944546e-01 1.887297741550728603e-01
6.385963234186946558e-01 -3.594132251986563720e-01 1.879750562132596059e-01
6.385910071286677869e-01 -3.575477426981628071e-01 1.879174298649102237e-01
6.419218767370253875e-01 -3.653061659277379025e-01 1.588797183872743268e-01
6.426988149782866255e-01 -3.616460721932351352e-01 1.549756673650160010e-01
6.428979114922791505e-01 -3.582167811664342949e-01 1.545367026168003033e-01
6.373903650309264979e-01 -3.451468494652509267e-01 1.793702023209780005e-01
6.373740794554889622e-01 -3.430120683204233023e-01 1.798041900095639356e-01
6.378984074228495338e-01 -3.365868259825706144e-01 1.782314891706213711e-01
6.384550053818315307e-01 -3.321660535543560777e-01 1.758952714434727227e-01
6.396498780938089102e-01 -3.236515081612467704e-01 1.709058916191130706e-01
6.789341631860286164e-01 -2.042260771598964630e-01 1.541524190326570842e-01
6.794628364678353405e-01 -2.032545374882370193e-01 1.520663339604944042e-01
6.795074887636691763e-01 -2.033158213514238422e-01 1.518004293916699332e-01
6.861987973951071407e-01 -2.109329254936277431e-01 1.246584860475614676e-01
6.798028242247223796e-01 -2.003531274874061074e-01 1.506211818816975967e-01
6.799636623940080726e-01 -1.988609290241449834e-01 1.497934434010741445e-01
6.834854994145810325e-01 -2.061583407547026570e-01 1.224737434511198320e-01
6.778052088162749289e-01 -1.915291144511103161e-01 1.450747989148719608e-01
6.776110581958710855e-01 -1.910371536609232201e-01 1.460486304473460617e-01
6.810188488213181346e-01 -1.998875230347961218e-01 1.185736031043842509e-01
6.775194472502589216e-01 -1.909676606992780912e-01 1.460546225608856385e-01
6.774766380146086675e-01 -1.908959568032696508e-01 1.463978599413120474e-01
6.776112673204451875e-01 -1.910961578228175251e-01 1.460904081686660305e-01
6.774626900561928622e-01 -1.925036425739824197e-01 1.473234067495974298e-01
6.772810884515017005e-01 -1.921909081939086050e-01 1.483503268303894007e-01
6.837987133488296898e-01 -2.030152333318218649e-01 1.214234171648775895e-01
6.798470080552071471e-01 -1.987061701912879452e-01 1.500725906896696049e-01
6.795278119023353547e-01 -1.999046700684427580e-01 1.516616096263123659e-01
6.796546933578073713e-01 -1.984070081687419884e-01 1.511378685956226153e-01
6.796297113526731382e-01 -2.001101521319001986e-01 1.509897357884377733e-01
6.795475452378422210e-01 -1.999686888079493796e-01 1.514143115100592407e-01
6.797328255244999839e-01 -1.985162128219753186e-01 1.507427176245210720e-01
6.797630394565939982e-01 -1.985376743221133888e-01 1.506455780107451847e-01
6.797458367359370257e-01 -1.985358432384878302e-01 1.507485448312131382e-01
6.795417750218272213e-01 -1.999299955197721412e-01 1.515417776890799484e-01
6.796384081995010540e-01 -1.983897581532895749e-01 1.511104507486493720e-01
6.797810418833553081e-01 -1.986308432091325460e-01 1.503292265561624319e-01
6.798055271701991531e-01 -1.986412353188394819e-01 1.502714416441111034e-01
6.798496067551552668e-01 -1.987022913769334320e-01 1.501430500078781982e-01
6.795763817144304664e-01 -2.000188728956281969e-01 1.511941588023109073e-01
6.795956081670403437e-01 -2.000850971063971029e-01 1.510441547076581958e-01
6.796649938812195924e-01 -2.002034931683539798e-01 1.507292796915264965e-01
6.798538839478790452e-01 -1.987698620351552870e-01 1.500445135781793837e-01
6.797128584361999959e-01 -1.984871885664760693e-01 1.508651202794863977e-01
6.795920506627053381e-01 -2.000953637217581238e-01 1.510686625005439598e-01
6.797373371957540211e-01 -1.985238093124031822e-01 1.507390997400579469e-01
6.797438751977056270e-01 -1.985367999092787494e-01 1.506322194631337652e-01
6.797628839935481171e-01 -1.985703121363967261e-01 1.505533891163690630e-01
6.797356372311800232e-01 -1.985356250597536676e-01 1.506617743518428032e-01
6.794973776557952094e-01 -1.999528573479056326e-01 1.515161529809430085e-01
6.797394686526000429e-01 -1.985810185481905465e-01 1.505842818636804470e-01
6.797534246591687701e-01 -1.984920008577555628e-01 1.506422183510676138e-01
