6.597028447727858458e-01 -2.063807957211133415e-02 1.873418501329600083e-01
6.689234417517573306e-01 -3.359895421171188445e-02 1.347547865678622170e-01
6.628503885331571421e-01 -2.786498832146822036e-02 1.603530690759702448e-01
6.656413595873266198e-01 -2.624360574127732049e-02 1.623061936845837661e-01
6.597582120257228233e-01 -2.226743421807880763e-02 1.865504688128365451e-01
6.597434195018261338e-01 -2.220740628017486840e-02 1.867184584396333058e-01
6.691055984674304513e-01 -3.380469821032877631e-02 1.335665271374182339e-01
6.598467233756661887e-01 -2.073192628413439431e-02 1.865237491790294744e-01
6.656197000846684197e-01 -2.771729129129646418e-02 1.620773267906276960e-01
6.657486633820652866e-01 -2.790338590450580636e-02 1.614965784132105231e-01
6.597903597246885798e-01 -2.073156027287242908e-02 1.866844746072471306e-01
6.597532704735517006e-01 -2.066964809483284871e-02 1.870309884435354952e-01
6.691288109078497026e-01 -3.379574912485483473e-02 1.335614264498070636e-01
6.624758241034001127e-01 -2.210809394294022123e-02 1.884758788410230146e-01
6.631380385871737948e-01 -2.484639080333705952e-02 1.592283337251707565e-01
6.631161060717880584e-01 -2.480712006831170546e-02 1.593026371244579131e-01
6.630801961046040027e-01 -2.321065364123875430e-02 1.596099502456560515e-01
6.632383301085204019e-01 -2.338523227757216549e-02 1.589600624060913958e-01
6.690825425108759550e-01 -3.206441951239108468e-02 1.342958359179422523e-01
6.716946165760159237e-01 -2.958763718967133416e-02 1.637796638110651237e-01
6.867665989898443790e-01 -5.259851746918253745e-02 1.148123382204397913e-01
6.895714190713704284e-01 -6.083010777238007094e-02 1.167831874790785651e-01
6.961925756878941662e-01 -7.068160838553305680e-02 9.040704461161630512e-02
6.911349504777819508e-01 -5.720630239567159325e-02 1.502965761332497596e-01
6.877286191931426540e-01 -5.273185947814579277e-02 1.759152392991480962e-01
7.007157581732184060e-01 -5.771815507276356616e-02 1.510858574589968306e-01
7.191344735072702221e-01 -6.862671341004961123e-02 9.306117373402256199e-02
6.948200131515741562e-01 -4.574187212677299774e-02 1.730918000906156440e-01
7.031808358503341960e-01 -6.623594327294823891e-02 8.935277571221589277e-02
7.005577445569634021e-01 -6.146565535791215229e-02 8.639909302863935103e-02
6.894923163125157295e-01 -5.005567183248699203e-02 1.437079192314520970e-01
6.891080273751228891e-01 -5.297606851100916669e-02 1.451182473494632141e-01
6.920019314177452419e-01 -5.299073820400235224e-02 1.465189945991722809e-01
6.920731684698373520e-01 -5.470916001065073697e-02 1.461097581749857266e-01
6.956669162163257036e-01 -6.091053879015145833e-02 1.189807840046956944e-01
6.918104577981740722e-01 -5.608109678183492708e-02 1.473687653690725075e-01
6.915515942775160019e-01 -5.576758997258540740e-02 1.485660230617986688e-01
6.920793463398426937e-01 -5.475702806872129180e-02 1.460192309812229361e-01
6.957405575954467292e-01 -6.095161109751462414e-02 1.188262855140402863e-01
6.918506580430716646e-01 -5.617695231418307067e-02 1.470298362251698521e-01
6.956735863527208075e-01 -6.088814753507071353e-02 1.190969977084008757e-01
6.925958636040538963e-01 -6.087881945268813766e-02 1.182852411208030752e-01
6.893456491692274701e-01 -6.055445795699954115e-02 1.182600899358050572e-01
6.965444366270809873e-01 -6.581352194584905169e-02 8.914724577599764110e-02
6.890389196639984393e-01 -6.197574054439364266e-02 1.194968112073688804e-01
6.923541422927618205e-01 -6.054757618367667682e-02 1.192476526245591639e-01
6.924383441367834013e-01 -6.067701820850368577e-02 1.192956606910691164e-01
6.923850700334220898e-01 -6.058041602194308428e-02 1.192432518813684172e-01
6.888276036960959692e-01 -5.443795864827932762e-02 1.463401890981539388e-01
6.924337336017311051e-01 -6.066619972847403508e-02 1.190238730058059691e-01
6.924191372007548750e-01 -6.060873325085636143e-02 1.189849578489394766e-01
6.925270529523580576e-01 -6.077057039411359884e-02 1.187873671764521077e-01
6.929048491079061733e-01 -5.954250939096505935e-02 1.166412540191261726e-01
6.925082438832759202e-01 -6.071393483421205772e-02 1.187768272796658753e-01
6.924095442789017785e-01 -6.076349859823287902e-02 1.191390803780867369e-01
6.883426425795614589e-01 -5.719704311701651056e-02 1.485488270215808981e-01
6.980189804750620564e-01 -6.709524119390541941e-02 1.228510127683595243e-01
6.913555955621599747e-01 -5.743510985301431004e-02 1.492851696402981432e-01
6.981668400613576519e-01 -6.562318494744595609e-02 1.223914139034329995e-01
6.870938915744960740e-01 -5.378310577163097905e-02 1.784871917049644097e-01
6.882216698587119152e-01 -5.715633129110930799e-02 1.488704371076285948e-01
6.923613439853757434e-01 -6.055310313896827834e-02 1.194166217208743053e-01
6.857326685184687021e-01 -5.252454556061331159e-02 1.459223426954479041e-01
6.897479116252362985e-01 -5.244521586979922212e-02 1.172304655562235176e-01
6.895903808668701895e-01 -5.221367197081444589e-02 1.179937468049003790e-01
6.834633465396164897e-01 -4.321577566979822871e-02 1.425590430058136793e-01
6.900752812481523168e-01 -5.112626268677417096e-02 1.154033664828792993e-01
6.900584430276333059e-01 -4.935921521331365636e-02 1.158688152803615257e-01
6.897969587986498841e-01 -5.412588454428313156e-02 1.168433331092582073e-01
6.895965078618616628e-01 -5.050167524407805919e-02 1.185035220610082263e-01
6.856214473238140261e-01 -4.736225309461350452e-02 1.474379177994742385e-01
6.898862488007485583e-01 -5.424901363052425651e-02 1.164587606216744842e-01
6.899479477526904159e-01 -5.436015278187389388e-02 1.159117111828060764e-01
6.892779347052067074e-01 -5.355872138400374904e-02 1.195438890706688184e-01
6.857556012957841673e-01 -4.756111506618554419e-02 1.463580004860043360e-01
6.861676771573871347e-01 -4.641138767708830049e-02 1.443328023102192770e-01
6.859068375129043771e-01 -4.940436079746485243e-02 1.452850381320802686e-01
6.859036982435822161e-01 -4.943036703470343740e-02 1.453187456259279475e-01
6.857379916251391538e-01 -4.755818818077439669e-02 1.463707643985645568e-01
6.863144910994350978e-01 -4.650181135608250083e-02 1.437520053299798928e-01
6.897250665351062349e-01 -5.237597357253725994e-02 1.175032674178986269e-01
6.856771353792399104e-01 -4.748073368899519142e-02 1.466919157460986334e-01
6.856740812853963085e-01 -4.747634377543624717e-02 1.469653798870591555e-01
6.858531484320820049e-01 -4.932871231953794844e-02 1.455592670819685353e-01
6.903448205684482586e-01 -5.307221127341688049e-02 1.142194545521899585e-01
6.898344006340413337e-01 -5.419645647513865461e-02 1.166897188458635437e-01
6.857016607671111430e-01 -4.745916779714820510e-02 1.466882194685683594e-01
6.857801156890095395e-01 -4.922305199754239968e-02 1.460203448210684041e-01
6.898030202852249992e-01 -5.245453835797309061e-02 1.170799420073269648e-01
6.858269277842848899e-01 -4.758540905205904670e-02 1.462970145159603330e-01
6.856760396646499611e-01 -4.744099038365479082e-02 1.466575715126485768e-01
6.858225106051116793e-01 -4.928349100083112555e-02 1.458835091712966658e-01
6.900970326659352505e-01 -5.114608219775557130e-02 1.153035457977635847e-01
6.896199672829090854e-01 -5.229895075450835540e-02 1.177122047481402589e-01
6.901502542399048368e-01 -5.289096296158429800e-02 1.149137894687086714e-01
6.897536025720982789e-01 -5.412260397440193938e-02 1.169745163067354987e-01
6.896836025575399098e-01 -5.063069689479465785e-02 1.178131568164555443e-01
6.902448284572899606e-01 -5.300376653669769400e-02 1.145534773307486098e-01
6.900843292701959175e-01 -5.112344930624962425e-02 1.156733250767589816e-01
6.898096365825534537e-01 -5.246193736208976111e-02 1.169647564445779331e-01
6.898330900457411152e-01 -5.420003121747074548e-02 1.168067710895777100e-01
6.908878776776462560e-01 -4.856087743881337682e-02 1.117434862278146035e-01
6.857225611637354223e-01 -4.753576236657791609e-02 1.465804198261335678e-01
6.899941980148553977e-01 -5.100946202723677381e-02 1.161164375444130314e-01
6.896646215076357445e-01 -6.110986926147338183e-02 1.157128685910804311e-01
6.760009984869956856e-01 -3.095761618077730315e-03 2.105222670458855028e-01
6.613258645193547114e-01 1.112649668160379246e-01 2.360895339512303348e-01
6.609234405548661817e-01 1.817649617148935914e-01 2.284055131735398536e-01
6.688733650237171924e-01 1.997908409809768804e-01 1.972535038042679822e-01
6.700812187623500504e-01 2.096903423725963167e-01 1.929045201176582403e-01
6.543987698375254292e-01 2.251897442564667062e-01 2.331978839758499511e-01
6.514829202916354589e-01 2.268035242831409337e-01 2.338224630987124630e-01
6.600201127526461597e-01 2.241074252849221127e-01 2.101839682631880812e-01
6.628626103030115235e-01 2.238356214181482784e-01 2.107482391725048476e-01
6.419446199305445244e-01 2.144462234795391220e-01 2.605550522521122847e-01
6.179809387302890311e-01 2.012555395650119094e-01 2.636228646216265403e-01
5.711510677241220524e-01 1.839147205496282078e-01 2.184564454879931450e-01
4.934768480707663607e-01 1.716229174804054236e-01 2.405472122586060912e-01
3.768293458688467545e-01 1.806292089533210188e-01 2.544196161594791672e-01
3.116080548229097635e-01 1.886491925134957115e-01 2.518263635791748722e-01
2.441267824224114258e-01 2.180986162077486745e-01 3.235603224462004768e-01
1.884888268618285512e-01 2.402553889405131260e-01 3.347659637461930515e-01
1.485218614492118672e-01 2.719382870404123409e-01 3.434212512597349942e-01
9.620561698276397511e-02 3.022548797189593683e-01 2.754153209436924765e-01
5.875340044940713380e-02 3.300256686534882022e-01 2.863700258027732648e-01
3.651840936382999558e-02 3.486461796213389808e-01 2.825608829744874484e-01
2.873802882212395104e-02 3.551258380320667651e-01 3.015167040230035678e-01
1.640629952025418614e-02 3.784182313936352848e-01 3.320389523733195958e-01
-5.280845680451395907e-03 3.987882953432202449e-01 3.066484483140168305e-01
-2.776963054370917838e-03 4.087264665830731003e-01 3.197138059661686071e-01
4.953299999999999925e-01 2.731419999999999959e-01 1.578349999999999920e+00
6.049880419751402227e-02 3.838559771575927870e-01 5.068294449811040492e-01
4.953299999999999925e-01 2.731419999999999959e-01 1.578349999999999920e+00
4.953299999999999925e-01 2.731419999999999959e-01 1.578349999999999920e+00
-1.251038714738964552e-01 4.341926379359960508e-01 -2.464227724754208815e-02
-1.124519805362343972e-01 4.340563161364793809e-01 2.970472111986288688e-02
-1.065462691615700619e-01 4.321431143571138334e-01 2.939093083518162786e-02
-1.161105520398616475e-01 4.335824068343043791e-01 -2.654969805560725149e-02
2.178799666607389440e-02 3.818617573527693931e-01 3.502755877053795874e-01
4.953299999999999925e-01 2.731419999999999959e-01 1.578349999999999920e+00
4.953299999999999925e-01 2.731419999999999959e-01 1.578349999999999920e+00
-6.038972366470096720e-02 4.011444595186114404e-01 2.764184315111637424e-01
-3.899198910204182411e-02 3.371956982133984537e-01 3.136605142463206874e-01
-1.608887936183212020e-02 2.776866730028391128e-01 3.541869663249075373e-01
-1.426745394039308223e-03 2.292205198058784310e-01 3.505498952303855997e-01
1.803698596007818900e-02 1.847569259591102520e-01 3.271721238906741824e-01
5.282569947844739655e-02 1.674024490903914253e-01 3.516842518444029952e-01
7.929199753782750770e-02 1.726825654915571939e-01 3.479987448569774600e-01
1.293190885301649939e-01 1.767100228326916600e-01 3.616336724934190450e-01
2.308843419689297627e-01 1.434901575793325890e-01 3.935144301408259881e-01
3.467247575882643762e-01 9.714519155913592385e-02 3.926045008186145324e-01
4.615171941603220529e-01 7.553388403316585453e-02 3.261781250910231744e-01
5.938375142302573240e-01 6.210485119380060315e-02 4.101104143792555501e-01
6.690039013108611821e-01 -1.409775847427541251e-02 2.960163818746581743e-01
7.015974015475943126e-01 -8.014306584351138518e-02 2.532908757417966505e-01
7.230863501132689386e-01 -1.150900640554036736e-01 2.425655394548376087e-01
7.643912970846018506e-01 -1.392937982679358089e-01 1.366228408299405839e-01
7.633592968167974835e-01 -1.241549185055829674e-01 1.288148518157068434e-01
7.555110610485598066e-01 -1.150428439829461191e-01 1.546131508891235296e-01
7.542639803759515482e-01 -1.189215804852842839e-01 1.255771130853444717e-01
7.409039214050382460e-01 -1.018354326174631397e-01 1.485765781458623369e-01
7.418938014121413405e-01 -9.608082644105703229e-02 1.450515911547949344e-01
7.396202308666169900e-01 -9.512829206410045035e-02 1.751318247633755210e-01
7.421516754148721473e-01 -9.969098648441582222e-02 1.774150331858745933e-01
7.466633901755616032e-01 -1.082536725237406849e-01 1.514119928036350426e-01
7.364545811867654335e-01 -9.332873541681468987e-02 1.404565081481023991e-01
6.966638417455047749e-01 -5.116118060350421937e-02 1.793865432817742800e-01
6.337409873506516522e-01 -4.643052665993518957e-03 2.313369369046269775e-01
6.355035245705425995e-01 -1.962341660594940640e-02 1.233573891801982292e-01
6.395747764563769477e-01 -1.002944518333670487e-02 1.499449002535506725e-01
6.369726302557467967e-01 -6.292166993975611966e-03 1.763455284592985173e-01
6.423446164421289239e-01 -1.082479054039720001e-02 1.799322009335084793e-01
6.508459633450089932e-01 -1.936305155965684088e-02 1.567897410220442378e-01
6.635336940264761063e-01 -3.140617786453658855e-02 1.011306774416014242e-01
6.636744006533652485e-01 -2.993824116335808139e-02 1.007267672729998953e-01
6.636071531304597038e-01 -2.984105301879347305e-02 1.008890616579667387e-01
6.636499528333246190e-01 -2.988475172020499393e-02 1.007551065525069678e-01
6.512550299098760487e-01 -1.818969523604208050e-02 1.551677830551803083e-01
6.386819290791273529e-01 -1.485382614122326972e-02 1.821274612981571561e-01
6.290903414452806430e-01 -2.007430284874134330e-02 1.520643897952935752e-01
6.255376698585256579e-01 -2.097553825175763054e-02 1.548465041027120570e-01
6.341778280546367386e-01 -3.019241850073633993e-02 1.287820823673977433e-01
6.380248706263392799e-01 -2.251892808328570528e-02 1.842320588112771329e-01
6.645904279181957808e-01 -5.023436258302632629e-02 1.091430718956125645e-01
6.793845663470416962e-01 -5.224492010536779807e-02 1.447255892826124768e-01
6.815992836281538070e-01 -4.211497970616817632e-02 2.001838384981631247e-01
6.880623441633909598e-01 -4.814886605493723382e-02 1.749547279547511991e-01
6.888125829801172717e-01 -5.431990284635124233e-02 1.466932819116739672e-01
6.955112486374944725e-01 -6.066125121596449565e-02 1.200428221533433870e-01
6.891493469225913326e-01 -5.294962990999224628e-02 1.452381152466191150e-01
6.958392064158767099e-01 -5.933354167732596274e-02 1.187043781156018607e-01
6.957381219463050215e-01 -5.921270827539265591e-02 1.190305210720314921e-01
6.891329343916208217e-01 -5.295587038850785300e-02 1.453178271672261879e-01
6.972030982327849236e-01 -4.864272847080230999e-02 1.764259303017214897e-01
7.305164015105336528e-01 -6.622889637227352688e-02 1.614489689975708853e-01
7.664758326451390769e-01 -9.793808693451433456e-02 1.182294611826515407e-01
7.691392518018365099e-01 -1.044537496358304840e-01 1.204729023163721990e-01
7.610300269098818626e-01 -9.884326480080185551e-02 1.471329699693217918e-01
7.688997984431356070e-01 -1.059082334856465413e-01 1.212635081489181754e-01
7.689380906235159241e-01 -1.059820475337654444e-01 1.210075292084649146e-01
7.693132149183690149e-01 -1.045943102435320515e-01 1.195927756222054938e-01
7.693772772422611261e-01 -1.029345382053106772e-01 1.196640378804905147e-01
7.694168896619528741e-01 -1.029743570680990428e-01 1.194155340689009304e-01
7.693085935820549448e-01 -1.028485848821475979e-01 1.198166498895263388e-01
7.692765248648851806e-01 -1.028511877726390744e-01 1.199032557373262975e-01
7.694947575150071772e-01 -1.030562734694629445e-01 1.193058095357670823e-01
7.693794560795039761e-01 -1.029091714150830450e-01 1.196224745578877702e-01
7.693250897482604156e-01 -1.028976059714928337e-01 1.198292009329979813e-01
7.693973662094295562e-01 -1.029526510550081153e-01 1.196172268044173315e-01
7.692973568358928427e-01 -1.028310456805601181e-01 1.200063930152395208e-01
7.692991843145637887e-01 -1.028525175602211794e-01 1.200019560501730531e-01
7.694294137858271876e-01 -1.029976837588995608e-01 1.195156008286966109e-01
7.691065418745129945e-01 -1.043622989183142225e-01 1.205748101646400006e-01
7.691117156494915452e-01 -1.043572054944336136e-01 1.204537718584655082e-01
7.694102307275115793e-01 -1.030182171306014416e-01 1.195349575172393042e-01
7.693280766273200566e-01 -1.029111620233952307e-01 1.197824873530626277e-01
7.692330698023348567e-01 -1.028403069164529615e-01 1.202034252971924122e-01
7.692019966009676635e-01 -1.044627651512622935e-01 1.201500300268441013e-01
7.691662750044077068e-01 -1.044183010415360435e-01 1.203182451856545931e-01
7.692954140159129484e-01 -1.028496359175890551e-01 1.200245110346866984e-01
7.694593696618169387e-01 -1.030526143154575913e-01 1.192716644780256185e-01
7.692116497482597293e-01 -1.027800861383527109e-01 1.204207506768746327e-01
7.693369637489437807e-01 -1.028987319986969240e-01 1.198107534826799991e-01
7.694528029289692261e-01 -1.030147594170644498e-01 1.193584787627435251e-01
7.693500531799375430e-01 -1.028869270704984018e-01 1.198111618298440817e-01
7.691557282269299023e-01 -1.043921284907161628e-01 1.203943825733064799e-01
7.693478736353664971e-01 -1.029263522591665203e-01 1.197294510787612065e-01
7.693189555110484523e-01 -1.028904144622757588e-01 1.198035335038967197e-01
7.693304843941271010e-01 -1.028242826008200494e-01 1.198580261847583817e-01
7.694164751141636671e-01 -1.029341118803843713e-01 1.196615165244780954e-01
7.690581098825097772e-01 -1.043122638116478762e-01 1.207928717730282209e-01
7.690288995985269382e-01 -1.042799151657968770e-01 1.209081849253161867e-01
7.693429922886549921e-01 -1.028821201731562884e-01 1.199240841669468871e-01
7.693708925278812671e-01 -1.029252132576927159e-01 1.198343997479132117e-01
7.693911717906802838e-01 -1.030079709410444133e-01 1.195804410807081997e-01
7.690615142484962252e-01 -1.042939229990541561e-01 1.208326201663731947e-01
7.690486407461345486e-01 -1.042975281884819250e-01 1.208603735504940602e-01
7.692984104334175122e-01 -1.028692754097431661e-01 1.200148872512445397e-01
7.693679274742424301e-01 -1.029109732182025838e-01 1.195383479644445135e-01
7.613563330786883299e-01 -9.576762543568012598e-02 1.461876167084692479e-01
7.695802715608716094e-01 -1.015031176565885374e-01 1.187040009572684074e-01
7.693812512040049123e-01 -1.029681316717788730e-01 1.197154941859805977e-01
7.694012048661886816e-01 -1.029424242709576776e-01 1.195582746223686765e-01
7.692875757488518706e-01 -1.028729575900360627e-01 1.199458432505808858e-01
7.692087821033626316e-01 -1.027704702030196593e-01 1.203207048964238801e-01
7.692058593698323232e-01 -1.027548255206942596e-01 1.202654624686687601e-01
7.692265766560256735e-01 -1.027689028708785868e-01 1.203692145647630163e-01
7.693108884632616773e-01 -1.028681394672319449e-01 1.199776746573708586e-01
7.692885912026882211e-01 -1.028259349453597982e-01 1.199802963762504060e-01
7.694025531897694670e-01 -1.029692300415262496e-01 1.195284814069321744e-01
7.693039489788919827e-01 -1.028783762690052006e-01 1.198915156718067809e-01
7.613389866634606706e-01 -9.579172017426784702e-02 1.462688240555212182e-01
7.613418945562958617e-01 -9.579602048452195984e-02 1.462319554285032019e-01
7.693490429498195393e-01 -1.029119343110471707e-01 1.196875144521101220e-01
7.693640275933564254e-01 -1.029245014323740826e-01 1.196972379022314126e-01
7.692343965553969376e-01 -1.027850365378483732e-01 1.202200864873312902e-01
7.694181512656748101e-01 -1.030081613873093938e-01 1.194577807413026438e-01
7.692067741237551548e-01 -1.027742675803526851e-01 1.202961653399103881e-01
7.692307860914706641e-01 -1.028084328222274579e-01 1.202682770736454021e-01
7.692321006725162391e-01 -1.028204834120794442e-01 1.202449882829061956e-01
7.689720857740760529e-01 -1.041918417299687594e-01 1.213613279594749628e-01
7.612371793646603990e-01 -9.566484583220630222e-02 1.466372960385120550e-01
7.690415752389341275e-01 -1.042895800521447813e-01 1.207594137630172426e-01
7.692127129623770321e-01 -1.027639691260158750e-01 1.203600765736492217e-01
7.613085844634115418e-01 -9.579136519418657292e-02 1.464268778895541079e-01
7.693982594169735956e-01 -1.029944088792353329e-01 1.194704519437654877e-01
7.611367237244874850e-01 -9.722843789986518326e-02 1.469563795354462687e-01
7.693065069938153089e-01 -1.028922072800770304e-01 1.199314471007175698e-01
7.692741348873823881e-01 -1.028576583128348321e-01 1.200573979027099725e-01
7.692872712633430643e-01 -1.028357170464545556e-01 1.200716120121909647e-01
7.692582336869240311e-01 -1.028405211528390373e-01 1.200447073480979121e-01
7.692449793712765604e-01 -1.028539764417931712e-01 1.200908096515795886e-01
7.692635205517024399e-01 -1.028327050766572048e-01 1.200492697722814750e-01
7.689432174991459590e-01 -1.042116319197490815e-01 1.213104450188673411e-01
7.610842415575413966e-01 -9.720342844506346669e-02 1.471741671601765056e-01
7.690504115531087148e-01 -1.043338547414540685e-01 1.207309019426525687e-01
7.690856652900606161e-01 -1.043015429568365238e-01 1.206342861097520203e-01
7.690906850770145020e-01 -1.043441529070660567e-01 1.205845701108836376e-01
7.693001305689602942e-01 -1.028445186062231786e-01 1.199497768441772916e-01
7.613745773654997384e-01 -9.582547580802436293e-02 1.461094431704905716e-01
7.614164239385813326e-01 -9.592552826999872773e-02 1.458810706271280733e-01
7.694304473209589990e-01 -1.030421370952650517e-01 1.193231207805685035e-01
7.691075697179465820e-01 -1.044092619785144671e-01 1.204174648650355728e-01
7.613452602281332027e-01 -9.580470621003206455e-02 1.462357932400448757e-01
7.692120056810796136e-01 -1.027959814435243646e-01 1.202315329372256603e-01
7.692820188396602976e-01 -1.028325345425978310e-01 1.199787370910443407e-01
7.612742900184898964e-01 -9.574556839252262863e-02 1.465323688315516293e-01
7.692751665418355866e-01 -1.028808466757908380e-01 1.199398070014423556e-01
7.613570612286328920e-01 -9.584205750694868575e-02 1.461921986202210366e-01
7.691384228930890909e-01 -1.027000108280330948e-01 1.206342243622018362e-01
7.613483474743336643e-01 -9.582850702110673469e-02 1.462163044370241582e-01
7.694486497718722173e-01 -1.030685897456034561e-01 1.192003898607603141e-01
7.610826621962190064e-01 -9.718548792563375116e-02 1.470857024969054461e-01
7.692241856269090849e-01 -1.028205508869364238e-01 1.202532679196632870e-01
7.613652689816474695e-01 -9.585667738361652868e-02 1.461103378273054254e-01
7.613163632783293000e-01 -9.575485345935819126e-02 1.463836663443265351e-01
7.691861980697720647e-01 -1.027939029048606789e-01 1.203617115666797410e-01
7.692679197482348297e-01 -1.028804635683447377e-01 1.199664903309090036e-01
7.690946994697034356e-01 -1.043992461470364952e-01 1.205473692201226577e-01
7.611700949289827989e-01 -9.730389311527454232e-02 1.466791012185593157e-01
7.607410653648614129e-01 -1.002730259657054757e-01 1.481594764208657988e-01
7.690072307267248330e-01 -1.060410800834893918e-01 1.206116306640774294e-01
7.607660025982438956e-01 -1.003162325355410056e-01 1.481302078457682470e-01
7.601930308453946905e-01 -1.031933921791836628e-01 1.497624312786600687e-01
7.640701346059739496e-01 -1.161890485714525134e-01 1.265516451332195924e-01
7.552497156555264546e-01 -1.147955718995555818e-01 1.553926307091377801e-01
7.411157756057925594e-01 -1.261473035059291758e-01 1.589264494053841403e-01
7.360946164518072932e-01 -1.611451852949670749e-01 1.417712866234777103e-01
7.316931535163998523e-01 -1.718478281443044375e-01 1.454466711149640101e-01
7.258737292029082688e-01 -1.893914197938217914e-01 1.543319949295274274e-01
7.291209018447220025e-01 -2.076760097478032030e-01 1.304146245315165320e-01
7.123966949551879813e-01 -2.022350649607776996e-01 1.905772544613448805e-01
7.189049719235002245e-01 -2.176548925318270433e-01 1.670459295920685427e-01
7.245389484018445181e-01 -2.425985629187971115e-01 1.464192038487599490e-01
7.268755337407351025e-01 -2.487097766679227107e-01 1.501183611540586327e-01
7.265853328625589969e-01 -2.533195663893073046e-01 1.517147936412661657e-01
7.221166765416116018e-01 -2.451459967159479447e-01 1.788482232158123963e-01
7.219646896935314473e-01 -2.447925440951883302e-01 1.794718236967460800e-01
7.221211275917738259e-01 -2.433053313968628339e-01 1.789762752959191960e-01
7.266118435149133692e-01 -2.517477170879989790e-01 1.513861922881796218e-01
7.263751103702217327e-01 -2.530520323052704024e-01 1.523477170395060032e-01
7.221010675095945741e-01 -2.433125447528660112e-01 1.788986625233455197e-01
7.264531493913739535e-01 -2.532362681849747443e-01 1.521535452951043865e-01
7.221144297055364092e-01 -2.433575269277244713e-01 1.789449416401907023e-01
7.221064974670856618e-01 -2.433095435512214466e-01 1.790222206019249640e-01
7.264467153001189503e-01 -2.532277337784618054e-01 1.520218006696176793e-01
7.265274758481353734e-01 -2.515681327795237232e-01 1.518395973815560573e-01
7.266355997381120924e-01 -2.517900483173727277e-01 1.512382514227763597e-01
7.263892607666014856e-01 -2.531136278206258527e-01 1.520835760010823545e-01
7.266145397157609542e-01 -2.517485702089666821e-01 1.512833076564579216e-01
7.266015533415735028e-01 -2.517788335075676898e-01 1.512746801502404814e-01
7.263574680080384649e-01 -2.530557969162761656e-01 1.523511769005134742e-01
7.266570007891982597e-01 -2.518543555638342868e-01 1.510258602139322726e-01
7.266438442316740520e-01 -2.518455202486068467e-01 1.511110071929959719e-01
7.264053323304324739e-01 -2.531275939911752371e-01 1.521104753813089516e-01
7.263532855682045541e-01 -2.530480241615324921e-01 1.524030349003075990e-01
7.265912562069625213e-01 -2.534487193010895867e-01 1.512204445245624029e-01
7.263348425569235989e-01 -2.530175751047730182e-01 1.523841445637255099e-01
7.263956968696265726e-01 -2.530868002603798850e-01 1.522287220939757546e-01
7.263882809846937683e-01 -2.531071680576205130e-01 1.521687681850045770e-01
7.263326976420819703e-01 -2.530476066240519017e-01 1.523244678175730282e-01
7.264911131313324111e-01 -2.532893280487954479e-01 1.516681734087379496e-01
7.264295203261852407e-01 -2.531671288648843499e-01 1.520084603421330005e-01
7.265924222988009440e-01 -2.518057597527056934e-01 1.512904727841601904e-01
7.266428454235225320e-01 -2.517948717052190810e-01 1.512547585671455419e-01
7.265491968496113895e-01 -2.516415983451902871e-01 1.515648490814549554e-01
7.268927969870120354e-01 -2.504897062881290548e-01 1.502501719021185345e-01
7.265929798601060696e-01 -2.516652769508659349e-01 1.514774703207300011e-01
7.268091229155421162e-01 -2.503236173975616485e-01 1.506164597910328862e-01
7.267633909784614321e-01 -2.502798097960799995e-01 1.508058307383939312e-01
7.267964561648100341e-01 -2.503440060841292114e-01 1.506888916112958388e-01
7.269299425508409795e-01 -2.505997420601993042e-01 1.499654616720735856e-01
7.267296099114388674e-01 -2.502674765068143015e-01 1.508772773422479840e-01
7.267587565200686051e-01 -2.502712113664150029e-01 1.508296777777375919e-01
7.265901806553005660e-01 -2.517586079541593302e-01 1.512069461383982460e-01
7.269382533191979245e-01 -2.505704328896551925e-01 1.500197865854218104e-01
7.266863919378996339e-01 -2.501538888452797815e-01 1.510851894473836943e-01
7.267166524228453328e-01 -2.502085515992790166e-01 1.510164231819315361e-01
7.267583367282599571e-01 -2.503370272486060144e-01 1.506986731542112601e-01
7.268274379059374013e-01 -2.504105769018828975e-01 1.504829329073011923e-01
7.268613639454514219e-01 -2.504814260291456929e-01 1.502491149536384629e-01
7.268223163794874653e-01 -2.503728411022722589e-01 1.505816374771147270e-01
7.268125157538533054e-01 -2.504062586666792600e-01 1.505122437755717080e-01
7.269451563307612885e-01 -2.506324927672892722e-01 1.498046641403047996e-01
7.267875545163362538e-01 -2.503491115573793224e-01 1.505924491120427255e-01
7.267565343667566902e-01 -2.503122410639970763e-01 1.506786254070624498e-01
7.265818093727707261e-01 -2.517732636202275609e-01 1.512234949879138757e-01
7.268184581661790711e-01 -2.503699831884055871e-01 1.505954304615884087e-01
7.265909022268801642e-01 -2.517874463504403137e-01 1.511878286725072407e-01
7.267053491134494170e-01 -2.502003264265656446e-01 1.509670032059176048e-01
7.268701258779048935e-01 -2.505205328537374321e-01 1.502143882091386828e-01
7.268108881434112156e-01 -2.504295264016538347e-01 1.504073901916325173e-01
7.268619792964249315e-01 -2.505256934392005030e-01 1.501811922514497688e-01
7.268695191943288503e-01 -2.504741773111373027e-01 1.502169100207910724e-01
7.268114162377834475e-01 -2.503416992381363726e-01 1.506219739652321365e-01
7.268582897844463320e-01 -2.505077046208828428e-01 1.502380668897778104e-01
7.315117728725671897e-01 -2.609760056789815486e-01 1.215301191616802168e-01
7.268344802427142426e-01 -2.503151028027683633e-01 1.503457149157314543e-01
7.268485674600213553e-01 -2.502740894124656501e-01 1.503401970264344190e-01
7.267050576569556997e-01 -2.499427819003164353e-01 1.512007429490656030e-01
7.225060218502760145e-01 -2.403710277976691123e-01 1.776666633009822416e-01
7.222213813586085829e-01 -2.416247688703238583e-01 1.788968618655755183e-01
7.223701517637759473e-01 -2.401666087238192304e-01 1.783719900239422174e-01
7.222079377213924678e-01 -2.416251568161696395e-01 1.789094180963457514e-01
7.221345039931148513e-01 -2.415262878734170948e-01 1.792797102785006480e-01
7.222080480310261175e-01 -2.416066020262240821e-01 1.790618558541685612e-01
7.221956803807944025e-01 -2.415778843996226333e-01 1.790255369079365444e-01
7.220743693430989874e-01 -2.431060914525389471e-01 1.793188331028683358e-01
7.221816660719125869e-01 -2.416008687254488363e-01 1.791274436804843884e-01
7.223330318716585374e-01 -2.417941033713966736e-01 1.785037110830320906e-01
7.221931662039399180e-01 -2.415660296253710482e-01 1.791371769900902411e-01
7.223159534435152906e-01 -2.417895483577549576e-01 1.784535458752782855e-01
7.221025534825623593e-01 -2.431119937131553665e-01 1.793935863791360497e-01
7.221504835041552273e-01 -2.431864833377450075e-01 1.792598208779363489e-01
7.222123663708478469e-01 -2.416639486625939137e-01 1.788955935172260592e-01
7.220811429227590450e-01 -2.431419155337065374e-01 1.792557984991505204e-01
7.221640376215100465e-01 -2.415503976996838942e-01 1.791363573825091038e-01
7.221305499147295803e-01 -2.415147814687043648e-01 1.792318843270643836e-01
7.221010908998012345e-01 -2.431290909038930637e-01 1.792102482623443294e-01
7.222019995035647844e-01 -2.415782589276581627e-01 1.790706014238521160e-01
7.222232577804594822e-01 -2.416289197999089700e-01 1.788266069790869217e-01
7.224028423570990620e-01 -2.402417377638667306e-01 1.782407191285089176e-01
7.220221679606646514e-01 -2.429732991035431222e-01 1.796582447947203676e-01
7.222142144722610846e-01 -2.416066019506007412e-01 1.789545471149445177e-01
7.222041799426585085e-01 -2.416156931150107989e-01 1.790162693122983040e-01
7.224120275249868994e-01 -2.402904482415616216e-01 1.781323942568049379e-01
7.220899794514864523e-01 -2.431034745813160924e-01 1.792630708393483374e-01
7.222618124906630133e-01 -2.416948474555760118e-01 1.786544482281058333e-01
7.221250673493057048e-01 -2.431620909888297100e-01 1.791573452728985050e-01
7.220049445300489310e-01 -2.429588124074041344e-01 1.797444493090794015e-01
7.221299586997688147e-01 -2.431518158796578399e-01 1.791712448834910099e-01
7.220680417601197387e-01 -2.430530794299393116e-01 1.794248871657697642e-01
7.220328469133346916e-01 -2.430465643489956862e-01 1.794345519779962927e-01
7.221135603401214187e-01 -2.431655664491503832e-01 1.791618483703285580e-01
7.220794747320592455e-01 -2.430699370627998901e-01 1.794015572025207117e-01
7.220512218986392394e-01 -2.430484710094928391e-01 1.794126214664160113e-01
7.220942364372282540e-01 -2.431746639459282100e-01 1.792239276177287621e-01
7.221491287051111652e-01 -2.432203672679811302e-01 1.791048603266416350e-01
7.220958888382583707e-01 -2.431245329628288487e-01 1.792045605092689176e-01
7.220533438511163027e-01 -2.430291639522015879e-01 1.794584046420260037e-01
7.219912427886039374e-01 -2.429695038582235234e-01 1.797839986348628294e-01
7.220906197837531071e-01 -2.431339571118503740e-01 1.792080900646997321e-01
7.220674307626276933e-01 -2.430873263791054062e-01 1.794042671563713665e-01
7.223573376780569877e-01 -2.418289225507974094e-01 1.783957272874980848e-01
7.220045856389164518e-01 -2.429901346851884858e-01 1.797294601315884144e-01
7.222860244042932365e-01 -2.417746311968862472e-01 1.784970067592261955e-01
7.220317822234928462e-01 -2.430614017165302898e-01 1.794188057360499577e-01
7.220694237386554581e-01 -2.430393001453280410e-01 1.794483300547939919e-01
7.220970632841050563e-01 -2.431204699068069131e-01 1.792568136086194475e-01
7.221309830794304663e-01 -2.432129282784759594e-01 1.790642867105558533e-01
7.220841423796564573e-01 -2.431116084607690131e-01 1.793129321371285112e-01
7.220360634032636504e-01 -2.430292320639490522e-01 1.794826002689733357e-01
