4.382242897152902605e-01 4.991383135318757103e-01 3.352584546804427967e-01
4.382242897152901495e-01 4.991383135318757103e-01 3.352584546804427967e-01
4.382245504856111529e-01 4.991381347179414951e-01 3.352585142850875721e-01
4.382244759798051836e-01 4.991384029388428734e-01 3.352584546804427967e-01
4.382242897152902605e-01 4.991383135318757103e-01 3.352584546804427967e-01
4.382242897152902605e-01 4.991383135318757103e-01 3.352584546804427967e-01
4.382245504856111529e-01 4.991381347179413841e-01 3.352585142850875721e-01
4.382242897152902605e-01 4.991383135318757103e-01 3.352584546804427967e-01
4.382242897152902605e-01 4.991383135318757103e-01 3.352584546804427967e-01
4.382244759798051836e-01 4.991384029388428734e-01 3.352584546804427967e-01
4.382242897152902605e-01 4.991383135318757103e-01 3.352584546804427967e-01
4.382243791222574236e-01 4.991380453109742210e-01 3.352585142850875721e-01
4.382242897152902605e-01 4.991383135318758213e-01 3.352584546804427967e-01
4.382242897152902605e-01 4.991383135318757103e-01 3.352584546804427967e-01
4.382244759798051836e-01 4.991384029388428734e-01 3.352584546804427967e-01
4.382242897152901495e-01 4.991383135318757103e-01 3.352584546804427967e-01
4.382242897152901495e-01 4.991383135318757103e-01 3.352584546804427967e-01
4.382242897152902605e-01 4.991383135318757103e-01 3.352584546804427967e-01
4.382243791222574236e-01 4.991380453109742210e-01 3.352585142850875721e-01
4.382244238257410052e-01 4.991384327411652611e-01 3.352583354711532460e-01
4.382243791222574236e-01 4.991380453109742210e-01 3.352585142850875721e-01
4.382243791222574236e-01 4.991380453109742210e-01 3.352585142850875721e-01
4.382243567705156329e-01 4.991383433341980980e-01 3.352584546804427967e-01
4.382244387269021990e-01 4.991380453109742210e-01 3.352585142850875721e-01
4.382246175408365252e-01 4.991381645202637718e-01 3.352585142850875721e-01
4.382243567705156329e-01 4.991383433341980980e-01 3.352584546804427967e-01
4.382243567705156329e-01 4.991383433341980980e-01 3.352584546804427967e-01
4.382245430350305559e-01 4.991384327411653721e-01 3.352584546804427967e-01
4.382244387269021990e-01 4.991380453109742210e-01 3.352585142850875721e-01
4.382244387269021990e-01 4.991380453109742210e-01 3.352585142850875721e-01
4.382243865728380205e-01 4.991383135318757103e-01 3.352585962414741383e-01
4.382243865728380205e-01 4.991383135318758213e-01 3.352585962414741383e-01
4.382244685292245867e-01 4.991380155086518333e-01 3.352586334943771229e-01
4.382243865728380205e-01 4.991383135318757103e-01 3.352585962414741383e-01
4.382244685292245867e-01 4.991380155086518333e-01 3.352586334943771229e-01
4.382244983315469744e-01 4.991379857063294456e-01 3.352588123083114491e-01
4.382245877385141375e-01 4.991382837295533226e-01 3.352586930990218983e-01
4.382244163751604082e-01 4.991382539272309349e-01 3.352586930990218983e-01
4.382244163751604082e-01 4.991382539272309349e-01 3.352586930990218983e-01
4.382244163751604082e-01 4.991382539272309349e-01 3.352586930990218983e-01
4.382244983315469744e-01 4.991379857063294456e-01 3.352588123083114491e-01
4.382244461774827959e-01 4.991381645202637718e-01 3.352588942646980152e-01
4.382244461774827959e-01 4.991381645202637718e-01 3.352588942646980152e-01
4.382245281338693621e-01 4.991378664970398948e-01 3.352588719129562245e-01
4.382244461774826849e-01 4.991381645202637718e-01 3.352588942646980152e-01
4.382244461774827959e-01 4.991381645202637718e-01 3.352588942646980152e-01
4.382244461774827959e-01 4.991381645202637718e-01 3.352588942646980152e-01
4.382245281338693621e-01 4.991378664970398948e-01 3.352588719129562245e-01
4.382245504856111529e-01 4.991377770900727318e-01 3.352590432763099537e-01
4.382245504856111529e-01 4.991377770900727318e-01 3.352590432763099537e-01
4.382245504856111529e-01 4.991377770900727318e-01 3.352590432763099537e-01
4.382245206832887652e-01 4.991379857063294456e-01 3.352591699361801014e-01
4.382245877385141375e-01 4.991377174854279564e-01 3.352592891454696522e-01
4.382245877385141375e-01 4.991377174854279564e-01 3.352592891454696522e-01
4.382246175408365252e-01 4.991376280784607933e-01 3.352593487501144276e-01
4.382246175408365252e-01 4.991376280784607933e-01 3.352593487501144276e-01
4.382246175408365252e-01 4.991376280784607933e-01 3.352593487501144276e-01
4.382246175408365252e-01 4.991376280784607933e-01 3.352593487501144276e-01
4.382246398925783160e-01 4.991375386714936302e-01 3.352594679594039784e-01
4.382246398925783160e-01 4.991375386714936302e-01 3.352594679594039784e-01
4.382246920466424944e-01 4.991374492645264671e-01 3.352597063779830799e-01
4.382246920466424944e-01 4.991374492645264671e-01 3.352597063779830799e-01
4.382246920466424944e-01 4.991374492645264671e-01 3.352597063779830799e-01
4.382246100902558172e-01 4.991376876831055687e-01 3.352595797181129322e-01
4.382246920466423834e-01 4.991374492645264671e-01 3.352597063779830799e-01
4.382246100902559283e-01 4.991376876831056797e-01 3.352595797181129322e-01
4.382246324419977190e-01 4.991376280784607933e-01 3.352597659826278553e-01
4.382247069478036883e-01 4.991373896598816917e-01 3.352598255872726307e-01
4.382246324419977190e-01 4.991376280784607933e-01 3.352597659826278553e-01
4.382247069478036883e-01 4.991373896598816917e-01 3.352598255872726307e-01
4.382247069478036883e-01 4.991373896598816917e-01 3.352598255872726307e-01
4.382246324419977190e-01 4.991376280784607933e-01 3.352597659826278553e-01
4.382247367501260760e-01 4.991373300552369163e-01 3.352599373459815846e-01
4.382247367501260760e-01 4.991373300552369163e-01 3.352599373459815846e-01
4.382247367501260760e-01 4.991373300552369163e-01 3.352599373459815846e-01
4.382246547937395098e-01 4.991375684738160179e-01 3.352598777413368092e-01
4.382247814536096575e-01 4.991372108459474766e-01 3.352601459622382984e-01
4.382247814536096575e-01 4.991372108459473655e-01 3.352601459622382984e-01
4.382247814536096575e-01 4.991372108459473655e-01 3.352601459622382984e-01
4.382247814536096575e-01 4.991372108459473655e-01 3.352601459622382984e-01
4.382247814536095465e-01 4.991372108459473655e-01 3.352601459622382984e-01
4.382246845960618975e-01 4.991375088691712425e-01 3.352600863575935231e-01
4.382247814536096575e-01 4.991372108459473655e-01 3.352601459622382984e-01
4.382247814536096575e-01 4.991372108459473655e-01 3.352601459622382984e-01
4.382247814536096575e-01 4.991372108459473655e-01 3.352601459622382984e-01
4.382247814536096575e-01 4.991372108459473655e-01 3.352601459622382984e-01
4.382247814536096575e-01 4.991372108459473655e-01 3.352601459622382984e-01
4.382247218489647711e-01 4.991373598575593040e-01 3.352601832151412831e-01
4.382247218489648821e-01 4.991373598575593040e-01 3.352601832151412831e-01
4.382248038053514483e-01 4.991371512413025902e-01 3.352602353692054615e-01
4.382248038053514483e-01 4.991371512413025902e-01 3.352602353692054615e-01
4.382247218489648821e-01 4.991373598575593040e-01 3.352601832151412831e-01
4.396023193001747931e-01 4.924189329147339866e-01 3.342408916354179249e-01
4.406784662604333880e-01 4.827917098999024437e-01 3.323745286464691029e-01
4.419327044487001421e-01 4.539262831211091087e-01 3.255933305621147023e-01
4.403785207867624285e-01 4.160382926464081810e-01 3.143046876788139210e-01
4.357096070051195147e-01 3.799957811832428978e-01 2.963401755690574513e-01
4.328977653384210589e-01 3.659911632537842796e-01 2.867634823918342457e-01
4.259657675027849755e-01 3.462278723716736839e-01 2.657864248752593861e-01
4.226029181480410180e-01 3.396936237812043236e-01 2.559709480404853688e-01
4.159174227714541039e-01 3.334928631782532737e-01 2.371472945809364186e-01
4.095003345608713707e-01 3.313063561916352318e-01 2.218236184120178089e-01
4.066983574628831866e-01 3.318803787231446312e-01 2.147436296939849443e-01
4.017353133857252678e-01 3.344690084457397905e-01 2.025149917602538929e-01
3.994790317118170342e-01 3.353603363037109819e-01 1.971684253215789384e-01
3.958521822094919762e-01 3.387740433216095415e-01 1.879482424259185658e-01
3.942895868420603356e-01 3.399469435214996782e-01 1.835516175627708302e-01
3.910674789547922137e-01 3.419713556766510454e-01 1.758881515264510975e-01
3.868427054584028801e-01 3.457530319690704790e-01 1.678859597444534169e-01
3.792368659377099993e-01 3.554342269897461382e-01 1.614914989471435414e-01
3.777497375011446001e-01 3.551522076129913774e-01 1.590316599607467518e-01
3.772290983796121600e-01 3.443193614482880083e-01 1.557397177815437184e-01
3.787740544974806389e-01 3.285902917385101762e-01 1.551653823256492482e-01
3.794131243228914818e-01 3.150985717773437944e-01 1.555673709511756764e-01
3.795446978509428582e-01 3.004160106182098833e-01 1.575139915943145619e-01
3.798979969322683892e-01 2.925870895385742632e-01 1.585620424151420460e-01
3.803534285724166075e-01 2.878861904144288664e-01 1.590063279867172386e-01
3.804605753719809136e-01 2.811701774597168413e-01 1.594856238365173207e-01
3.806221076846125206e-01 2.793159365653992143e-01 1.595255216956138478e-01
3.808451147377493462e-01 2.734126329421997514e-01 1.603767579793929920e-01
3.808809073269369683e-01 2.718092083930969682e-01 1.606769493222236500e-01
3.810855300724508843e-01 2.685961008071899858e-01 1.617194420099258290e-01
3.811372296512129387e-01 2.672247171401977983e-01 1.622709712386131153e-01
3.811343723535540740e-01 2.662446379661560503e-01 1.625208935141563282e-01
3.815429882705214104e-01 2.654737710952759233e-01 1.631198382377624378e-01
3.815891706943514428e-01 2.644446372985840288e-01 1.635304099321365223e-01
3.817500138282778344e-01 2.633421301841737394e-01 1.639420694112777577e-01
3.823280782997610650e-01 2.617036581039429155e-01 1.645174926519393510e-01
3.824123741686346611e-01 2.607516527175903764e-01 1.647283291816711293e-01
3.826147133111956755e-01 2.593160748481750932e-01 1.647874271869659291e-01
3.828365394473077776e-01 2.585726261138916460e-01 1.648596531152725086e-01
3.831717671453955254e-01 2.567767381668091264e-01 1.650804138183593617e-01
3.833138906955721459e-01 2.564552903175354448e-01 1.648693090677261219e-01
3.837457785010340294e-01 2.545303583145142046e-01 1.649255907535552845e-01
3.838711829483510973e-01 2.534391760826111284e-01 1.650751388072967396e-01
3.838677929341795525e-01 2.526652693748474565e-01 1.649700707197189198e-01
3.838897497951986870e-01 2.500813484191894975e-01 1.643021261692046986e-01
3.840563187003137591e-01 2.479866623878479448e-01 1.638274347782134877e-01
3.842776270210745415e-01 2.459462761878967729e-01 1.632198846340179310e-01
3.846207039058210375e-01 2.446401000022888628e-01 1.619713833928108082e-01
3.847285696864131133e-01 2.440109729766846147e-01 1.606704598665237294e-01
3.850854189693930785e-01 2.429156184196472612e-01 1.584806373715400563e-01
3.852061071991923491e-01 2.429525136947632280e-01 1.577217882871627674e-01
3.850654961168767931e-01 2.419325590133667436e-01 1.566725975275039262e-01
3.850521148741248290e-01 2.416832923889159490e-01 1.549286103248596058e-01
3.850246967375281493e-01 2.417160749435425249e-01 1.532244613766670094e-01
3.849711978435519377e-01 2.412732124328613725e-01 1.528318083286285267e-01
3.849730120599272887e-01 2.410363435745239702e-01 1.523188805580139027e-01
3.848588766157630126e-01 2.407700896263123003e-01 1.511863476037978993e-01
3.848754541575911681e-01 2.404384493827820268e-01 1.509146994352340565e-01
3.848906980454924742e-01 2.401270151138306108e-01 1.502648895978927479e-01
3.849538640677931944e-01 2.399294853210449663e-01 1.498554354906082020e-01
3.849693910777571837e-01 2.396239519119263139e-01 1.497167354822158680e-01
3.849577048420909087e-01 2.395425319671631303e-01 1.495091772079467640e-01
3.850465641915801207e-01 2.390947818756103960e-01 1.489398038387298451e-01
3.850462736189368407e-01 2.392154812812805620e-01 1.486155545711517201e-01
3.850636819005015532e-01 2.394228458404541460e-01 1.478100499510764942e-01
3.850851693749430815e-01 2.394583106040955034e-01 1.472793227434158192e-01
3.850456142425540129e-01 2.397014975547790971e-01 1.469348675012588368e-01
3.849564866721633116e-01 2.400863051414490190e-01 1.461116081476211415e-01
3.848572486639025847e-01 2.405155777931213823e-01 1.453607460856437550e-01
3.848057316243651549e-01 2.409957528114319292e-01 1.447408056259155140e-01
3.847317734360697905e-01 2.418132901191712980e-01 1.433607792854309226e-01
3.846859113872054259e-01 2.420765042304993120e-01 1.429773724079131947e-01
3.845975922048094908e-01 2.422577023506164995e-01 1.423939919471740589e-01
3.845285141468051116e-01 2.422204494476318803e-01 1.419325625896453724e-01
3.844108247756961028e-01 2.427087306976318803e-01 1.411759635806083546e-01
3.842565008997920195e-01 2.434375762939453569e-01 1.407705253362655506e-01
3.852895797789099852e-01 2.461244940757751909e-01 1.381847789883613453e-01
3.862960675358774743e-01 2.460510015487671343e-01 1.378589800000190602e-01
3.882671372592451653e-01 2.458918571472168413e-01 1.379085487127303944e-01
3.893118464946749846e-01 2.452226161956787553e-01 1.376240259408950672e-01
3.912994937598708312e-01 2.407863020896912065e-01 1.384654051065444813e-01
3.923947514593604247e-01 2.378132820129393865e-01 1.394473022222518788e-01
3.932439872622492949e-01 2.345175027847290483e-01 1.404247736930847035e-01
3.948355989158156554e-01 2.254056811332703081e-01 1.432025587558746205e-01
3.956368231773379485e-01 2.219639301300049272e-01 1.442752039432525502e-01
3.978092895448210875e-01 2.112752079963684526e-01 1.472213125228881703e-01
3.995221631228926817e-01 2.015964269638061968e-01 1.510309731960296498e-01
4.010850863158705870e-01 1.963886499404907671e-01 1.531342273950576649e-01
4.014471845328810851e-01 1.927038908004761186e-01 1.542024022340774403e-01
4.015594685077670256e-01 1.878687620162964311e-01 1.557177162170410023e-01
4.017965050041678587e-01 1.842026591300964800e-01 1.572177341580390797e-01
4.017522448301318327e-01 1.826978802680968572e-01 1.578668957948684282e-01
4.018044324219229857e-01 1.814380764961243120e-01 1.583337640762328968e-01
4.038021007180216393e-01 1.759127855300903764e-01 1.564220941066741810e-01
4.052227103710177580e-01 1.702604174613953081e-01 1.496927148103713856e-01
4.052619376778605620e-01 1.674188852310181108e-01 1.397091901302337513e-01
4.049713799357417265e-01 1.668190836906433550e-01 1.295223391056060658e-01
4.048489296436312834e-01 1.666649460792541948e-01 1.248229748010635243e-01
4.044089356064799468e-01 1.677847385406494585e-01 1.155221095681190357e-01
4.042651692032817046e-01 1.681513667106628862e-01 1.117247423529624806e-01
4.039958828687670866e-01 1.694713711738586870e-01 1.045642650127410755e-01
4.037382417917254607e-01 1.715216517448425737e-01 9.828920722007750133e-02
4.034820684790614287e-01 1.722608089447021928e-01 9.494014143943785289e-02
4.027337470650675932e-01 1.743031620979309526e-01 8.890862822532652476e-02
4.026837983727458159e-01 1.756189942359924760e-01 8.438827157020567515e-02
4.025177323818210362e-01 1.762935996055603471e-01 8.162587940692903055e-02
4.024526143074038664e-01 1.771328330039978471e-01 7.888454258441923717e-02
4.023333826661112944e-01 1.775690793991089311e-01 7.768738329410551646e-02
4.023974837362769286e-01 1.769286274909973589e-01 7.684129536151884654e-02
4.024137967824938933e-01 1.772192597389221635e-01 7.604484319686888316e-02
4.022602142393591484e-01 1.776143789291382280e-01 7.496032178401945689e-02
4.022044354677203337e-01 1.780107498168945757e-01 7.358276903629301646e-02
4.021977895498278777e-01 1.781328797340393510e-01 7.273015439510344127e-02
4.021585026383402983e-01 1.783273100852966753e-01 7.226979792118071177e-02
4.021582083404067198e-01 1.785122632980347124e-01 7.137696504592894176e-02
4.021680729091169915e-01 1.784589171409607378e-01 7.089212596416469281e-02
4.021566548943523167e-01 1.785185217857361284e-01 7.053771674633024791e-02
4.021622763574126402e-01 1.785250782966614214e-01 7.028107404708860972e-02
4.021369145810607115e-01 1.786684274673462358e-01 6.968577265739439586e-02
4.021329769492152928e-01 1.787589669227600542e-01 6.928171277046202281e-02
4.020871931314471404e-01 1.788261413574219194e-01 6.883780717849730113e-02
4.021385388076308409e-01 1.787134289741516557e-01 6.855250954627989390e-02
4.021325597167018095e-01 1.789023756980896440e-01 6.794048905372618297e-02
4.021245540678504704e-01 1.789868950843812589e-01 6.768162608146668924e-02
4.020757974684241454e-01 1.793494701385498491e-01 6.696739852428434947e-02
4.020466433465483824e-01 1.795642256736755815e-01 6.657210052013395885e-02
4.019744323194029967e-01 1.798015713691711870e-01 6.607748627662660135e-02
4.019619674980643431e-01 1.799031972885132280e-01 6.586766302585600474e-02
4.019435496628287474e-01 1.802909255027771440e-01 6.527964830398558238e-02
4.018909634649756590e-01 1.805771470069885698e-01 6.487105846405027965e-02
4.018707761168482939e-01 1.808012604713440385e-01 6.444759726524351695e-02
4.017785081267359892e-01 1.814034461975098100e-01 6.356668531894682506e-02
4.017536455392840544e-01 1.815687894821167436e-01 6.329821109771727183e-02
4.017090202867987236e-01 1.818955421447754350e-01 6.279748737812038129e-02
4.017317482829096398e-01 1.820508718490601030e-01 6.258639752864836314e-02
4.017294535040858428e-01 1.820538520812988725e-01 6.258705317974089244e-02
4.017271922528746764e-01 1.820608258247375932e-01 6.259088277816771129e-02
4.017254227399829070e-01 1.820649981498718706e-01 6.259574055671690562e-02
4.017001503705981413e-01 1.821731209754944292e-01 6.262967050075529674e-02
4.016912320256236235e-01 1.821912407875061479e-01 6.267508924007414439e-02
4.016832189261916319e-01 1.821744918823242632e-01 6.275504887104033092e-02
3.984765411913397948e-01 1.851211667060852495e-01 6.510251820087431529e-02
3.943625690042975029e-01 1.879048228263854314e-01 6.962135493755339244e-02
3.807160855829719304e-01 1.945933580398560014e-01 8.576552629470823863e-02
3.697657884657385985e-01 1.986898064613342729e-01 9.666617274284361461e-02
3.368057614751163165e-01 2.131267666816711870e-01 1.190917944908141957e-01
2.863155716657641570e-01 2.318500757217407671e-01 1.412078446149825917e-01
2.551359349489213946e-01 2.427208900451660600e-01 1.510524681210517473e-01
2.210196593403818688e-01 2.545792937278748003e-01 1.600440150499343739e-01
1.128215754032137474e-01 2.997622966766356756e-01 1.829465931653976307e-01
7.876091837883020252e-02 3.170995891094207098e-01 1.889310112595558033e-01
1.303079366683984608e-02 3.547263026237486572e-01 1.990572294592857228e-01
-4.117477297782878853e-02 3.924782454967497558e-01 2.067686250805854664e-01
-7.978141665458660103e-02 4.247411072254179687e-01 2.117170622944831715e-01
-1.070977485179899213e-01 4.509869694709776056e-01 2.146819686889648304e-01
-1.241891717910764692e-01 4.693615317344663751e-01 2.165838336944579945e-01
-1.367399430274961469e-01 4.828204095363615167e-01 2.183709299564361439e-01
-1.396443581581113813e-01 4.868702769279478204e-01 2.188150888681411610e-01
-1.430555319786070423e-01 4.915555298328397882e-01 2.193394905328750477e-01
-1.487061119079588489e-01 4.990098953247068536e-01 2.205208024382591114e-01
-1.501386201381681995e-01 5.023342549800869916e-01 2.208677387237548695e-01
-1.523974275588987903e-01 5.062496542930601251e-01 2.215220263600349293e-01
-1.535157895088194446e-01 5.089042961597440851e-01 2.221403276920318470e-01
-1.537627315521238880e-01 5.092266380786893976e-01 2.227602010965347434e-01
-1.565091049671171741e-01 5.121684551239011896e-01 2.245108342170715199e-01
-1.568770444393157160e-01 5.125862836837766778e-01 2.249459257721900807e-01
-1.566420829296111261e-01 5.126800417900083673e-01 2.250920316576957292e-01
-1.567048466205596124e-01 5.130721509456632745e-01 2.251011586189269886e-01
-1.568572556972502863e-01 5.133502960205076349e-01 2.252272596955299244e-01
-1.569135522842405872e-01 5.132738530635831964e-01 2.254179200530052052e-01
-1.569482123851774213e-01 5.131692469120024969e-01 2.255156642198562766e-01
-1.570066845417021351e-01 5.131712138652799737e-01 2.257011464238166676e-01
-1.569731271266935901e-01 5.128743231296537530e-01 2.259104928374290333e-01
-1.572405135631559925e-01 5.130187153816221368e-01 2.260613596439361439e-01
-1.576451396942136762e-01 5.127859890460966241e-01 2.263753792643546925e-01
-1.578425204753874378e-01 5.118605971336362970e-01 2.269576644897460804e-01
-1.579958832263945179e-01 5.114592492580412042e-01 2.273459812998771534e-01
-1.590017712116240101e-01 5.108372747898100030e-01 2.282417795062064991e-01
-1.596257722377775745e-01 5.092233598232267511e-01 2.290148517489433155e-01
-1.600508427619932728e-01 5.080782949924467218e-01 2.294989085197448597e-01
-1.600609755516050892e-01 5.066622376441952680e-01 2.298538020253181047e-01
-1.601182556152342396e-01 4.934171617031095636e-01 2.334472692012786732e-01
-1.600646710395811634e-01 4.929436326026914728e-01 2.335642284154891835e-01
-1.572950220108030872e-01 4.955152750015257013e-01 2.326245462894439564e-01
-1.453151142597197132e-01 5.030080854892728937e-01 2.337003877758979664e-01
-1.342687344551085071e-01 5.092862129211424005e-01 2.379429867863654957e-01
-1.226656770706175403e-01 5.156383097171781671e-01 2.447978934645652638e-01
-1.019913887977599298e-01 5.236449718475340021e-01 2.662427952885627613e-01
-9.393343687057481572e-02 5.246094048023222101e-01 2.796503534913062916e-01
-8.701512575149522588e-02 5.246753275394437921e-01 2.925382113456725941e-01
-7.799399256706224248e-02 5.226724028587339532e-01 3.163894122838973866e-01
-7.294199228286729619e-02 5.184657454490659845e-01 3.365325933694839344e-01
-7.161811351776115053e-02 5.163073122501371515e-01 3.452911084890365467e-01
-7.046181321144090459e-02 5.116426229476926935e-01 3.615636980533599720e-01
-7.058188676834092901e-02 5.069550752639768731e-01 3.753442621231078968e-01
-7.098225116729728335e-02 5.033871710300443780e-01 3.866307592391967640e-01
-7.107219457626334780e-02 5.002645134925840509e-01 3.957165336608886586e-01
-7.096907854080186651e-02 4.982342004775999755e-01 4.017459011077880726e-01
-7.109904646873460576e-02 4.974480748176573486e-01 4.046835607290267811e-01
-7.164180636405931279e-02 4.966011524200438232e-01 4.094550764560699330e-01
-7.196995973587022588e-02 4.959839463233946533e-01 4.132291233539581166e-01
-7.226440668106065557e-02 4.958114504814146728e-01 4.157704418897628651e-01
-7.227197647094707467e-02 4.958015561103819580e-01 4.164172565937042103e-01
-7.266390681266765572e-02 4.967791020870207519e-01 4.172298020124435292e-01
-7.284677386283860967e-02 4.971906721591948242e-01 4.172412014007568226e-01
-7.327619552612291143e-02 4.979914307594298095e-01 4.176150417327880726e-01
-7.359364986419664190e-02 4.987271904945372314e-01 4.179865872859954701e-01
-7.394668817520128057e-02 4.993755698204039306e-01 4.187537139654159413e-01
-7.410112380981431768e-02 4.999199390411376842e-01 4.191681897640228138e-01
-7.435220837593065069e-02 5.002624571323395219e-01 4.194862550497054920e-01
-7.439944505691514776e-02 5.005060315132139337e-01 4.197831457853317128e-01
-7.434597969055162237e-02 5.005483508110044610e-01 4.199125176668166981e-01
-7.431888937950120733e-02 5.006668448448179376e-01 4.203000521659850941e-01
-7.425606608390794561e-02 5.011748850345609796e-01 4.205934858322143421e-01
-7.415315866470317818e-02 5.014827430248258722e-01 4.205483651161193714e-01
-7.408142447471605108e-02 5.015783488750455987e-01 4.208488768339156971e-01
-7.408067941665635869e-02 5.020109593868253839e-01 4.211225962638854847e-01
-7.386926174163804815e-02 5.022192478179929864e-01 4.213529533147811756e-01
-7.268390417098979928e-02 5.024635672569275346e-01 4.218998110294341908e-01
-7.181010007858262822e-02 5.029756009578703058e-01 4.223414814472198353e-01
-7.090095043182353951e-02 5.031911909580228937e-01 4.228963708877563343e-01
-7.070541739463792608e-02 5.032521069049833429e-01 4.233453130722045765e-01
-7.050040721893297002e-02 5.033336758613584649e-01 4.236015832424163685e-01
