4.379731455445291521e-01 4.991061866283417747e-01 3.352647653222083912e-01
4.379731455445291521e-01 4.991061866283417747e-01 3.352647653222083912e-01
4.379731455445291521e-01 4.991061866283417747e-01 3.352647653222083912e-01
4.379731455445291521e-01 4.991061866283417747e-01 3.352647653222083912e-01
4.379731455445291521e-01 4.991061866283417747e-01 3.352647653222083912e-01
4.379731455445291521e-01 4.991061866283417747e-01 3.352647653222083912e-01
4.379731455445290411e-01 4.991061866283417747e-01 3.352647653222083912e-01
4.379731455445291521e-01 4.991061866283417747e-01 3.352647653222083912e-01
4.379731455445291521e-01 4.991061866283417747e-01 3.352647653222083912e-01
4.379731455445291521e-01 4.991061866283417747e-01 3.352647653222083912e-01
4.379731455445291521e-01 4.991061866283417747e-01 3.352647653222083912e-01
4.379731455445290411e-01 4.991061866283417747e-01 3.352647653222083912e-01
4.379731455445291521e-01 4.991061866283417747e-01 3.352647653222083912e-01
4.379731455445291521e-01 4.991061866283417747e-01 3.352647653222083912e-01
4.379731455445290411e-01 4.991061866283417747e-01 3.352647653222083912e-01
4.379731455445291521e-01 4.991061866283417747e-01 3.352647653222083912e-01
4.379731455445291521e-01 4.991061866283417747e-01 3.352647653222083912e-01
4.379731455445291521e-01 4.991061866283417747e-01 3.352647653222083912e-01
4.379731604456903460e-01 4.991060674190522239e-01 3.352648398280143605e-01
4.379731604456903460e-01 4.991060674190522239e-01 3.352648398280143605e-01
4.379731604456903460e-01 4.991060674190522239e-01 3.352648398280143605e-01
4.379731604456903460e-01 4.991060674190522239e-01 3.352648398280143605e-01
4.379731604456903460e-01 4.991060674190522239e-01 3.352648398280143605e-01
4.379731604456903460e-01 4.991060674190522239e-01 3.352648398280143605e-01
4.379731604456903460e-01 4.991060674190522239e-01 3.352648398280143605e-01
4.379731604456903460e-01 4.991060674190522239e-01 3.352648398280143605e-01
4.379731604456903460e-01 4.991060674190522239e-01 3.352648398280143605e-01
4.379731604456903460e-01 4.991060674190522239e-01 3.352648398280143605e-01
4.379731604456903460e-01 4.991060674190522239e-01 3.352648398280143605e-01
4.379731604456903460e-01 4.991060674190522239e-01 3.352648398280143605e-01
4.379731604456902350e-01 4.991060674190522239e-01 3.352648398280143605e-01
4.379731604456903460e-01 4.991060674190522239e-01 3.352648398280143605e-01
4.379731604456903460e-01 4.991060674190522239e-01 3.352648398280143605e-01
4.379731604456903460e-01 4.991060674190522239e-01 3.352648398280143605e-01
4.379731604456903460e-01 4.991060674190522239e-01 3.352648398280143605e-01
4.379731604456903460e-01 4.991060674190522239e-01 3.352648398280143605e-01
4.379731604456903460e-01 4.991060674190522239e-01 3.352648398280143605e-01
4.379731604456902350e-01 4.991060674190522239e-01 3.352648398280143605e-01
4.379731604456903460e-01 4.991060674190522239e-01 3.352648398280143605e-01
4.379731604456903460e-01 4.991060674190522239e-01 3.352648398280143605e-01
4.379731604456903460e-01 4.991060674190522239e-01 3.352648398280143605e-01
4.379731604456903460e-01 4.991060674190522239e-01 3.352648398280143605e-01
4.379731604456903460e-01 4.991060674190522239e-01 3.352648398280143605e-01
4.379731604456903460e-01 4.991060674190522239e-01 3.352648398280143605e-01
4.379731604456903460e-01 4.991060674190522239e-01 3.352648398280143605e-01
4.379731604456903460e-01 4.991060674190522239e-01 3.352648398280143605e-01
4.379731604456903460e-01 4.991060674190522239e-01 3.352648398280143605e-01
4.379731604456903460e-01 4.991060674190522239e-01 3.352648398280143605e-01
4.379731604456903460e-01 4.991060674190521129e-01 3.352648398280143605e-01
4.379731604456903460e-01 4.991060674190522239e-01 3.352648398280143605e-01
4.379731604456903460e-01 4.991060674190522239e-01 3.352648398280143605e-01
4.379731604456903460e-01 4.991060674190522239e-01 3.352648398280143605e-01
4.379731604456903460e-01 4.991060674190521129e-01 3.352648398280143605e-01
4.379731604456903460e-01 4.991060674190522239e-01 3.352648398280143605e-01
4.379731604456903460e-01 4.991060674190522239e-01 3.352648398280143605e-01
4.379731604456903460e-01 4.991060674190522239e-01 3.352648398280143605e-01
4.379731604456903460e-01 4.991060674190522239e-01 3.352648398280143605e-01
4.379731604456903460e-01 4.991060674190522239e-01 3.352648398280143605e-01
4.379731604456903460e-01 4.991060674190522239e-01 3.352648398280143605e-01
4.379731604456903460e-01 4.991060674190522239e-01 3.352648398280143605e-01
4.379731604456903460e-01 4.991060674190522239e-01 3.352648398280143605e-01
4.379731604456903460e-01 4.991060674190522239e-01 3.352648398280143605e-01
4.379731604456903460e-01 4.991060674190522239e-01 3.352648398280143605e-01
4.379731604456903460e-01 4.991060674190522239e-01 3.352648398280143605e-01
4.379731604456903460e-01 4.991060674190522239e-01 3.352648398280143605e-01
4.379731604456903460e-01 4.991060674190522239e-01 3.352648398280143605e-01
4.379731604456903460e-01 4.991060674190522239e-01 3.352648398280143605e-01
4.379731604456903460e-01 4.991060674190522239e-01 3.352648398280143605e-01
4.379731604456903460e-01 4.991060674190522239e-01 3.352648398280143605e-01
4.379731604456903460e-01 4.991060674190522239e-01 3.352648398280143605e-01
4.379731604456903460e-01 4.991060674190523350e-01 3.352648398280143605e-01
4.379731604456903460e-01 4.991060674190522239e-01 3.352648398280143605e-01
4.379731604456903460e-01 4.991060674190522239e-01 3.352648398280143605e-01
4.379731604456903460e-01 4.991060674190522239e-01 3.352648398280143605e-01
4.379731604456903460e-01 4.991060674190522239e-01 3.352648398280143605e-01
4.379731604456903460e-01 4.991060674190522239e-01 3.352648398280143605e-01
4.379731604456903460e-01 4.991060674190522239e-01 3.352648398280143605e-01
4.379731604456903460e-01 4.991060674190522239e-01 3.352648398280143605e-01
4.379731604456903460e-01 4.991060674190522239e-01 3.352648398280143605e-01
4.445858711004259112e-01 4.943556070327759788e-01 3.342962643504142628e-01
4.516004958748819353e-01 4.877039670944214866e-01 3.323531156778335438e-01
4.693793916702272417e-01 4.691754758358002708e-01 3.253270319104194508e-01
5.036503040790559771e-01 4.306359171867371605e-01 3.046406215429305897e-01
5.163768196105958941e-01 4.152133345603943870e-01 2.955223998427390919e-01
5.282809102535248602e-01 4.006865203380586271e-01 2.861575639247894154e-01
5.495027863979341509e-01 3.740566551685334806e-01 2.673365256190299855e-01
5.697294735908510210e-01 3.509724020957948332e-01 2.406522190570831166e-01
5.731788092851640704e-01 3.474411845207215910e-01 2.321250891685485707e-01
5.816885495185853960e-01 3.415157973766328459e-01 2.127067005634307728e-01
5.834478849172594073e-01 3.414336621761323576e-01 2.076286083459853993e-01
5.868445748090745928e-01 3.398368239402772550e-01 1.990262871980666981e-01
5.871862733364107134e-01 3.414740443229676847e-01 1.910190513730049000e-01
5.874319636821748736e-01 3.417425930500032072e-01 1.872288665175437794e-01
5.868073517084123614e-01 3.441264808177949552e-01 1.792009404301643238e-01
5.865061396360399248e-01 3.455482900142671232e-01 1.742434991896152363e-01
5.811666363477709929e-01 3.514657199382783537e-01 1.682317858934402333e-01
5.761287623643877032e-01 3.501754581928254728e-01 1.629059544205665455e-01
5.746887290477754595e-01 3.374087989330293302e-01 1.606709218025207386e-01
5.748257750272753874e-01 3.292857885360719328e-01 1.601905828714370594e-01
5.749749356508258025e-01 3.147366225719453459e-01 1.609943068027496205e-01
5.750274622440341155e-01 3.092218220233918791e-01 1.612934625148773060e-01
5.754342937469485442e-01 3.004526078701020841e-01 1.625709390640258656e-01
5.759024137258532683e-01 2.968288540840150480e-01 1.633484965562820301e-01
5.763428622484210173e-01 2.906541109085084562e-01 1.633996745944022999e-01
5.774231368303301970e-01 2.823101758956910734e-01 1.630921965837478504e-01
5.779187196493151824e-01 2.790828824043276590e-01 1.625734722614288197e-01
5.782950186729434172e-01 2.768406748771669035e-01 1.619860908389091358e-01
5.794318878650668303e-01 2.706917405128480558e-01 1.618959909677505360e-01
5.800191426277163664e-01 2.682738780975343351e-01 1.617591983079910145e-01
5.808966571092608611e-01 2.649321436882020597e-01 1.614097958803176747e-01
5.813770407438281218e-01 2.630085229873658781e-01 1.615379235148429737e-01
5.816410297155383269e-01 2.614463448524476652e-01 1.612883961200713978e-01
5.820426607131961028e-01 2.597528576850892668e-01 1.609729236364364491e-01
5.823516809940341155e-01 2.590114951133729582e-01 1.609957671165466175e-01
5.824348890781405608e-01 2.584967494010926847e-01 1.607868826389312611e-01
5.825621896982196013e-01 2.581311345100403276e-01 1.605588725209236012e-01
5.828030818700793425e-01 2.576647281646730070e-01 1.605927056074142323e-01
5.828725659847262541e-01 2.575054645538331632e-01 1.601486957073211537e-01
5.829617494344714324e-01 2.571407437324525480e-01 1.592409095168113575e-01
5.832038933038714568e-01 2.565477371215821867e-01 1.588980263471603260e-01
5.832526350021365324e-01 2.562437534332276945e-01 1.585002100467681752e-01
5.834515506029132048e-01 2.554591178894043413e-01 1.581602549552917070e-01
5.837234073877337615e-01 2.545964598655702238e-01 1.582001081109046803e-01
5.838706606626513640e-01 2.540400505065919523e-01 1.579365289211273060e-01
5.839712285995486418e-01 2.538035392761232023e-01 1.577512180805206166e-01
5.844441765546801726e-01 2.530045390129090910e-01 1.573729223012924061e-01
5.848485344648364226e-01 2.525974392890931730e-01 1.573030209541320668e-01
5.855824613571170012e-01 2.518072605133058195e-01 1.569135865569114552e-01
5.857570731639865080e-01 2.519082903862001066e-01 1.563740974664687977e-01
5.859713369607928435e-01 2.522221088409425382e-01 1.550884550809860096e-01
5.859996938705447356e-01 2.521656036376954679e-01 1.537531024217605458e-01
5.859664493799212615e-01 2.521920680999757414e-01 1.532745665311813221e-01
5.860037171840670744e-01 2.523108601570130949e-01 1.525872057676315174e-01
5.859140419960024992e-01 2.521651864051820402e-01 1.506778678297996665e-01
5.859716647863391081e-01 2.520081281661988859e-01 1.501875972747802601e-01
5.862241053581240813e-01 2.512497186660767046e-01 1.489588177204131947e-01
5.861103200912478606e-01 2.510928392410279875e-01 1.479555225372314320e-01
5.860810244083407561e-01 2.509990811347962980e-01 1.474663621187209950e-01
5.860012584924700896e-01 2.509394168853761320e-01 1.468633642792701588e-01
5.858687573671343962e-01 2.508163928985597257e-01 1.455719923973083363e-01
5.857422614097598235e-01 2.507691264152528410e-01 1.447208529710769520e-01
5.857036674022677580e-01 2.506338238716127043e-01 1.441776907444000111e-01
5.855861866474154631e-01 2.505822658538819914e-01 1.432709550857543812e-01
5.855037534236910979e-01 2.501882195472718839e-01 1.428454002737998829e-01
5.852897578477862517e-01 2.500359296798707609e-01 1.424519127607345448e-01
5.848254972696307341e-01 2.501175880432130461e-01 1.418276137113571034e-01
5.847146922349931719e-01 2.499353170394899015e-01 1.416941291093825883e-01
5.844141358137133757e-01 2.500079751014711027e-01 1.406873917579650746e-01
5.843221360445025603e-01 2.498500227928163175e-01 1.405130407214164878e-01
5.841967576742175261e-01 2.496624469757081632e-01 1.402117988467216358e-01
5.840112978219988982e-01 2.491879940032960539e-01 1.400708413124084339e-01
5.838523322343829314e-01 2.489582777023316984e-01 1.399975723028182850e-01
5.836607778072360198e-01 2.487676620483399992e-01 1.399707129597663746e-01
5.829242730140689055e-01 2.478994011878968839e-01 1.397089219093322621e-01
5.824718588590624968e-01 2.476162195205690031e-01 1.393398201465606556e-01
5.823332035541537444e-01 2.472342133522035246e-01 1.393023139238357411e-01
5.819480979442599455e-01 2.467731118202211027e-01 1.391057974100112782e-01
5.815110319852831999e-01 2.463114142417909269e-01 1.390084034204482899e-01
5.812602156400683562e-01 2.459844827651979093e-01 1.388136005401611195e-01
5.810670220851901213e-01 2.455286264419557218e-01 1.388146659731864796e-01
5.809181296825411955e-01 2.447220563888551359e-01 1.389186537265777455e-01
5.809796416759493987e-01 2.445605278015138273e-01 1.389617031812667713e-01
5.808863753080371062e-01 2.444727897644044523e-01 1.388987234234809742e-01
5.806947761774066130e-01 2.439159035682679777e-01 1.390396139025688038e-01
5.805166178941729704e-01 2.436253905296327238e-01 1.390954560041427479e-01
5.803226643800738493e-01 2.431675672531129484e-01 1.391066914796829090e-01
5.802506321668627898e-01 2.430717229843141203e-01 1.390540382266044483e-01
5.801719093322755816e-01 2.424703717231752043e-01 1.391890501976013050e-01
5.801337474584582488e-01 2.422085881233216886e-01 1.391727781295776234e-01
5.794497245550158659e-01 2.484749436378480558e-01 1.373607820272445545e-01
5.800492429733279387e-01 2.508572816848756437e-01 1.374283289909362660e-01
5.840976351499560515e-01 2.513982534408570890e-01 1.395685604214668141e-01
5.858008974790576140e-01 2.519032239913941984e-01 1.405476188659667836e-01
5.911414885520938078e-01 2.490474462509156828e-01 1.445225036144256459e-01
5.933652484416964690e-01 2.472001194953920011e-01 1.450326150655746327e-01
5.992798769474032561e-01 2.398239254951478605e-01 1.479579812288284169e-01
6.048886144161227385e-01 2.309677481651307707e-01 1.521134680509567128e-01
6.096593701839450041e-01 2.225130081176759367e-01 1.559447652101516590e-01
6.141227746009829680e-01 2.138547182083131437e-01 1.610642603039741383e-01
6.162761712074282805e-01 2.094856977462770109e-01 1.633200204372405873e-01
6.186765992641451994e-01 2.047037959098817472e-01 1.671280717849731312e-01
6.195719206333163420e-01 2.031074047088624601e-01 1.698993301391601429e-01
6.197901034355166594e-01 2.025886654853822355e-01 1.716937577724456654e-01
6.202699208259585539e-01 2.013046026229859953e-01 1.737475587427615986e-01
6.204559469223025481e-01 2.006202816963197355e-01 1.751782080531120167e-01
6.208257043361666838e-01 1.998020887374879484e-01 1.761898069083690510e-01
6.211450064182284514e-01 1.985929489135743742e-01 1.781401714682578907e-01
6.213992202281954924e-01 1.979033827781678800e-01 1.789793750643730030e-01
6.214637422561648528e-01 1.972840309143067961e-01 1.800417160987853871e-01
6.214896404743197600e-01 1.969222307205201750e-01 1.806427544355392323e-01
6.217896604537966887e-01 1.957788348197938566e-01 1.821156001091003285e-01
6.218301618099215666e-01 1.956049084663392668e-01 1.825595131516456471e-01
6.221894288063052336e-01 1.945410251617433195e-01 1.838673731684684620e-01
6.222870910167697112e-01 1.940619230270387296e-01 1.847142285108566151e-01
6.222303473949435393e-01 1.938910961151124601e-01 1.851823484897613392e-01
6.224465930461886565e-01 1.934838771820069914e-01 1.862313902378082142e-01
6.223380231857302824e-01 1.934106230735780363e-01 1.869477263092994557e-01
6.226042473316195647e-01 1.928636312484742765e-01 1.879054015874862538e-01
6.226853990554812590e-01 1.927037715911866789e-01 1.881749561429023609e-01
6.231133902072909514e-01 1.918382525444032316e-01 1.891809260845184193e-01
6.233621799945834319e-01 1.913501501083375578e-01 1.897354578971862382e-01
6.235195660591128508e-01 1.909655809402467375e-01 1.903844630718231068e-01
6.240553522109988371e-01 1.898933529853822355e-01 1.914805179834365711e-01
6.242787802219393889e-01 1.894926309585572843e-01 1.921162462234496937e-01
6.245139801502230803e-01 1.890029191970826750e-01 1.927760100364684925e-01
6.245135927200320403e-01 1.889403939247132902e-01 1.929136744141578541e-01
6.247098112106326262e-01 1.884356021881105070e-01 1.933895429968833790e-01
6.249251627922061125e-01 1.880044221878053312e-01 1.937841555476188526e-01
6.252593958377841155e-01 1.872778415679933195e-01 1.943928530812263356e-01
6.253112518787387053e-01 1.871250152587893290e-01 1.945141559839248802e-01
6.255224609375003020e-01 1.864792585372926359e-01 1.951348936557769642e-01
6.253975892066958586e-01 1.866725564002992277e-01 1.951936563849449024e-01
6.253765785694125334e-01 1.864464759826661711e-01 1.954837745428085471e-01
6.253985130786898772e-01 1.863763809204103117e-01 1.955625048279762135e-01
6.251183116436007658e-01 1.867232203483583097e-01 1.954229778051375932e-01
6.249447429180148283e-01 1.866000175476075773e-01 1.956195166707038746e-01
6.245957577228549162e-01 1.866711854934692827e-01 1.955165645480155812e-01
6.246518456935885588e-01 1.864833712577821379e-01 1.956353417038917408e-01
6.246837937831881682e-01 1.863907456398011808e-01 1.957012569904327259e-01
6.248513126373294035e-01 1.857946991920472746e-01 1.960034897923469410e-01
6.251262986660006682e-01 1.852730393409730558e-01 1.963399431109428273e-01
6.252669954299929778e-01 1.850098252296449308e-01 1.964391252398490773e-01
6.253213548660281340e-01 1.849068880081178312e-01 1.964870101213455067e-01
6.254092121124270598e-01 1.847527503967286711e-01 1.965054652094840870e-01
6.255894565582278410e-01 1.844158649444581632e-01 1.966249278187751637e-01
6.255920791625979582e-01 1.844161033630372648e-01 1.965984410047530995e-01
6.257934534549716155e-01 1.840445280075074796e-01 1.967496505379676686e-01
6.258202457427981535e-01 1.840088844299317961e-01 1.966614356637001182e-01
6.258988344669345061e-01 1.838635683059693937e-01 1.966983458399772511e-01
6.260016524791720549e-01 1.836765885353089933e-01 1.967517739534377919e-01
6.260543429851535002e-01 1.835948705673219328e-01 1.966868570446967945e-01
6.260102951526644866e-01 1.837118744850160246e-01 1.966141393780708180e-01
6.259841883182528655e-01 1.837851285934449796e-01 1.966011157631873951e-01
6.259981060028079192e-01 1.837790489196778898e-01 1.966488590836524830e-01
6.258912646770480315e-01 1.840384483337403898e-01 1.965356102585792408e-01
6.257615351676943938e-01 1.843632340431214933e-01 1.964744484424590931e-01
6.257255637645724455e-01 1.844618797302247648e-01 1.964354819059371815e-01
6.257193946838381926e-01 1.845162391662599211e-01 1.963420516252517567e-01
6.256811285018923918e-01 1.846337795257569914e-01 1.962441882491111622e-01
6.257726514339450041e-01 1.844841718673707609e-01 1.963353759050369129e-01
6.258129739761355559e-01 1.844360113143922453e-01 1.961828252673148976e-01
6.258892977237704436e-01 1.843156099319459562e-01 1.962659066915511952e-01
6.261393690109255949e-01 1.841346502304078703e-01 1.963628089427947865e-01
6.261446738243106047e-01 1.840972781181337004e-01 1.963439068198203907e-01
6.262240672111514250e-01 1.839415311813356046e-01 1.963805189728736744e-01
6.264057719707492033e-01 1.835613727569581632e-01 1.965114852786064015e-01
6.266004705429080168e-01 1.829368352890016203e-01 1.968180617690086232e-01
6.267314815521243254e-01 1.826500773429872160e-01 1.970016962289810047e-01
6.271187329292300383e-01 1.818880319595338468e-01 1.973229950666427479e-01
6.272560322284701506e-01 1.816197514533998136e-01 1.974695703387260304e-01
6.272887551784518401e-01 1.815582394599916105e-01 1.974895304441451893e-01
6.274794900417330901e-01 1.811948299407960539e-01 1.976615196466445790e-01
6.277621352672579924e-01 1.806419372558595304e-01 1.979569724202155934e-01
6.277480685710910002e-01 1.806836605072023039e-01 1.978655388951301441e-01
6.298074984550479094e-01 1.763310313224794035e-01 1.954323431849479542e-01
6.311520302295687834e-01 1.730443716049195890e-01 1.910856819152831898e-01
6.333230400085452239e-01 1.685556054115296964e-01 1.771933591365814076e-01
6.337406897544863860e-01 1.677046298980714445e-01 1.686038976907729969e-01
6.340322458744052092e-01 1.670949339866639738e-01 1.608316457271575795e-01
6.342343652248385588e-01 1.665897846221925382e-01 1.463212004303932057e-01
6.339267456531527678e-01 1.670692443847657804e-01 1.297926461696624623e-01
6.332352423667910735e-01 1.685724735260011320e-01 1.197836330533027516e-01
6.322485768795016448e-01 1.707087635993959074e-01 1.117826408147811756e-01
6.309821867942813078e-01 1.743134140968324308e-01 1.030064976215362416e-01
6.302881503105166594e-01 1.759483695030213957e-01 9.948574066162108043e-02
6.287023985385897795e-01 1.795953392982484464e-01 9.267248272895811656e-02
6.277416610717776457e-01 1.815770745277406339e-01 8.912693023681639293e-02
6.262956821918490569e-01 1.845977187156679911e-01 8.353766858577729715e-02
6.256922149658206145e-01 1.862249255180360441e-01 8.048757970333098033e-02
6.254695022106173674e-01 1.868184089660646086e-01 7.947835385799406627e-02
6.250710451602938811e-01 1.878659009933473234e-01 7.701070666313170054e-02
6.247750186920169035e-01 1.885044455528260832e-01 7.567849814891813853e-02
6.245609188079837004e-01 1.890044093132020597e-01 7.446150541305540660e-02
6.244409644603732268e-01 1.892627954483033781e-01 7.384710073471068004e-02
6.239991748332980315e-01 1.902087211608888273e-01 7.192908287048338511e-02
6.237077677249911467e-01 1.908390998840333586e-01 7.042560040950773814e-02
6.235470736026766936e-01 1.911753296852113371e-01 6.978565514087675670e-02
6.231445336341860930e-01 1.920257687568666105e-01 6.809021592140196422e-02
6.228503549098971526e-01 1.926500678062439409e-01 6.669509470462794964e-02
6.227284336090090910e-01 1.929079174995423918e-01 6.601037144660948375e-02
6.227019691467288176e-01 1.930072784423829679e-01 6.472718775272368052e-02
6.227653288841250578e-01 1.929055333137513761e-01 6.438593626022337535e-02
6.229115092754367033e-01 1.926320075988771086e-01 6.392557978630064586e-02
6.230024659633639494e-01 1.924544453620912199e-01 6.392194390296934703e-02
6.230840051174166838e-01 1.922895193099977140e-01 6.342694222927092174e-02
6.230865085124972502e-01 1.922321796417237882e-01 6.320305228233336070e-02
6.230088734626773039e-01 1.922444581985475187e-01 6.297685265541075328e-02
6.229960584640505949e-01 1.922876715660096769e-01 6.247113704681395152e-02
6.229469442367556731e-01 1.924067616462709074e-01 6.209345221519468883e-02
6.227901840209963957e-01 1.927402496337892179e-01 6.152774453163145640e-02
6.226884388923648039e-01 1.929823637008668546e-01 6.078618824481962779e-02
6.226678156852725188e-01 1.930363655090333586e-01 6.060054957866667369e-02
6.226292216777804533e-01 1.931227922439576750e-01 6.043629407882689097e-02
6.224975550174716155e-01 1.934158682823182707e-01 5.974429905414579967e-02
6.224093401432040373e-01 1.936043977737428312e-01 5.937042891979216197e-02
6.223192775249484221e-01 1.937886953353883390e-01 5.907659292221068004e-02
6.222561264038088957e-01 1.939226269721985307e-01 5.879470765590666392e-02
6.222094261646273772e-01 1.940210938453675871e-01 5.851267337799070933e-02
6.220297777652743498e-01 1.943867683410646086e-01 5.770471751689909556e-02
6.220073962211611907e-01 1.944213986396791105e-01 5.745270907878874400e-02
6.217941904067996184e-01 1.945642709732057218e-01 5.706507027149199107e-02
6.216361486911776701e-01 1.946154713630677824e-01 5.685442745685576060e-02
6.214403772354128996e-01 1.944891691207887296e-01 5.672110676765440562e-02
6.214576029777529875e-01 1.944181203842164640e-01 5.662174582481382945e-02
6.215034985542300383e-01 1.942911624908448820e-01 5.656500220298765758e-02
6.215059721469882170e-01 1.941047787666321245e-01 5.648776948451994517e-02
6.215046906471255461e-01 1.940041661262513761e-01 5.611231982707975963e-02
6.215179228782656828e-01 1.939695954322816496e-01 5.591405987739561656e-02
6.215236449241641203e-01 1.939313292503358488e-01 5.569875299930571177e-02
6.215591394901278655e-01 1.938525319099427824e-01 5.570189714431761363e-02
6.218365693092349211e-01 1.932987451553346281e-01 5.578197598457335094e-02
6.220932269096377532e-01 1.927692174911500578e-01 5.597849249839781383e-02
6.223166549205783049e-01 1.921347260475160246e-01 5.620166718959807017e-02
6.224777364730837981e-01 1.918071389198304777e-01 5.635942578315733531e-02
6.226234102249148528e-01 1.915389776229859953e-01 5.641995429992674449e-02
6.227206254005435149e-01 1.913537263870240812e-01 5.642093777656553844e-02
6.228572094440463225e-01 1.911034464836122160e-01 5.658903777599333385e-02
6.229093635082247893e-01 1.910191655158998136e-01 5.653466343879698375e-02
6.228654646873477141e-01 1.911326527595521574e-01 5.647392630577086070e-02
6.229701602458956877e-01 1.909637928009033647e-01 5.660539925098417857e-02
6.230142974853518645e-01 1.908867835998536711e-01 5.665008783340452769e-02
6.229866409301760832e-01 1.909602761268617277e-01 5.658838212490080455e-02
6.230972969532015959e-01 1.907603025436402921e-01 5.674845039844514383e-02
6.231236720085147063e-01 1.907140493392945890e-01 5.678132236003874400e-02
6.231566631793978850e-01 1.906497955322267179e-01 5.676692783832548717e-02
6.232014262676242033e-01 1.905591368675233488e-01 5.681805372238157847e-02
6.232497954368594328e-01 1.904628753662110929e-01 5.688072800636290172e-02
6.232758724689486662e-01 1.904148340225221281e-01 5.685137271881102183e-02
6.232763195037844817e-01 1.904125690460206632e-01 5.686582684516905406e-02
6.234128141403201262e-01 1.901405930519105558e-01 5.706755876541136363e-02
6.234525704383853117e-01 1.900591135025025968e-01 5.709008932113646129e-02
6.234485769271853606e-01 1.900592923164369230e-01 5.705134630203245738e-02
6.234700047969821135e-01 1.900122642517091398e-01 5.708038866519926646e-02
6.235331559181216399e-01 1.898730874061586027e-01 5.711303710937498668e-02
6.235745811462405364e-01 1.897848725318910246e-01 5.713395833969114879e-02
6.236400270462039153e-01 1.896479606628419523e-01 5.719710946083067515e-02
6.236887538433077971e-01 1.895437717437745695e-01 5.720721244812010386e-02
6.237246656417849699e-01 1.894366621971131925e-01 5.717597961425779918e-02
6.236688160896304289e-01 1.895302414894105558e-01 5.715368747711180308e-02
6.236473286151889006e-01 1.895600438117982511e-01 5.714419543743132213e-02
6.234964692592623869e-01 1.898392915725709562e-01 5.700942933559416392e-02
6.234711670875552336e-01 1.898866176605226164e-01 5.698762893676756480e-02
6.233969295024874846e-01 1.900322318077088957e-01 5.691939651966093638e-02
6.233800613880160491e-01 1.900659680366517668e-01 5.690313935279844859e-02
6.208797061443331877e-01 1.842281103134156828e-01 5.939641654491423228e-02
6.181310081481936614e-01 1.782498240470887785e-01 6.441056787967680552e-02
6.080717408657076994e-01 1.635042309761048918e-01 8.221869230270384410e-02
5.991933310031893889e-01 1.552610874176026945e-01 9.476091027259825328e-02
5.677480065822605448e-01 1.389384746551515226e-01 1.252869746088981495e-01
5.156373047828677336e-01 1.308088183403016691e-01 1.548455214500427113e-01
4.412446507811548790e-01 1.401767611503601518e-01 1.725113360583782063e-01
3.550970257818701903e-01 1.683141469955444780e-01 1.811845308542251454e-01
2.744407469034197966e-01 2.058520793914795366e-01 1.869185274839401112e-01
2.354785093665125173e-01 2.262592196464539018e-01 1.892611092329025135e-01
1.616738104820253930e-01 2.702094793319701482e-01 1.931397324800491200e-01
1.274543368816378197e-01 2.929911494255065252e-01 1.949892869591712818e-01
9.566029548645044178e-02 3.153049528598784734e-01 1.967592245340347157e-01
3.876602292060876698e-02 3.569877922534941961e-01 2.008432304859161244e-01
-9.290102720260484670e-03 3.914648771286009521e-01 2.064585766196250782e-01
-3.115612626075725533e-02 4.068786382675169677e-01 2.097732207179069386e-01
-6.684914588928203560e-02 4.324243843555449218e-01 2.158186367154121266e-01
-1.028505301475522993e-01 4.609409153461454522e-01 2.222812107205390797e-01
-1.099322175979612348e-01 4.673130691051482488e-01 2.236478185653686668e-01
-1.234593129158018110e-01 4.786715388298032892e-01 2.262676289677619801e-01
-1.301948463916776655e-01 4.849088370800016534e-01 2.279147362709044999e-01
-1.375482714176176624e-01 4.901619434356687677e-01 2.299248805642127857e-01
-1.397531068325040815e-01 4.920162141323087823e-01 2.304212233424186573e-01
-1.425488030910490589e-01 4.947973668575285089e-01 2.311343482136726246e-01
-1.462426221370695667e-01 4.968529820442197931e-01 2.320889613032340870e-01
-1.466580963134764271e-01 4.970693469047544610e-01 2.322309321165084706e-01
-1.473090982437132435e-01 4.970386207103727472e-01 2.326612254977226124e-01
-1.484600341320036487e-01 4.965633332729337823e-01 2.334867125749587879e-01
-1.482801473140715198e-01 4.955271661281583917e-01 2.339036023616790638e-01
-1.481868660449980335e-01 4.946505904197691095e-01 2.342207214236259327e-01
-1.478644049167631702e-01 4.933316886425016534e-01 2.345858371257781849e-01
-1.477907931804655628e-01 4.927368342876432550e-01 2.348042434453963823e-01
-1.470245456695555286e-01 4.915389001369474542e-01 2.349369457364082203e-01
-1.467661893367765980e-01 4.909358799457548272e-01 2.350638812780379838e-01
-1.473299300670622425e-01 4.902458965778349054e-01 2.353855973482131825e-01
-1.474203503131865101e-01 4.899301707744596612e-01 2.354844814538955555e-01
-1.480504906177519397e-01 4.893894970417020929e-01 2.357499679923057423e-01
-1.484851276874540882e-01 4.889970600605009210e-01 2.359963065385818348e-01
-1.485506033897399103e-01 4.887249052524564874e-01 2.359800493717193470e-01
-1.489987707138060169e-01 4.887607574462888849e-01 2.360948330163955555e-01
-1.507242059707640247e-01 4.895408928394315851e-01 2.363779997825622425e-01
-1.510297989845274524e-01 4.898776590824125421e-01 2.362969598174095021e-01
-1.516395843029020862e-01 4.904264688491819513e-01 2.363426393270492420e-01
-1.530526316165922718e-01 4.918840408325193536e-01 2.363757050037383900e-01
-1.533723509311674671e-01 4.921227276325224054e-01 2.363246163725852833e-01
-1.546770071983336048e-01 4.935004591941831720e-01 2.363762041926383839e-01
-1.552476918697355268e-01 4.938905715942381036e-01 2.363903751969337330e-01
-1.577385699748991565e-01 4.919111609458921563e-01 2.358245930075645314e-01
-1.578334307670591907e-01 4.919181942939756524e-01 2.358464008569717274e-01
-1.437856888771055774e-01 4.987645626068113458e-01 2.382420009374618397e-01
-1.204288935661314563e-01 5.093986272811887872e-01 2.508186107873916493e-01
-1.086137032508848743e-01 5.137770056724546563e-01 2.610276123881339894e-01
-8.346951365470872686e-02 5.198002636432645929e-01 2.974283403158187733e-01
-7.444885730743394658e-02 5.200202047824857843e-01 3.198393365740775929e-01
-7.176185011863694951e-02 5.192994654178617608e-01 3.296832746267318592e-01
-6.890371799468980596e-02 5.149516046047208917e-01 3.548741123080253468e-01
-6.882486104965190865e-02 5.121343910694120538e-01 3.694363987445831166e-01
-6.926179289817790963e-02 5.086914777755735528e-01 3.823758369684219227e-01
-6.942180156707750127e-02 5.069900035858152521e-01 3.877484059333801136e-01
-6.953165292739854619e-02 5.048830389976499688e-01 3.968586778640746937e-01
-7.026365756988506295e-02 5.036594152450559747e-01 4.038659191131591664e-01
-7.026592254638658330e-02 5.030473351478574884e-01 4.066104447841644154e-01
-7.017594933509813115e-02 5.022968530654905450e-01 4.103845512866973744e-01
-7.032290458679185674e-02 5.020166516304014337e-01 4.122348582744598255e-01
-7.081544756889324166e-02 5.018986046314237726e-01 4.156422024965286122e-01
-7.098549962043748662e-02 5.021436393260954034e-01 4.166767305135726795e-01
-7.121542453765855596e-02 5.026802003383634698e-01 4.182486987113952503e-01
-7.152602434158317202e-02 5.029424905776975763e-01 4.187162971496581898e-01
-7.205734014511094854e-02 5.037540376186369073e-01 4.200146949291229115e-01
-7.227385401725749947e-02 5.047613263130186212e-01 4.212795650959014759e-01
-7.270813345909105108e-02 5.051742672920225274e-01 4.220903372764587269e-01
-7.282024979591356084e-02 5.053819298744199884e-01 4.229371106624603138e-01
-7.305351257324205205e-02 5.065190672874448907e-01 4.240479624271392689e-01
-7.343492269515977666e-02 5.071517705917356622e-01 4.244829720258712635e-01
-7.365057229995713994e-02 5.074909508228300226e-01 4.252423799037933216e-01
-7.350489854812608526e-02 5.084710299968717706e-01 4.262724673748016224e-01
-7.337159276008592412e-02 5.088907659053800714e-01 4.266211843490600453e-01
-7.315734386444078252e-02 5.090454101562498224e-01 4.273972666263580189e-01
-7.291368007659898565e-02 5.093566060066221368e-01 4.283641284704208241e-01
-7.305136680603013799e-02 5.096117436885834184e-01 4.288889324665069447e-01
-7.318309307098375127e-02 5.099706530570982110e-01 4.294375336170196400e-01
-7.325178742408738897e-02 5.105922698974607599e-01 4.311697936058044300e-01
-7.324207186698900029e-02 5.107412815093992364e-01 4.317638432979583607e-01
-7.332972049713121221e-02 5.110448181629179132e-01 4.326101398468017445e-01
-7.336104273796067998e-02 5.114447355270383966e-01 4.332745528221130238e-01
-7.335144639015184209e-02 5.116783559322355401e-01 4.335574066638946400e-01
-7.339719295501695440e-02 5.119294404983518731e-01 4.336733675003051625e-01
-7.350570321083055303e-02 5.123819887638090265e-01 4.342824971675872670e-01
-7.331785917282090947e-02 5.122355699539182794e-01 4.343135213851928578e-01
