6.704036178271441937e-01 -8.263896973848339211e-02 1.260147372974826929e-01
6.704515811953485338e-01 -8.273115808296199747e-02 1.255349065248221319e-01
6.700714736510694491e-01 -8.383812542887025820e-02 1.276256480234636559e-01
6.670748587696760934e-01 -7.584617511185254290e-02 1.535612074039482966e-01
6.670550334538458692e-01 -7.576594977683570598e-02 1.538595699567966157e-01
6.670711797225296058e-01 -7.574932640788700766e-02 1.539212923320107951e-01
6.670781326002865885e-01 -7.580152906341103280e-02 1.536615136673875615e-01
6.700379971008956215e-01 -8.550318402085455016e-02 1.274726293140524547e-01
6.703398053283691205e-01 -8.255035241382568945e-02 1.262434514257377849e-01
6.702565171607792749e-01 -8.415919994593412667e-02 1.263099082819483243e-01
6.640323336922436814e-01 -7.569028206671774006e-02 1.530261232144474182e-01
6.670135172170579274e-01 -7.577770377547293768e-02 1.538600894293329358e-01
6.670658882564515224e-01 -7.581873029999430802e-02 1.536886247798263661e-01
6.670093692324489121e-01 -7.574553789048643626e-02 1.540909624933830546e-01
6.667097722962170847e-01 -7.703321577917782159e-02 1.553242686197779943e-01
6.702318323698490676e-01 -8.406365945630517311e-02 1.265974497934274634e-01
6.670310960864841432e-01 -7.578181454346322177e-02 1.538375190821461569e-01
6.703094961971343135e-01 -8.251266061538459207e-02 1.264027637749998156e-01
6.670599477042764569e-01 -7.579506690467147090e-02 1.538084255696929858e-01
6.703381905892044079e-01 -8.414835422584415747e-02 1.261174154761299793e-01
6.671427244561671799e-01 -7.590819012950356104e-02 1.534448462679163239e-01
6.670422365718066127e-01 -7.575641677483913039e-02 1.538317760879754914e-01
6.702215897328972494e-01 -8.404851827075326964e-02 1.265083700320399629e-01
6.704161371535003466e-01 -8.262228861118853240e-02 1.259913487844539492e-01
6.704233753385037131e-01 -8.266801526490596963e-02 1.259123465491598370e-01
6.704045483749866419e-01 -8.261074798585466006e-02 1.258570533105358713e-01
6.704259367104590250e-01 -8.262144199478621553e-02 1.259938526074082521e-01
6.670060171318203945e-01 -7.571204754984373064e-02 1.539435780417754973e-01
6.669994190856843863e-01 -7.572328356739133071e-02 1.539768644787782303e-01
6.671171094732523121e-01 -7.587713121302425145e-02 1.534304720842880609e-01
6.669150892268658204e-01 -7.560221491216867484e-02 1.545646609713680064e-01
6.669184483519255968e-01 -7.724689704849568850e-02 1.541057206016247516e-01
6.702641089391618845e-01 -8.415425941034404556e-02 1.261811349892609790e-01
6.669481146970956953e-01 -7.728566067302972131e-02 1.541234212581852336e-01
6.769794791003227452e-01 -9.145643628744032361e-02 9.775992031725277975e-02
6.670483305413812403e-01 -7.583154489873350501e-02 1.536769971516549482e-01
6.667811784805357522e-01 -7.704604627750810675e-02 1.550612273039861932e-01
6.669370501521856287e-01 -7.562753188481918798e-02 1.543625908728227802e-01
6.669614289374501404e-01 -7.567928233748671962e-02 1.540588768814221687e-01
6.669713963063359508e-01 -7.568977150486405625e-02 1.541505257598712042e-01
6.669804036273747627e-01 -7.573034277398132952e-02 1.540973006737775819e-01
6.670140297663569307e-01 -7.735892608989775043e-02 1.538535072710558449e-01
6.639925195721387841e-01 -7.567631515661621400e-02 1.531388598597129835e-01
6.670973189002901149e-01 -7.588835354765499641e-02 1.535398073679319353e-01
6.669315416466712332e-01 -7.568965046877412783e-02 1.542977597546510982e-01
6.703692097538351824e-01 -8.418074809572845263e-02 1.259716137859665519e-01
6.667468588901132032e-01 -7.867893965504313414e-02 1.549148169192380298e-01
6.668420533818483209e-01 -7.714040239310260283e-02 1.546062095796940650e-01
6.703602858998150005e-01 -8.258045200568436828e-02 1.262227315232500313e-01
6.702888631801218189e-01 -8.245372508697207392e-02 1.265412767349600731e-01
6.670473114648283186e-01 -7.583246049219366514e-02 1.537042890630155867e-01
6.670453299293070959e-01 -7.580453817564991592e-02 1.537059923126644634e-01
6.667651894051015438e-01 -7.702792656397816629e-02 1.553020567906588933e-01
6.703335227668970608e-01 -8.253095506154001226e-02 1.263472399848817318e-01
6.700497855361968735e-01 -8.386829870279127741e-02 1.275991984120905531e-01
6.670551931761801168e-01 -7.740814672388879325e-02 1.535261656742816783e-01
6.702942115235119847e-01 -8.249735326950996539e-02 1.265001110960446429e-01
6.667172914149970264e-01 -7.700011035784332103e-02 1.553629923452397588e-01
6.637830103847950358e-01 -6.908860019321738655e-02 1.809281944773106776e-01
6.670076194157421590e-01 -7.742215120887752100e-02 1.536920290688186252e-01
6.670068561848044864e-01 -7.564790036807950147e-02 1.541296205154969456e-01
6.670161974702596419e-01 -7.571821168973291716e-02 1.540804917369580362e-01
6.667409419820934380e-01 -7.705945396875590880e-02 1.552823912693344077e-01
6.703152919978976332e-01 -8.251004400385908433e-02 1.264099689739985877e-01
6.641898160753667568e-01 -7.419824157693227784e-02 1.523477297204800518e-01
6.670357975957691421e-01 -7.571837015495447298e-02 1.539941187844684478e-01
6.703529482993304534e-01 -8.252976047070320620e-02 1.262188821658865034e-01
6.668687387369096609e-01 -7.711060143052783644e-02 1.545993004395225245e-01
6.670052756642490532e-01 -7.575264397430420127e-02 1.540999180441811056e-01
6.703451817434191717e-01 -8.255523546315723937e-02 1.262803486483259352e-01
6.702861417039722713e-01 -8.251212833433596572e-02 1.265368227361551856e-01
6.671032570208966783e-01 -7.589584549295902427e-02 1.534239048675387629e-01
6.668523727630436548e-01 -7.712399311703438398e-02 1.546886043598145744e-01
6.669500312040269607e-01 -7.727263768681880141e-02 1.538724126392008174e-01
6.667663686755807007e-01 -7.873023707623033607e-02 1.547431140432482533e-01
6.669284331588000159e-01 -7.726867482174926138e-02 1.541627576621622531e-01
6.703517020718186004e-01 -8.420364405519514817e-02 1.258445277543998042e-01
6.574349453995853576e-01 -6.382916696307805449e-02 2.076981089866973829e-01
6.661930610049695556e-01 -7.331182075377551399e-02 1.844889234560749269e-01
6.662694890861242669e-01 -7.342467861785734184e-02 1.838210892049034761e-01
6.664262350793004330e-01 -7.198049934894590329e-02 1.832180116812818227e-01
6.604565911007345136e-01 -6.403693759645517902e-02 2.078870803306653858e-01
6.607508805443823574e-01 -6.897801172648371226e-02 1.802783083942338660e-01
6.574950609942763480e-01 -6.850443882255996542e-02 1.809425144298186794e-01
6.646295946071236749e-01 -7.431910460025814569e-02 1.227621578622319909e-01
6.622396860308199518e-01 -6.993747125397620223e-02 1.188976463370592374e-01
6.623803775603920307e-01 -6.671352340215441767e-02 1.183867034357322101e-01
6.476339753670663502e-01 -4.772551954329012913e-02 1.685324393349154626e-01
6.306474514026433331e-01 -3.251181186291568492e-02 2.165006114671512716e-01
6.352613860653161248e-01 -5.193180708117778321e-02 1.050892788179800252e-01
6.053556726224005313e-01 -3.048223198609051332e-02 1.233436875119671150e-01
5.863576919022948086e-01 -2.800951408965884903e-02 1.196752068648099243e-01
5.717001658403784159e-01 -2.095425992608063170e-02 1.484038215969873953e-01
5.626253565816752289e-01 -2.296045200724150526e-02 8.391301532825412579e-02
5.093089881608935388e-01 1.842548186789783049e-02 9.140432696097366971e-02
4.601868882574342567e-01 8.188797714073214884e-02 1.489631645618427758e-01
4.292011050097077618e-01 1.343134267555475270e-01 1.776962762973353094e-01
4.132511992623165709e-01 1.758533493782132862e-01 1.327031703807795004e-01
4.022279629799589973e-01 2.109986283806710716e-01 1.435901374327726021e-01
3.876207853370428058e-01 2.351160475974082842e-01 1.579747026539208843e-01
3.848465755858450632e-01 2.520105207408964709e-01 1.749905990107343268e-01
3.851898480524271751e-01 2.652121297431886404e-01 1.993048884809329735e-01
3.930095001173258273e-01 2.677578882410525662e-01 2.180553136755825072e-01
3.977802004758119736e-01 2.704452419757247816e-01 2.388454709840355239e-01
3.898716588661610971e-01 2.732300330350995177e-01 1.665772819696693663e-01
3.671185137346744676e-01 2.821499258540869359e-01 1.368384481831668165e-01
3.257402815407245966e-01 2.955164647363126562e-01 1.584273460346892204e-01
2.708518486783147439e-01 3.119555453324318606e-01 9.860959536271685089e-02
2.074828403775513253e-01 3.273825905523896074e-01 1.723683414140193548e-01
1.330168093878865698e-01 3.511357798656821738e-01 2.969774889770508963e-01
6.532607287931441187e-02 3.711284616336822939e-01 2.510845553810596709e-01
3.362115533484216767e-02 3.813916773967743756e-01 2.491236657931266141e-01
-3.045384879643919795e-02 4.050065788967013303e-01 1.791221596964656104e-01
-1.835877707172639539e-02 3.998264141396880023e-01 2.677523159795403007e-01
-1.289856060475110811e-01 4.307509037112594030e-01 7.528790188127798544e-03
-4.539899625811572026e-02 3.950928494052887152e-01 2.509484381019830845e-01
-3.929644053668979176e-02 3.986368198103309446e-01 2.696871417232453716e-01
4.953299999999999925e-01 2.731419999999999959e-01 1.578349999999999920e+00
4.953299999999999925e-01 2.731419999999999959e-01 1.578349999999999920e+00
4.953299999999999925e-01 2.731419999999999959e-01 1.578349999999999920e+00
-8.358574909178018153e-02 4.310274843295812675e-01 1.574858108352721331e-01
-4.042576018586163666e-02 4.089883934925794828e-01 2.686573301159977945e-01
-9.469546907253267864e-02 4.092768902003168785e-01 1.424006754393756236e-01
-5.423747623202801460e-02 3.944224120199680828e-01 3.165824882164358645e-01
-2.682123910387745891e-02 3.383172927390933893e-01 3.354789761701344464e-01
1.921522087624072395e-02 2.766755197495818219e-01 3.723350705709516095e-01
5.128667773952483300e-02 2.261098275607526520e-01 3.304037663056700325e-01
9.922764380132553796e-02 1.890200246388018535e-01 3.428907315512179643e-01
1.545318399488567751e-01 1.451651201464236318e-01 3.372207693766799963e-01
1.909770564596890985e-01 9.526635176426173635e-02 2.909891121729315522e-01
2.083941692944824009e-01 4.825076928260924047e-02 2.401741348629653494e-01
2.207157622857988111e-01 -6.705693474367224738e-03 2.372344905209435861e-01
2.187128014269857923e-01 -3.838106365162879952e-02 2.524903086672489749e-01
2.399858282634511619e-01 -7.111821166406939732e-02 2.639205617960591610e-01
2.547660841395795184e-01 -9.401469574875381818e-02 2.212223678865812282e-01
2.792799983076870163e-01 -1.348421394901945514e-01 2.120992670959434001e-01
2.602264986507832889e-01 -1.579483582913205064e-01 1.327989024797358031e-01
2.806860283581286142e-01 -1.512209687790423696e-01 1.596767043236195782e-01
2.835188719627826925e-01 -1.579475291869714693e-01 1.339412318192936269e-01
2.832830337381988528e-01 -1.573462617603540170e-01 1.011056891365602617e-01
2.809654081707894657e-01 -1.445050792699753839e-01 1.258080797727703093e-01
2.781311196062028479e-01 -1.396416161640286480e-01 1.240155207398803139e-01
2.716169958401024598e-01 -1.376670653869956351e-01 1.226438922488135574e-01
2.749211746017247160e-01 -1.379689199996813886e-01 1.227552932624154103e-01
2.816424665144174888e-01 -1.368808854956551913e-01 1.227243867545955158e-01
2.687130283808081832e-01 -1.615444877897426190e-01 3.498095580914539759e-02
2.731089015959203836e-01 -1.532262334271519977e-01 6.457988556648319722e-02
2.751987094402700840e-01 -1.361148597393706527e-01 1.233085767962820434e-01
2.685924735785305550e-01 -1.618433749562129265e-01 3.424260682551349966e-02
2.696108734249442751e-01 -1.545063482270389865e-01 6.526044173507994373e-02
2.696005166602790104e-01 -1.544719039415642092e-01 6.535335961778554470e-02
2.695665811087191166e-01 -1.546538641617521415e-01 6.469737560304489321e-02
2.661332504952609312e-01 -1.542756538571789238e-01 6.506921625321138158e-02
2.706718804333567707e-01 -1.457943165593668655e-01 9.478430056991649089e-02
2.791410775629132868e-01 -1.301252157742827931e-01 1.503591911339461351e-01
2.695682701676428428e-01 -1.546606698170751026e-01 6.481160211967673668e-02
2.758209320880085080e-01 -1.300108256244063010e-01 1.496952097837938034e-01
2.686699145452111637e-01 -1.617123652780577125e-01 3.476696972577486555e-02
2.800416192480593702e-01 -1.222243740913196985e-01 1.771567725241265379e-01
2.790909427147597044e-01 -1.301067295514419797e-01 1.504156084128118742e-01
2.824635041176199457e-01 -1.287725229714438147e-01 1.503579481485375346e-01
2.785126001951485630e-01 -1.363356091536134240e-01 1.236413354049594737e-01
2.832293525666952361e-01 -1.212429868870153749e-01 1.761196139716827425e-01
2.783836230538219159e-01 -1.365421698909997650e-01 1.228462504414957746e-01
2.741914334821820010e-01 -1.446127722761481604e-01 9.423270811844619566e-02
2.751066574211090687e-01 -1.363612081775888163e-01 1.223279586075982639e-01
2.708560123823195998e-01 -1.443118827175869923e-01 9.427601186373602005e-02
2.697621737384439111e-01 -1.527912096804156517e-01 6.517076732786519777e-02
2.774848395730346029e-01 -1.446709328455403065e-01 9.480375058505297048e-02
2.752042436693906691e-01 -1.360346500849872742e-01 1.235911773631677146e-01
2.832756257801621880e-01 -1.211731197698935891e-01 1.762705916003903805e-01
2.650581911377042355e-01 -1.618542119578122995e-01 3.296997891748398857e-02
2.792186646194875221e-01 -1.287252060667350984e-01 1.495330457221706322e-01
2.824240865200936534e-01 -1.290114946067481838e-01 1.495373240543558246e-01
2.783699112181961532e-01 -1.367336437865346310e-01 1.221652105219408480e-01
2.824709677544355868e-01 -1.288867507892324793e-01 1.499182238242797727e-01
2.784294461046606384e-01 -1.365709365395158525e-01 1.226561439741582493e-01
2.816440274986922176e-01 -1.369492065714895679e-01 1.222981647723853094e-01
2.830652783047914456e-01 -1.227624237245097394e-01 1.763292062446735198e-01
2.864374420990615788e-01 -1.212703347292318490e-01 1.768716235253371405e-01
2.784856910899162763e-01 -1.363428444411977913e-01 1.235335841582154703e-01
2.783667734342812894e-01 -1.367316603872850422e-01 1.222114740080111339e-01
2.793168927520424116e-01 -1.284741540742441457e-01 1.504957291265272001e-01
2.775457037976950536e-01 -1.446135529453679569e-01 9.520648326090497271e-02
2.742133282127141580e-01 -1.445209972874373361e-01 9.453752265162029822e-02
2.697923014039605993e-01 -1.529097982531339162e-01 6.478808058153084914e-02
2.785059251162826932e-01 -1.362581329466402147e-01 1.237817698493242080e-01
2.708030877442657580e-01 -1.444093979785740500e-01 9.395775690780872047e-02
2.824941966194212117e-01 -1.287757081209718879e-01 1.503482393896220515e-01
2.825214693752408079e-01 -1.287192581577822348e-01 1.504088355894215301e-01
2.825600572134971955e-01 -1.286646109555586448e-01 1.507185372706210114e-01
2.651881369229227570e-01 -1.616259402073695894e-01 3.398963561356738161e-02
2.832978842206448356e-01 -1.210100621572285928e-01 1.767676677734404400e-01
2.831776796243131167e-01 -1.212934969935268170e-01 1.757733278444515435e-01
2.784483494163751960e-01 -1.364889794759898967e-01 1.228367790758475575e-01
2.816241196914762712e-01 -1.368014411608129421e-01 1.229071229959279865e-01
2.816450584978371641e-01 -1.367318227448090506e-01 1.230966576170615667e-01
2.825351844074457386e-01 -1.286254871396496635e-01 1.506606104839960381e-01
2.776026282587975569e-01 -1.445345367160290051e-01 9.538476525948658136e-02
2.785227544971733971e-01 -1.362087314286679063e-01 1.239945520111294108e-01
2.824263027553439165e-01 -1.289202253739759052e-01 1.498127275914498124e-01
2.825865373862951890e-01 -1.287505368737727196e-01 1.504155533093245456e-01
2.793609175220340690e-01 -1.284913419927432854e-01 1.504284533249415912e-01
2.824614842253655445e-01 -1.289230877487658744e-01 1.498529550442084801e-01
2.826883829978078522e-01 -1.283704847266376181e-01 1.517421065412953851e-01
2.825201663674026809e-01 -1.287157855468019640e-01 1.505058267910770464e-01
2.825579947008222126e-01 -1.286194169756099404e-01 1.508067073621444099e-01
2.825885479702263670e-01 -1.285885606683865034e-01 1.509701916270234090e-01
2.833205198384314283e-01 -1.210485843789204929e-01 1.767263836308294866e-01
2.824168084673225332e-01 -1.288639040074795461e-01 1.498686057291134244e-01
2.824156505962640562e-01 -1.290390262135937549e-01 1.492741787115043905e-01
2.784993122507870011e-01 -1.363183860268890324e-01 1.236314662788033925e-01
2.832160282790809891e-01 -1.211433115100636615e-01 1.763657951358892362e-01
2.783831167044907851e-01 -1.366429749248623260e-01 1.223890492590142820e-01
2.824745173746198157e-01 -1.287784762051626952e-01 1.504860378536216903e-01
2.825139034999578636e-01 -1.287637690958827741e-01 1.504437148338080288e-01
2.784723781311541635e-01 -1.364859800903349685e-01 1.228928151998698315e-01
2.816291966302275629e-01 -1.367700535355955149e-01 1.229365513206763794e-01
2.818847768534272769e-01 -1.364457879424914311e-01 1.241894099533518148e-01
2.784726187626361815e-01 -1.365040052220820865e-01 1.229204166193960113e-01
2.816951314774424064e-01 -1.367402358825281217e-01 1.230448007741875571e-01
2.864731708062887017e-01 -1.212357428438960993e-01 1.769781613039105306e-01
2.783748522856562824e-01 -1.367206107852532715e-01 1.221574929569400059e-01
2.784189294862955966e-01 -1.364419209919273401e-01 1.230954431653215053e-01
2.824848404120325895e-01 -1.288343834701105584e-01 1.501404488564976880e-01
2.784006132419853952e-01 -1.365907736700176789e-01 1.226014453905774904e-01
2.792579492660671736e-01 -1.286866782004013610e-01 1.497458430029547927e-01
2.784103784802913206e-01 -1.364586707680299771e-01 1.231058895572536560e-01
2.697372121035128689e-01 -1.529388281017690920e-01 6.483598267567147744e-02
2.784033907543510544e-01 -1.364731181260272486e-01 1.231200378551295938e-01
2.824440054311633252e-01 -1.289382239839732547e-01 1.498193558531017988e-01
2.792893260325789440e-01 -1.286126260920837372e-01 1.500383027538707559e-01
2.783660715213387982e-01 -1.365581124514862743e-01 1.226473835203281126e-01
2.826150186063855485e-01 -1.286583205906003391e-01 1.507769442353545930e-01
2.784743189273923836e-01 -1.363528538804724410e-01 1.235062644231774698e-01
2.816643144756585393e-01 -1.367247550418004276e-01 1.232114810488633694e-01
2.824105206550329705e-01 -1.289677248261868470e-01 1.497195948914185060e-01
2.825596114430040107e-01 -1.287010995887145071e-01 1.507096388488968763e-01
2.816644031974553375e-01 -1.366992414340450768e-01 1.231845707150271974e-01
2.784740551577001844e-01 -1.364088709874152483e-01 1.233056732017114854e-01
2.816680312668531916e-01 -1.367277524934112365e-01 1.228709528798535011e-01
2.825338922501832162e-01 -1.286063399153276887e-01 1.508499347014984338e-01
2.775671127588182907e-01 -1.448025094130560575e-01 9.453556364637827336e-02
2.775839437153816425e-01 -1.445524108728393764e-01 9.533683836548090262e-02
2.783390787102639763e-01 -1.367160579728483594e-01 1.222204209778576800e-01
2.784305519148885799e-01 -1.364040669808760375e-01 1.233352999822727725e-01
2.825058778771400436e-01 -1.289066081253960605e-01 1.499363743498973722e-01
2.825155128464161836e-01 -1.287141773263886235e-01 1.505492254030846855e-01
2.824643329559773375e-01 -1.289628852790370706e-01 1.496236509974844253e-01
2.818380780953347875e-01 -1.363802448623403496e-01 1.243540026790206365e-01
2.825661379799276895e-01 -1.286732925800383176e-01 1.507468307815238440e-01
2.783090584634154707e-01 -1.378789617320597127e-01 1.236676437069073042e-01
2.792802091400831688e-01 -1.285747927522137568e-01 1.500638642656244581e-01
2.824905829303353544e-01 -1.288660549085810236e-01 1.499993503162837527e-01
2.792361772021263455e-01 -1.286370893998443621e-01 1.497900617861342987e-01
2.784810148923337891e-01 -1.363551275328024892e-01 1.235084960564856171e-01
2.817846051809340668e-01 -1.365336461773440369e-01 1.238453708146056709e-01
2.825706446614354439e-01 -1.285887084234803301e-01 1.509221621215879328e-01
2.825130480019301116e-01 -1.287029672399833680e-01 1.506050959371305620e-01
2.783546506794541964e-01 -1.366310274460315610e-01 1.224602384432478264e-01
2.825718316912919081e-01 -1.286610644895062050e-01 1.506311489969245354e-01
2.826495944194137855e-01 -1.274070179904326361e-01 1.494079401086516601e-01
2.817291539468615991e-01 -1.367521225087940384e-01 1.231240233729138378e-01
2.776250070059955166e-01 -1.444701427692472728e-01 9.568920959348070632e-02
2.825250153981416767e-01 -1.287479272424652821e-01 1.505827025201238456e-01
2.825736386390269028e-01 -1.287195834239870385e-01 1.505071887222184657e-01
2.817679223527163046e-01 -1.364963493793233673e-01 1.239428168523870610e-01
2.826120502835214321e-01 -1.286691114511713252e-01 1.506410489218061866e-01
2.824458150656342648e-01 -1.289475543058291040e-01 1.497078959824940103e-01
2.825618634749025304e-01 -1.286604353452324434e-01 1.506970333132608975e-01
2.826078257922232106e-01 -1.285203068128302761e-01 1.511544119328580571e-01
2.816785933776050355e-01 -1.367516909060776109e-01 1.230337948830528827e-01
2.816553004984438946e-01 -1.369445176030695266e-01 1.224307849318384545e-01
2.816285033269881888e-01 -1.367786126347183551e-01 1.228497015444218743e-01
2.857472636487453643e-01 -1.288094648354649041e-01 1.510016536047980029e-01
2.775615186794518907e-01 -1.446218170103505118e-01 9.503918411770384544e-02
2.824829227393717002e-01 -1.289239733963832013e-01 1.497102203008613408e-01
2.825331611781656260e-01 -1.288504271785020361e-01 1.500599032685667744e-01
2.817088032286911847e-01 -1.366747124053910023e-01 1.233467023094363402e-01
2.785004134573488832e-01 -1.364689042456820323e-01 1.230092671395486281e-01
2.775568208499908929e-01 -1.447176730219200125e-01 9.480688315355711993e-02
2.817228887445479835e-01 -1.367636048014685690e-01 1.229979425383769254e-01
2.817780097201942890e-01 -1.364932651796713636e-01 1.239035911974570858e-01
2.826163712270468586e-01 -1.285695746693536479e-01 1.510617974496952787e-01
2.816616510094374082e-01 -1.367646424736082000e-01 1.230497451240615270e-01
2.775742029161453184e-01 -1.445756520138605783e-01 9.538188954763771044e-02
2.742215179707347961e-01 -1.444765089644268197e-01 9.463874409319372738e-02
2.817310707667350922e-01 -1.365768258779421207e-01 1.235660092941366361e-01
2.825401350201338091e-01 -1.287758247269466527e-01 1.503287098822094769e-01
2.817345560278325944e-01 -1.367013730984701914e-01 1.231782226651527701e-01
2.774973062831104231e-01 -1.447721332663446381e-01 9.453179936291711272e-02
2.783402672894775831e-01 -1.366114940922259491e-01 1.225279158997205631e-01
2.825452550225734383e-01 -1.287429821698665711e-01 1.504080077977179020e-01
2.817061339097648998e-01 -1.366712944071888647e-01 1.233214441610708256e-01
2.826586857232242789e-01 -1.284903397708386241e-01 1.513407698868900475e-01
2.785232033199995794e-01 -1.362541317399889040e-01 1.237707120624871315e-01
2.857152227191805394e-01 -1.289951150109246436e-01 1.505219132389654657e-01
2.825272324811964886e-01 -1.288053424218445486e-01 1.502488700531781074e-01
2.816600786684125834e-01 -1.369082836698441996e-01 1.224597658356219032e-01
2.784368445641785539e-01 -1.364117902700006657e-01 1.232600911314831738e-01
2.834145852569967539e-01 -1.209206848197504347e-01 1.772561846339366642e-01
2.858151788050681263e-01 -1.288273812144845598e-01 1.510740418619900272e-01
2.864234912453115234e-01 -1.213431228931322325e-01 1.766200981323293728e-01
2.784182731405318023e-01 -1.364563709552809589e-01 1.230636616619207313e-01
2.824158422919601508e-01 -1.289451450326368209e-01 1.496517450433900720e-01
2.816552180263638405e-01 -1.369775602829754191e-01 1.221851991062907761e-01
2.816172283651500741e-01 -1.369095290575995938e-01 1.223579010246016452e-01
2.826597425943433994e-01 -1.284899633716344580e-01 1.512045762087730338e-01
2.776121286740988459e-01 -1.444494207808896535e-01 9.567518342450775926e-02
2.824215538764596189e-01 -1.290460317091940978e-01 1.493472182258426262e-01
2.775775352327167766e-01 -1.445637783214449579e-01 9.535781099018758589e-02
2.776170716645508518e-01 -1.446659578377008093e-01 9.497020531219391160e-02
2.817260594484865543e-01 -1.366772806478365743e-01 1.234032460112637342e-01
2.824927640144825336e-01 -1.288592314541562867e-01 1.501637342309571910e-01
2.825607622160792864e-01 -1.286736713847368707e-01 1.505206782542483079e-01
2.817247347459733708e-01 -1.365990750190541059e-01 1.235390459149994236e-01
2.817607383899777829e-01 -1.366985730400681054e-01 1.233219990167722102e-01
2.824684980899423437e-01 -1.289848630468621582e-01 1.496494879751273377e-01
2.818367629499644034e-01 -1.364145379198491437e-01 1.242810313258064792e-01
2.817116131792127831e-01 -1.367010946924387960e-01 1.233484120819150487e-01
2.866084564266800916e-01 -1.210244418707862313e-01 1.777033095915401262e-01
2.825599416628866711e-01 -1.286895481076836267e-01 1.506847781063869185e-01
2.824797463139384623e-01 -1.287822411439046022e-01 1.503597399058305140e-01
2.816463970717132392e-01 -1.367956551446467273e-01 1.228597763029946055e-01
2.824961738668173572e-01 -1.287862416562661205e-01 1.501475701528689477e-01
2.776101931412369161e-01 -1.446288456204011252e-01 9.511402861717410673e-02
2.857934013043821331e-01 -1.288101927727534624e-01 1.511617307980022140e-01
2.817660189290345230e-01 -1.365730031119360699e-01 1.235419379510096505e-01
2.774710221826106049e-01 -1.447698768702596617e-01 9.457585176980787267e-02
2.817063127244532339e-01 -1.367023761600777154e-01 1.232677362549996491e-01
2.775806147605806573e-01 -1.446273669898584524e-01 9.509863712620214571e-02
2.776182783812045640e-01 -1.444735838840603415e-01 9.574360392684355681e-02
2.817561727088421786e-01 -1.365466101846545821e-01 1.237675715547681410e-01
2.824283868501276107e-01 -1.289257348932623393e-01 1.498181737678037084e-01
2.857457289860815264e-01 -1.289634554983451475e-01 1.506297299859440386e-01
2.825856598929942232e-01 -1.285667877066284104e-01 1.511127383843438032e-01
2.817040979483187435e-01 -1.368318366389498220e-01 1.227228233740933483e-01
2.864586786006658725e-01 -1.213855971924587829e-01 1.764614704021862934e-01
2.825750627482115918e-01 -1.287001665543242857e-01 1.504940330381252522e-01
2.783792653972059217e-01 -1.366246795878261477e-01 1.224864711589663813e-01
2.784486254148423878e-01 -1.363929159970953819e-01 1.233466376451037849e-01
2.818671390924513132e-01 -1.364645880827381752e-01 1.240413323845588334e-01
2.825367539945453643e-01 -1.287040901754125666e-01 1.505886429020306672e-01
2.816820163426845824e-01 -1.367084970190822757e-01 1.232025411191539632e-01
2.826420010556310314e-01 -1.285164032014161073e-01 1.512761672532170198e-01
2.784518806167513016e-01 -1.363647935485094442e-01 1.234489452293068279e-01
2.784028408336222116e-01 -1.366663456197232118e-01 1.224212163945421761e-01
2.818451473562211262e-01 -1.363179059849008723e-01 1.244670640072547130e-01
2.824885554410815347e-01 -1.288267851635813699e-01 1.500834427078487909e-01
2.817346784938067339e-01 -1.366124233903437957e-01 1.234753684147389396e-01
2.834464017279624271e-01 -1.208090145786106517e-01 1.774205261210171081e-01
2.831922853657424244e-01 -1.212904991558268752e-01 1.758715849441669921e-01
2.826472880806654153e-01 -1.286317755264490548e-01 1.508252638732729967e-01
2.816752171459614984e-01 -1.366831421415209413e-01 1.232681616553574777e-01
2.824724555453688168e-01 -1.287376251749246803e-01 1.504673233895688078e-01
2.784979544828057318e-01 -1.363269476157948357e-01 1.236142683258778519e-01
2.784386367960334230e-01 -1.363391476757674914e-01 1.234390199224637552e-01
2.840199236275225969e-01 -1.136713909496814001e-01 2.017390320433556372e-01
2.741991327243775145e-01 -1.445124922543093438e-01 9.457298807241265592e-02
2.825154984086603038e-01 -1.287245224818735767e-01 1.503509718789786120e-01
2.824876905676930727e-01 -1.288719779035821245e-01 1.498670777562447487e-01
2.783978286918311618e-01 -1.365237854708358789e-01 1.228582178598367491e-01
2.825954730185925579e-01 -1.286774319082945039e-01 1.505368190953775276e-01
2.826120457595139301e-01 -1.285629507053419607e-01 1.509441578855836852e-01
2.857677253430903064e-01 -1.288004154024198211e-01 1.510277659833334507e-01
2.785016994592398598e-01 -1.363928543814495187e-01 1.231970293495154856e-01
2.784886650193810764e-01 -1.364310806134864662e-01 1.232034002101010106e-01
2.784588275853097095e-01 -1.364538637855872427e-01 1.230760165505415671e-01
2.824257015860497932e-01 -1.290492182902544527e-01 1.493263518326803929e-01
2.816466174488663765e-01 -1.367561217892542258e-01 1.230129592746638245e-01
2.825268188671141711e-01 -1.287085530846938664e-01 1.505329023022345947e-01
2.826313362475603719e-01 -1.284627212758660264e-01 1.514222929437802900e-01
2.823014404106437558e-01 -1.303998447366505886e-01 1.501735136118009795e-01
2.825963445852964773e-01 -1.286040887443721248e-01 1.508395476656689826e-01
2.742268734327644175e-01 -1.444898090637177224e-01 9.446538082668776148e-02
2.824982816723703993e-01 -1.287155177105367421e-01 1.504311265049547153e-01
2.784550506299078299e-01 -1.365411568915992635e-01 1.227261773873105088e-01
2.824715399989664588e-01 -1.287341932328119609e-01 1.503065882647625084e-01
2.826325196476667800e-01 -1.285600880202874274e-01 1.509988667361399362e-01
2.832914981110483676e-01 -1.210895139614939220e-01 1.765697030908239817e-01
2.826118560912668776e-01 -1.286065074334144243e-01 1.507982385326416264e-01
2.784602249189943035e-01 -1.363229284457936619e-01 1.234502268193549135e-01
2.824021256572186722e-01 -1.290133714320137737e-01 1.494804935512206168e-01
2.817097229497969035e-01 -1.367014014560282154e-01 1.232178323222279381e-01
2.825204466829657757e-01 -1.287966780027001990e-01 1.502010675427511988e-01
2.826052554513185378e-01 -1.285911615262850527e-01 1.508875622891685531e-01
2.817663732975960178e-01 -1.365293444941192424e-01 1.238133028191552576e-01
2.826013724530697102e-01 -1.287221087377741768e-01 1.504858113763143379e-01
2.827073206690638996e-01 -1.272454570910259430e-01 1.500549103627675240e-01
2.825964305152416367e-01 -1.286491038551255406e-01 1.507158823465235553e-01
2.826422380635738030e-01 -1.285760397601127258e-01 1.509221851878401743e-01
2.962744410326286770e-01 -1.189494675001985802e-01 1.765761664490375082e-01
2.926497705277890105e-01 -1.251137121645509998e-01 1.485570616308404812e-01
3.068325864041387963e-01 -1.007835611590891522e-01 2.248770567730022929e-01
2.996773962800294289e-01 -1.179947787053883257e-01 1.457089992963538361e-01
3.091961941830694283e-01 -1.263665381550639344e-01 1.188465185837788152e-01
3.126720854551151563e-01 -1.236549366858414878e-01 1.177363298735734087e-01
3.162022739031024043e-01 -1.274826927729788562e-01 8.682454751568235984e-02
3.265002086942583315e-01 -9.520649571721256921e-02 1.937938354120640749e-01
3.267254124841347807e-01 -1.068355446911789519e-01 1.396534214945410746e-01
3.393478252924284067e-01 -8.291388222115997353e-02 2.189829670644281023e-01
3.409283823152080561e-01 -1.043662735724933399e-01 1.089374128271418662e-01
3.533244313601426878e-01 -8.909927739421841242e-02 1.635400055546625264e-01
3.561988872275962947e-01 -7.968124221201611235e-02 1.882026565966354870e-01
3.567063711483292043e-01 -8.659769917899179381e-02 1.621029146288301970e-01
3.479698181163415338e-01 -1.003871743889339085e-01 1.064671310984615094e-01
3.484842042519442629e-01 -1.077401280963402042e-01 7.864738908815360752e-02
3.527990031323570141e-01 -8.244964788348690954e-02 1.884639859462824418e-01
3.417839055305417206e-01 -1.181141821285476845e-01 5.074618618185500196e-02
3.411337121424083962e-01 -1.134681573091460560e-01 8.132515608855350742e-02
3.437980980689724908e-01 -9.877217479449273974e-02 1.375214296740350228e-01
3.434139260257095261e-01 -9.282080579596030390e-02 1.657291744164659519e-01
3.469354844260204018e-01 -1.006353221643464524e-01 1.377075244526182463e-01
3.575628820630351590e-01 -7.391294809787979370e-02 2.403274515501412356e-01
3.581706955515956414e-01 -7.910991340175410613e-02 2.150153307897599841e-01
3.582140342425365054e-01 -1.132528914381684126e-01 8.108729413394311081e-02
3.623928525637272746e-01 -8.142747641106784506e-02 1.898419639337132203e-01
3.662654591505467572e-01 -8.737914456022527476e-02 1.623783787272892187e-01
3.670494734013087790e-01 -9.457151274620179127e-02 1.353623166330175653e-01
3.638607922686584173e-01 -9.416988474556986510e-02 1.358508519468994979e-01
3.571644247557580476e-01 -9.517938341102005761e-02 1.359579863343833850e-01
3.520153012340072607e-01 -1.205974188153231541e-01 5.118019070027091111e-02
3.447667743719425304e-01 -1.122332633120929346e-01 8.021642013672214411e-02
3.471270563129409958e-01 -9.907336854122944514e-02 1.369169044338944818e-01
3.413653025110210959e-01 -1.117683940755789807e-01 8.151245430797993130e-02
3.407159494205584949e-01 -1.077508307721593561e-01 1.093322651503121357e-01
3.370615082170253518e-01 -1.012602718798569779e-01 1.387932999986085658e-01
3.337328822185616772e-01 -1.115724288389337571e-01 1.118163368446465356e-01
3.332165880643922495e-01 -9.819549484062656264e-02 1.672170704850679535e-01
3.330342775430169544e-01 -9.250865224446264135e-02 1.936825564233182195e-01
3.201451549713812961e-01 -1.149729613997172439e-01 1.140048975580572055e-01
3.166255590105355178e-01 -1.228909811965822607e-01 8.478567143265891559e-02
3.166279691534511498e-01 -1.167527601201813758e-01 1.129968352685239985e-01
