7.069295179608195978e-01 -1.815302265785187219e-01 1.112551392502307834e-01
7.066552413135439581e-01 -1.829611619936525324e-01 1.123124911364719036e-01
7.098668994301826629e-01 -1.813660027143657039e-01 1.128166290013477013e-01
7.098823765073924985e-01 -1.813489449480250315e-01 1.127982067664152765e-01
7.098637964359968411e-01 -1.812737187151908236e-01 1.129993736077770095e-01
7.099195205906272399e-01 -1.813452624396532653e-01 1.126894581078545787e-01
7.098735150982677933e-01 -1.813449544482603759e-01 1.128057572614185045e-01
7.098908711247324810e-01 -1.813063803042769262e-01 1.127531114771365139e-01
7.099228362993508235e-01 -1.814504289956465066e-01 1.125113113419868860e-01
7.096915596109956148e-01 -1.827329763422235187e-01 1.137080204920313253e-01
7.096811381794780882e-01 -1.827273786737099170e-01 1.137792284165151102e-01
7.098752687017738650e-01 -1.812248341644256966e-01 1.130806392604217780e-01
7.098679231671451983e-01 -1.811393235905244814e-01 1.132975660151176456e-01
7.098668559566736480e-01 -1.812461709523200959e-01 1.131272767376065858e-01
7.098785864675730695e-01 -1.812289257690012367e-01 1.130305006613805396e-01
7.099743048058242412e-01 -1.814090560178309164e-01 1.124768588626174903e-01
7.099348837535888190e-01 -1.813315456347986410e-01 1.127585110562285831e-01
7.095636935231774967e-01 -1.825075478833764198e-01 1.143812467998324145e-01
7.095601933729857036e-01 -1.825528272219076042e-01 1.142811115355795160e-01
7.096240919271141756e-01 -1.826093506645038445e-01 1.140627314562505656e-01
7.096473643411009835e-01 -1.826770228329077095e-01 1.140205680546408917e-01
7.097953609608291803e-01 -1.830346027059033265e-01 1.132320981087437950e-01
7.098345470125764223e-01 -1.829685151731222092e-01 1.131579641666411451e-01
7.098814191334873458e-01 -1.830896357399299790e-01 1.128320574721999314e-01
7.098192530673532730e-01 -1.831105287363305190e-01 1.129946977223670324e-01
7.098451210363269093e-01 -1.829884513823091252e-01 1.131350953747538579e-01
7.096969732985317636e-01 -1.827802432782947850e-01 1.136706800349116531e-01
7.093146073863416667e-01 -1.839936177338286627e-01 1.153382130917393056e-01
7.097567548980862062e-01 -1.829341853852271271e-01 1.133650376255466163e-01
7.097395169353932776e-01 -1.828583440109491087e-01 1.135622117960675137e-01
7.093158827018976043e-01 -1.840835791486054307e-01 1.152622792872473045e-01
7.096929659010440261e-01 -1.828224600004106359e-01 1.136510996347426250e-01
7.096521851146728732e-01 -1.827675362504273537e-01 1.138417930180846138e-01
7.097684401590913517e-01 -1.829281134331002812e-01 1.134344243161267141e-01
7.097755322196960259e-01 -1.829702756135761499e-01 1.133022181203098278e-01
7.096995347830326040e-01 -1.827918031833842272e-01 1.138021255714127822e-01
7.097830559450895027e-01 -1.829857919184639525e-01 1.132033092235991134e-01
7.097883557776838437e-01 -1.829402803830057211e-01 1.133477199668346813e-01
7.096178636737585643e-01 -1.827385018377900017e-01 1.140354272005854597e-01
7.092434237247526863e-01 -1.839377028894201016e-01 1.155405678836516348e-01
7.095648793909072882e-01 -1.825662231436893379e-01 1.144446725625045680e-01
7.092920104483365629e-01 -1.839584543537199357e-01 1.154254825572937904e-01
7.095460010408967122e-01 -1.825863307656496182e-01 1.144331638200519752e-01
7.096542929550915257e-01 -1.827371438971385209e-01 1.139161916861826107e-01
7.096414426308631507e-01 -1.826815235955491223e-01 1.139387864060543709e-01
7.097192879590152881e-01 -1.828027002553119784e-01 1.136170208147546656e-01
7.096980590447097281e-01 -1.827680058513432571e-01 1.137477668177009349e-01
7.093044659882694614e-01 -1.840069288287013438e-01 1.152912883128851540e-01
7.096134442737340731e-01 -1.826219269332438055e-01 1.142104850651903813e-01
7.096281391814827089e-01 -1.825968775148465728e-01 1.141889110371285820e-01
7.099703913603334637e-01 -1.814525219743400863e-01 1.125646884432909278e-01
7.097053004655748953e-01 -1.828170717639550080e-01 1.136002629518024776e-01
7.096553319732039622e-01 -1.827332468971684110e-01 1.139357628293728997e-01
7.097526348742723146e-01 -1.828608961305841774e-01 1.134532585809924221e-01
7.096917374400436573e-01 -1.827995810563639023e-01 1.138153322629951170e-01
7.099569152358561341e-01 -1.813167525366470023e-01 1.129819017165087924e-01
7.099104190208553877e-01 -1.812768002551197744e-01 1.131022919430493268e-01
7.096536842540830392e-01 -1.826719050379544684e-01 1.140616764110891079e-01
7.095844035279333939e-01 -1.826294397206827680e-01 1.142426038871147131e-01
7.097276712528347575e-01 -1.829314311381429192e-01 1.134389604858114797e-01
7.098007852523238181e-01 -1.830163834535106782e-01 1.130384736109306676e-01
7.097152775001167591e-01 -1.828795545594245064e-01 1.134603460588319290e-01
7.096816012695967846e-01 -1.828244311133101208e-01 1.136542079128644023e-01
7.097507570064485183e-01 -1.829256549860313330e-01 1.134478088557682174e-01
7.095411234385251564e-01 -1.843851187895834132e-01 1.141515106500119447e-01
7.096477014060229571e-01 -1.826906973987444949e-01 1.141725886824869196e-01
7.096626538021206798e-01 -1.827469136736913913e-01 1.139445363770372754e-01
7.096781275297223690e-01 -1.827974233957528616e-01 1.138034879823832668e-01
7.099850127088696006e-01 -1.814742181537374599e-01 1.125481068549445407e-01
7.098788480179250016e-01 -1.830834570725708987e-01 1.130025359635724591e-01
7.098156072219521384e-01 -1.830276985237523357e-01 1.132022290754874927e-01
7.100203725644886887e-01 -1.815066464324742168e-01 1.124538197509126203e-01
7.098541190874189111e-01 -1.829192295821830128e-01 1.132456798452787794e-01
7.099882698369920364e-01 -1.814838310034870839e-01 1.126286399306684061e-01
7.098793882873981609e-01 -1.831463116738870633e-01 1.128685086395717629e-01
7.097131004504173557e-01 -1.827956638103500064e-01 1.138068972938424128e-01
7.098823339404165544e-01 -1.812221294685602002e-01 1.132449107107789121e-01
7.098888924686491686e-01 -1.812171731009631637e-01 1.128786469711795526e-01
7.073345655919909269e-01 -1.784865327085629061e-01 1.099047208941361653e-01
6.868698710765510640e-01 -1.556511159618198525e-01 1.636598016714021497e-01
6.763510429176456951e-01 -1.390070521796065717e-01 1.532806819151850686e-01
6.308003084853761600e-01 -1.090966021645124462e-01 1.680188002956144455e-01
5.909100245793238448e-01 -4.956351175531742426e-02 1.964749665404355028e-01
5.601935052297375428e-01 7.390881540216553969e-03 1.642878096412498934e-01
5.229261982842966505e-01 6.259709576292338262e-02 1.933907885664023496e-01
4.923991866943787099e-01 9.848136115971584115e-02 2.249454670356894059e-01
4.757323053502939270e-01 1.108000171599164974e-01 1.924509485006289378e-01
4.676482885093032893e-01 1.215009707435071862e-01 1.875247598174811792e-01
4.503663472265556633e-01 1.311790910605937222e-01 1.796895629646830805e-01
4.469949548071175949e-01 1.361602197074889831e-01 1.512798576260578898e-01
4.541196687043145275e-01 1.397475886469632389e-01 1.779999674110881447e-01
4.950985888785277012e-01 1.549103833765797522e-01 1.973950711476071262e-01
5.425533350091502616e-01 1.604343640484959255e-01 1.473049867375708644e-01
5.762414615359060521e-01 1.731544501918331203e-01 1.712526830347900209e-01
5.953526574912175739e-01 1.818686666479260583e-01 1.691419111178764645e-01
5.985084054033532608e-01 1.831876562042683565e-01 1.687516094180934179e-01
5.991049109343274948e-01 1.890326175215989446e-01 1.660956479109294559e-01
5.946971931717857096e-01 1.920802013305574762e-01 1.889182474207109497e-01
5.927983802319853890e-01 1.788641609622537709e-01 1.159444720508053805e-01
5.506363007541306143e-01 1.619953370596393105e-01 1.755622367487248425e-01
4.737351404795415721e-01 1.508226586694643157e-01 1.990595145209042016e-01
4.002909371915802650e-01 1.542707083082050512e-01 2.206740156876363379e-01
2.586304942458391709e-01 1.865590978721678450e-01 2.942013377289323106e-01
1.405100880865275959e-01 2.360810857845544453e-01 2.562358795505492726e-01
1.350014088308815197e-02 3.317646778924465134e-01 2.283531478907465662e-01
3.172463498794964032e-03 3.778423424920439588e-01 3.382897520275591763e-01
4.953299999999999925e-01 2.731419999999999959e-01 1.578349999999999920e+00
4.953299999999999925e-01 2.731419999999999959e-01 1.578349999999999920e+00
4.953299999999999925e-01 2.731419999999999959e-01 1.578349999999999920e+00
4.323360260343522832e-03 4.048806278913020806e-01 3.946448638627051420e-01
4.953299999999999925e-01 2.731419999999999959e-01 1.578349999999999920e+00
-3.807091406230922459e-02 4.032278141074776556e-01 3.312032326914846614e-01
-1.683407648607493368e-02 2.758122132232785906e-01 2.523648333749770600e-01
6.488624297499062665e-02 1.821285034811496173e-01 3.630284669434753475e-01
1.595568410202204968e-01 6.065829156866675564e-02 1.838732885694265295e-01
3.134651552806704822e-01 3.025031893621388246e-02 2.701567815007357432e-01
4.953299999999999925e-01 2.731419999999999959e-01 1.578349999999999920e+00
5.880538791110470065e-01 -8.354693157199022391e-02 8.426497586849990284e-02
6.702945996397002837e-01 -9.432048364561418374e-02 1.670474988424237583e-01
7.109167799024544987e-01 -1.295359137594010446e-01 1.230785242346634778e-01
7.337425584725241201e-01 -1.513251186244140567e-01 1.015076882919700996e-01
7.334244414378441324e-01 -1.547462164441961718e-01 1.390291162902848043e-01
7.160204730002417417e-01 -1.681322959736697431e-01 1.416964026129123866e-01
7.293074989162668942e-01 -1.658554855885393808e-01 1.416297986224057670e-01
7.320250508492887054e-01 -1.672079214775487599e-01 1.438989655582285643e-01
7.319893962895929196e-01 -1.670690946827754209e-01 1.439840967296666108e-01
7.366853914846747120e-01 -1.739955272968784217e-01 1.157287399563617925e-01
7.289926859484493482e-01 -1.670682894463910995e-01 1.430459713506213593e-01
7.290194619612887506e-01 -1.671612844452448066e-01 1.430876045749205350e-01
7.365199158098578724e-01 -1.757173076188563998e-01 1.161896911332547244e-01
7.320036235246658585e-01 -1.672162104123755821e-01 1.439446444875485120e-01
7.363363767552405514e-01 -1.770620874811038581e-01 1.170677772968224950e-01
7.364963878495827121e-01 -1.754641620106882904e-01 1.165330135678219747e-01
7.291838628505855624e-01 -1.654280507883280071e-01 1.425956420784264544e-01
7.294435376093700851e-01 -1.623210567024759299e-01 1.415522837948852697e-01
7.300353079380452748e-01 -1.579365021415873871e-01 1.393132362915492362e-01
7.304337406274907796e-01 -1.549247007219772265e-01 1.377978006495115260e-01
7.305211358971044344e-01 -1.551078588587082585e-01 1.372239701523620958e-01
7.307290618271298221e-01 -1.535493145305458218e-01 1.367206886052230175e-01
7.304353299588345338e-01 -1.549098007815386535e-01 1.378034040719111619e-01
7.304329977736629953e-01 -1.549053244470897650e-01 1.378165146072709568e-01
7.304134966927327000e-01 -1.549073684094045000e-01 1.379476955772946933e-01
7.307976582831166024e-01 -1.519535074722003221e-01 1.364286498458056052e-01
7.305349370482988602e-01 -1.550019628030601671e-01 1.373520547042048623e-01
7.308258577857397187e-01 -1.519273831582720891e-01 1.364852274925894005e-01
7.306676958127580335e-01 -1.534355785753261370e-01 1.369460675317553111e-01
7.306477788614549329e-01 -1.534141884363312003e-01 1.370653491930857726e-01
7.308398811858400901e-01 -1.519683226577005497e-01 1.363772776231881867e-01
7.308275934297613352e-01 -1.519480011423658405e-01 1.363449597523671564e-01
7.306937739501215834e-01 -1.534582160514685878e-01 1.368645530020156098e-01
7.307263650289363976e-01 -1.535274157668817807e-01 1.368018236891672679e-01
7.304177758078336247e-01 -1.548513325318768286e-01 1.378693088449767234e-01
7.306524135457552749e-01 -1.534298749596718081e-01 1.370519414771789179e-01
7.307052204287395325e-01 -1.535025314049087153e-01 1.368517405456657343e-01
7.306481935861147692e-01 -1.534045664858538216e-01 1.370896684856761638e-01
7.306860680041022960e-01 -1.534690487402100012e-01 1.369273677391500410e-01
4.953299999999999925e-01 2.731419999999999959e-01 1.578349999999999920e+00
7.303794466433182198e-01 -1.548822543314806732e-01 1.379325698669131572e-01
7.306457519298634740e-01 -1.533839048640858183e-01 1.371768196125475736e-01
7.303589622172802498e-01 -1.548212711608484837e-01 1.381046141125656934e-01
7.306950448785237695e-01 -1.535025790173392135e-01 1.368824875499812244e-01
7.305210342693135850e-01 -1.549941453232355215e-01 1.374117885437906583e-01
7.304571899675212920e-01 -1.549331978825908007e-01 1.377180128189487984e-01
7.307561747486092107e-01 -1.517648312775213282e-01 1.368617575860635593e-01
7.309984795238323452e-01 -1.503875610856357792e-01 1.360133829272307526e-01
7.306047543947182810e-01 -1.533212866198252478e-01 1.374024795714376967e-01
7.304792042985729372e-01 -1.532255676675345901e-01 1.376643678907907287e-01
7.307291855788670132e-01 -1.535342830378617629e-01 1.367731828485567735e-01
7.306190546625010995e-01 -1.533457915132772076e-01 1.373620816209955020e-01
7.304929611557826608e-01 -1.531673083496130627e-01 1.377542151751447452e-01
7.304023378457240590e-01 -1.549284798940923080e-01 1.377601175458287308e-01
7.303721698296636866e-01 -1.548442292242869778e-01 1.381877866626939344e-01
7.306755654712953074e-01 -1.533622266586888161e-01 1.373012913187119377e-01
7.304321859067172129e-01 -1.548307598619163006e-01 1.379389749778523466e-01
7.307312182961508418e-01 -1.535074133228249149e-01 1.367372639424446756e-01
7.306643764492266602e-01 -1.533925822803210437e-01 1.371149797341357779e-01
7.306465711907237370e-01 -1.533693968107178174e-01 1.371411563726163685e-01
7.306464071415654793e-01 -1.533846048686783314e-01 1.372083783072379770e-01
7.308717721442445914e-01 -1.519774739780016537e-01 1.363147231472405796e-01
7.306778862000800068e-01 -1.535204320268649392e-01 1.368685190614211677e-01
7.304140262131311179e-01 -1.549085555919874069e-01 1.379146735385359257e-01
7.305571897293672290e-01 -1.532887995439656259e-01 1.374794412932818233e-01
7.304421444658457663e-01 -1.548880163712054170e-01 1.377266331218376383e-01
7.306076404861510110e-01 -1.533307342269867313e-01 1.373893567012534067e-01
7.307290594028167385e-01 -1.535021860126089543e-01 1.368387188007160749e-01
7.306604261691540536e-01 -1.534437256028801100e-01 1.371277012085763136e-01
7.305987258750297197e-01 -1.550841798150707218e-01 1.371819985802622544e-01
7.306858793738149060e-01 -1.534654752529914790e-01 1.369366506853166854e-01
7.306123811851166217e-01 -1.533057784728314443e-01 1.373961960597236409e-01
7.306788975862890112e-01 -1.534618878843784229e-01 1.370107546489554018e-01
7.304143816118493504e-01 -1.548286862324587676e-01 1.379264056124207549e-01
7.302957277906194644e-01 -1.564815292245856915e-01 1.382828248999532494e-01
7.305817974616460875e-01 -1.533428290835301966e-01 1.374626101366696052e-01
7.307434531522579713e-01 -1.535252761731463744e-01 1.367359427480996370e-01
7.305000700516015577e-01 -1.549837837723567757e-01 1.376070394832142885e-01
7.303517085845283585e-01 -1.547885168578904125e-01 1.382000938137948332e-01
7.304224178781502097e-01 -1.548318606138657239e-01 1.379303651320469282e-01
7.306251523136302328e-01 -1.533858882556147774e-01 1.372332667948785723e-01
7.305983639541699937e-01 -1.533181268717758172e-01 1.374564467275944946e-01
7.306046893323555613e-01 -1.534197195258326651e-01 1.372803016979624591e-01
7.306785218996956210e-01 -1.534402893991655970e-01 1.370007105893451538e-01
7.306181093711652252e-01 -1.533480179914701869e-01 1.373567547145635448e-01
7.307617592359423320e-01 -1.518196247802898746e-01 1.367826127094693422e-01
7.306293052098803420e-01 -1.533479117278139792e-01 1.372968482428011949e-01
7.304575103530279723e-01 -1.548936124209742693e-01 1.377401516768512746e-01
7.307540734707274055e-01 -1.535719454710576248e-01 1.366318842519171906e-01
7.303877820632919127e-01 -1.548190461858622302e-01 1.380150178070524980e-01
7.305523345481730324e-01 -1.532654677767846807e-01 1.375564801791768765e-01
7.304574010364592862e-01 -1.549003638654574688e-01 1.377708767074889984e-01
7.304660165541492223e-01 -1.549012505634109749e-01 1.376945626447272364e-01
7.304491764360897532e-01 -1.548872513662259975e-01 1.377810231985534539e-01
7.306237553750097868e-01 -1.533798322382867174e-01 1.373416614662348323e-01
7.304536408934824143e-01 -1.549514915245603919e-01 1.376845497654273220e-01
4.953299999999999925e-01 2.731419999999999959e-01 1.578349999999999920e+00
7.304435175858289275e-01 -1.548898957590684189e-01 1.378247064502171604e-01
7.308565089612424348e-01 -1.519322459401934999e-01 1.364454689074261484e-01
7.307025298482060505e-01 -1.535227459774762271e-01 1.367987922041162818e-01
7.304365450377553470e-01 -1.548825840279012267e-01 1.377908543281822773e-01
7.303892567902438016e-01 -1.547887280110846753e-01 1.380749863814871858e-01
7.306738289014548249e-01 -1.534494971873983649e-01 1.369742962951978615e-01
7.308363067902945431e-01 -1.519596211563702393e-01 1.364274033335304281e-01
7.304754272488467315e-01 -1.531508144301901853e-01 1.379000190028232264e-01
7.308358459492079184e-01 -1.518990808124597858e-01 1.364843774955144529e-01
7.308275516833901975e-01 -1.518431775332614309e-01 1.365817421760864292e-01
7.310700280088454628e-01 -1.504359250502362855e-01 1.357405681964194422e-01
7.310312161637469996e-01 -1.504082459582425368e-01 1.359249290478157235e-01
7.310845514787525090e-01 -1.503817437669858204e-01 1.358626414588890441e-01
7.308407043041027507e-01 -1.518350520736891363e-01 1.365509136085258923e-01
7.308693078048527081e-01 -1.519148321684822278e-01 1.363771767304784444e-01
7.307127104613997393e-01 -1.534278009831551159e-01 1.369382319954477456e-01
7.308878403105981691e-01 -1.519532384068238984e-01 1.362766995094195632e-01
7.304700886391237713e-01 -1.531478360318951348e-01 1.379308195369537415e-01
7.307825907671027243e-01 -1.517232597540448813e-01 1.368566027657491802e-01
7.306670557948574674e-01 -1.534373009722865833e-01 1.371149822965074261e-01
7.307226408321783051e-01 -1.535273509121649060e-01 1.367795706278094325e-01
7.306797787724896853e-01 -1.533836397613771441e-01 1.370839337402138813e-01
7.306621405716784423e-01 -1.534133044649455546e-01 1.371134206944817358e-01
7.309690744426242670e-01 -1.503272175694014834e-01 1.361895376106385669e-01
7.310799646136126873e-01 -1.504675902883690353e-01 1.356969138492238880e-01
7.308204943731337888e-01 -1.518661095308288522e-01 1.365691645411604149e-01
7.305232620119593845e-01 -1.531509830941911177e-01 1.377697299853180013e-01
7.308700791660256435e-01 -1.519305385440085088e-01 1.363930368419132844e-01
7.308132440000667529e-01 -1.518537234496212807e-01 1.366410106306110706e-01
7.306757247264876742e-01 -1.533884343390054528e-01 1.370890529430079940e-01
7.305492674988605106e-01 -1.549697232988941908e-01 1.375099513424518083e-01
7.306511561110831110e-01 -1.533476439813542536e-01 1.372329635559890182e-01
7.308184506076730313e-01 -1.518661955676693376e-01 1.365594282360986789e-01
7.308160501059270953e-01 -1.518387507946732939e-01 1.366220204846881892e-01
7.308037522753626503e-01 -1.518440167670398466e-01 1.366707246961176292e-01
7.306331274000301690e-01 -1.533154654758460134e-01 1.372994362294572834e-01
7.308339013714433285e-01 -1.518274238894804506e-01 1.366040414229010569e-01
7.308019568096734142e-01 -1.518292971487212872e-01 1.367412072476716922e-01
7.306789795376352759e-01 -1.533872524969409623e-01 1.371554267547949735e-01
7.308808785539164798e-01 -1.519417501345611821e-01 1.363412557079826115e-01
7.309333234218508002e-01 -1.520242533202021962e-01 1.361282816067785895e-01
7.308669445141605658e-01 -1.519016169886048262e-01 1.364297879205127462e-01
7.308603209190659422e-01 -1.518818998976106949e-01 1.365064435878804439e-01
7.308044783192909621e-01 -1.518502386484611999e-01 1.366901930715471725e-01
7.305380609248652846e-01 -1.532246029194928583e-01 1.376290062374325718e-01
7.305746219858527679e-01 -1.532765088315829471e-01 1.375445611274934699e-01
7.305270330392606981e-01 -1.532509358851406045e-01 1.376203063524479298e-01
7.309306091535754391e-01 -1.519546558014917559e-01 1.362422032133656646e-01
7.306223991739898560e-01 -1.533009032226055335e-01 1.373669828668504511e-01
7.265654725935369873e-01 -1.440080817793681911e-01 1.630789623055048931e-01
7.338456395290740009e-01 -1.518336005052123294e-01 1.374959750223541111e-01
7.338085673478714765e-01 -1.517264310709069974e-01 1.378304892601265319e-01
7.337992153583235977e-01 -1.517794414689558891e-01 1.377850461411509464e-01
7.265129796821273578e-01 -1.438143055209461507e-01 1.636844321010673120e-01
7.341606749125495490e-01 -1.504676172955222158e-01 1.363626550775873802e-01
7.338015923234134652e-01 -1.517307549379988685e-01 1.377432241630756060e-01
7.337702347234196232e-01 -1.516394626778084787e-01 1.379832465944590414e-01
7.341132973086498259e-01 -1.504135203616078775e-01 1.367012636899893607e-01
7.340273779957271483e-01 -1.503273517413530325e-01 1.370196456161865139e-01
7.339808481599048307e-01 -1.502055500728822768e-01 1.372492879994873238e-01
7.339953707600779254e-01 -1.501923982108029909e-01 1.372217944025628800e-01
7.341227016833208330e-01 -1.503823027414511460e-01 1.367351909648863995e-01
7.338840174537859529e-01 -1.518326462855171255e-01 1.374658931756314040e-01
7.337954123509206061e-01 -1.516970496176947014e-01 1.378794492305548403e-01
7.340683496438666911e-01 -1.503400922992862432e-01 1.368776807410496676e-01
7.338212336951889236e-01 -1.517247179130185031e-01 1.377783011547357717e-01
7.341117919987142360e-01 -1.503337249168753553e-01 1.368253948796778197e-01
7.340946215306169975e-01 -1.503480680867974040e-01 1.368091181432316006e-01
7.341418456083796951e-01 -1.504631701833512580e-01 1.365972999893565465e-01
7.337990067060217170e-01 -1.516992947361506250e-01 1.377958377595533968e-01
7.341507742922939173e-01 -1.487962550162914566e-01 1.365232830075076009e-01
7.338946403592437884e-01 -1.518835435250550647e-01 1.373849612077922000e-01
7.335013194874540066e-01 -1.530848407129458688e-01 1.389370731268610992e-01
7.338371981138288591e-01 -1.517971242489888906e-01 1.376877611568116944e-01
7.337780331365414410e-01 -1.516916899155992260e-01 1.379210709499747445e-01
7.341278831548333494e-01 -1.504343515505417450e-01 1.365708308586099928e-01
7.340818987154595909e-01 -1.503814852390791823e-01 1.367450299284165283e-01
7.341635828619808013e-01 -1.504658258183002584e-01 1.363910733145519139e-01
7.340834439174175330e-01 -1.503976177686526805e-01 1.367067914945356844e-01
7.338532240283950348e-01 -1.518073255388401321e-01 1.374551627405549148e-01
7.338193696295551849e-01 -1.518108415665905819e-01 1.376196923003611960e-01
7.338225087845436923e-01 -1.517994523923377748e-01 1.375628943715927477e-01
7.337867479858420916e-01 -1.517345671797450390e-01 1.377494184085850115e-01
7.338444969972431897e-01 -1.517766050526946353e-01 1.375886099403069718e-01
7.338822987321957925e-01 -1.518373540931605148e-01 1.373794815289581805e-01
7.339273141786180066e-01 -1.519160471463482653e-01 1.372028838364793835e-01
7.266789702273785956e-01 -1.424151235965340767e-01 1.629606633163793727e-01
7.265940918584905539e-01 -1.440127935800533665e-01 1.631101702491744021e-01
7.267715763077817748e-01 -1.424974254003594787e-01 1.625777685473082101e-01
7.339264216025188636e-01 -1.519833354604877562e-01 1.369781722685550207e-01
7.339285310216538960e-01 -1.519867755054812308e-01 1.370104747908769127e-01
7.265606682337321098e-01 -1.439177908206152878e-01 1.633183110315383768e-01
7.340601351118669626e-01 -1.504470591535455593e-01 1.366407238298001925e-01
7.265803415949381172e-01 -1.439551817021090252e-01 1.632206483375893136e-01
7.338533820074781833e-01 -1.518698159683086191e-01 1.373950108718950958e-01
7.341071803000294160e-01 -1.504496431568991266e-01 1.365633262905803225e-01
7.338572040257610452e-01 -1.518305079170111371e-01 1.374093267098597249e-01
7.338930690035350146e-01 -1.518581202216762183e-01 1.373169481451395058e-01
7.340476769388206701e-01 -1.503679921076390702e-01 1.367966494547183665e-01
7.338449446183376024e-01 -1.518830982191990975e-01 1.374205737291913643e-01
7.339282168718598287e-01 -1.502053499243464207e-01 1.373673344825914189e-01
7.340690185220658526e-01 -1.503748947517350443e-01 1.367636025128746713e-01
7.338178594742029714e-01 -1.518072897363975104e-01 1.376026741181826107e-01
7.340169503993854150e-01 -1.503378600963092837e-01 1.369635641615944976e-01
7.340029995805404939e-01 -1.503138192296903375e-01 1.369929735297126250e-01
7.338073436553225193e-01 -1.517521436978019889e-01 1.377108608147195046e-01
7.340923508208736514e-01 -1.503615910958162605e-01 1.366593906570654493e-01
7.264973904096669877e-01 -1.438202473861966424e-01 1.636986112198464127e-01
7.340320193167194640e-01 -1.503225942646599922e-01 1.369505660333234509e-01
7.338304505107298148e-01 -1.517610056183896217e-01 1.375849833009135104e-01
7.340263598507620335e-01 -1.503305194147396273e-01 1.369897504079911066e-01
7.341978291745759888e-01 -1.488547637584153316e-01 1.363080061070436333e-01
7.340171667867481098e-01 -1.503230463073997880e-01 1.370209338445738112e-01
7.340105249916329955e-01 -1.502899167113191936e-01 1.370770409855144312e-01
7.338087802788354486e-01 -1.517778827727604973e-01 1.377054784689457634e-01
7.341251351765409883e-01 -1.504485295392609667e-01 1.365140259793371502e-01
7.338978319717622822e-01 -1.501648073748815815e-01 1.375130316203356795e-01
7.265283540510669713e-01 -1.439037932895682048e-01 1.634982339218955527e-01
7.338807839851446690e-01 -1.518658445263001977e-01 1.373853361202084233e-01
7.340282396815136501e-01 -1.503194456647671262e-01 1.369451384717617071e-01
7.338026532628461052e-01 -1.517537149700335930e-01 1.376769462202946936e-01
7.340441054910562535e-01 -1.503570348149966263e-01 1.368062752640453184e-01
