4.382170179486276629e-01 4.990795433521271751e-01 3.352847626805305348e-01
4.382169508934022906e-01 4.990797817707062767e-01 3.352847626805305348e-01
4.382169508934022906e-01 4.990797817707062767e-01 3.352847626805305348e-01
4.382170179486275519e-01 4.990795433521271751e-01 3.352847626805305348e-01
4.382170179486276629e-01 4.990795433521271751e-01 3.352847626805305348e-01
4.382170179486276629e-01 4.990795433521271751e-01 3.352847626805305348e-01
4.382169508934021795e-01 4.990797817707062767e-01 3.352847626805305348e-01
4.382169508934022906e-01 4.990797817707062767e-01 3.352847626805305348e-01
4.382170179486276629e-01 4.990795433521271751e-01 3.352847626805305348e-01
4.382170179486276629e-01 4.990795433521271751e-01 3.352847626805305348e-01
4.382169508934022906e-01 4.990797817707062767e-01 3.352847626805305348e-01
4.382170179486276629e-01 4.990795433521271751e-01 3.352847626805305348e-01
4.382170179486276629e-01 4.990795433521271751e-01 3.352847626805305348e-01
4.382170179486276629e-01 4.990795433521271751e-01 3.352847626805305348e-01
4.382170179486276629e-01 4.990795433521271751e-01 3.352847626805305348e-01
4.382169508934022906e-01 4.990797817707062767e-01 3.352847626805305348e-01
4.382169508934022906e-01 4.990797817707062767e-01 3.352847626805305348e-01
4.382169508934022906e-01 4.990797817707062767e-01 3.352847626805305348e-01
4.382170179486276629e-01 4.990795433521271751e-01 3.352847626805305348e-01
4.382170179486276629e-01 4.990795433521271751e-01 3.352847626805305348e-01
4.382169508934022906e-01 4.990797817707062767e-01 3.352847626805305348e-01
4.382169508934021795e-01 4.990797817707062767e-01 3.352847626805305348e-01
4.382169508934022906e-01 4.990797817707063877e-01 3.352847626805305348e-01
4.382170179486276629e-01 4.990795433521271751e-01 3.352847626805305348e-01
4.382170179486276629e-01 4.990795433521271751e-01 3.352847626805305348e-01
4.382170179486276629e-01 4.990795433521271751e-01 3.352847626805305348e-01
4.382170179486276629e-01 4.990795433521271751e-01 3.352847626805305348e-01
4.382169508934021795e-01 4.990797817707062767e-01 3.352847626805305348e-01
4.382170179486276629e-01 4.990795433521271751e-01 3.352847626805305348e-01
4.382169508934022906e-01 4.990797817707062767e-01 3.352847626805305348e-01
4.382170179486276629e-01 4.990795433521271751e-01 3.352847626805305348e-01
4.382170179486276629e-01 4.990795433521271751e-01 3.352847626805305348e-01
4.382170179486276629e-01 4.990795433521271751e-01 3.352847626805305348e-01
4.382170179486276629e-01 4.990795433521271751e-01 3.352847626805305348e-01
4.382169508934022906e-01 4.990797817707062767e-01 3.352847626805305348e-01
4.382169508934022906e-01 4.990797817707062767e-01 3.352847626805305348e-01
4.382170179486276629e-01 4.990795433521271751e-01 3.352847626805305348e-01
4.382169508934022906e-01 4.990797817707062767e-01 3.352847626805305348e-01
4.382170179486276629e-01 4.990795433521271751e-01 3.352847626805305348e-01
4.382169508934022906e-01 4.990797817707062767e-01 3.352847626805305348e-01
4.382169508934022906e-01 4.990797817707062767e-01 3.352847626805305348e-01
4.382169508934022906e-01 4.990797817707062767e-01 3.352847626805305348e-01
4.382170179486276629e-01 4.990795433521271751e-01 3.352847626805305348e-01
4.382170179486276629e-01 4.990795433521271751e-01 3.352847626805305348e-01
4.382169508934022906e-01 4.990797817707062767e-01 3.352847626805305348e-01
4.382169508934022906e-01 4.990797817707062767e-01 3.352847626805305348e-01
4.382170179486276629e-01 4.990795433521271751e-01 3.352847626805305348e-01
4.382170179486276629e-01 4.990795433521271751e-01 3.352847626805305348e-01
4.382170179486276629e-01 4.990795433521271751e-01 3.352847626805305348e-01
4.382170179486276629e-01 4.990795433521271751e-01 3.352847626805305348e-01
4.382170179486276629e-01 4.990795433521271751e-01 3.352847626805305348e-01
4.382169508934022906e-01 4.990797817707062767e-01 3.352847626805305348e-01
4.382170179486276629e-01 4.990795433521271751e-01 3.352847626805305348e-01
4.382169508934022906e-01 4.990797817707062767e-01 3.352847626805305348e-01
4.382170179486276629e-01 4.990795433521271751e-01 3.352847626805305348e-01
4.382170179486275519e-01 4.990795433521271751e-01 3.352847626805305348e-01
4.382169508934022906e-01 4.990797817707062767e-01 3.352847626805305348e-01
4.382170179486275519e-01 4.990795433521271751e-01 3.352847626805305348e-01
4.382170179486276629e-01 4.990795433521271751e-01 3.352847626805305348e-01
4.382169508934022906e-01 4.990797817707062767e-01 3.352847626805305348e-01
4.382170179486276629e-01 4.990795433521271751e-01 3.352847626805305348e-01
4.382170179486276629e-01 4.990795433521271751e-01 3.352847626805305348e-01
4.382170179486276629e-01 4.990795433521271751e-01 3.352847626805305348e-01
4.382170179486276629e-01 4.990795433521271751e-01 3.352847626805305348e-01
4.382169508934022906e-01 4.990797817707062767e-01 3.352847626805305348e-01
4.382169508934022906e-01 4.990797817707062767e-01 3.352847626805305348e-01
4.382170179486276629e-01 4.990795433521271751e-01 3.352847626805305348e-01
4.382169508934022906e-01 4.990797817707062767e-01 3.352847626805305348e-01
4.382170179486276629e-01 4.990795433521271751e-01 3.352847626805305348e-01
4.382170179486276629e-01 4.990795433521271751e-01 3.352847626805305348e-01
4.382169508934022906e-01 4.990797817707062767e-01 3.352847626805305348e-01
4.382169508934022906e-01 4.990797817707062767e-01 3.352847626805305348e-01
4.382169508934022906e-01 4.990797817707062767e-01 3.352847626805305348e-01
4.382169508934022906e-01 4.990797817707062767e-01 3.352847626805305348e-01
4.382169508934022906e-01 4.990797817707062767e-01 3.352847626805305348e-01
4.382169508934021795e-01 4.990797817707062767e-01 3.352847626805305348e-01
4.382170179486276629e-01 4.990795433521271751e-01 3.352847626805305348e-01
4.382170179486276629e-01 4.990795433521271751e-01 3.352847626805305348e-01
4.382169508934022906e-01 4.990797817707062767e-01 3.352847626805305348e-01
4.382170179486276629e-01 4.990795433521271751e-01 3.352847626805305348e-01
4.383325242996217730e-01 4.981173753738404320e-01 3.352555191516876087e-01
4.393251055479051592e-01 4.922988593578339622e-01 3.343182808160781727e-01
4.401055240631105425e-01 4.824772655963898704e-01 3.324341109395027027e-01
4.400641435384751721e-01 4.527676284313202903e-01 3.256983539462089405e-01
4.360053503513338091e-01 4.137931346893312656e-01 3.144009342789649830e-01
4.271971622109415057e-01 3.759942829608917125e-01 2.969608759880065785e-01
4.162999355793001177e-01 3.492442548274994896e-01 2.768192893266677723e-01
4.060497918725016198e-01 3.323026180267334984e-01 2.565077027678489552e-01
4.015717247128489098e-01 3.279670953750611906e-01 2.468233337998390065e-01
3.976428659260275444e-01 3.260762870311737505e-01 2.381778961420059071e-01
3.904720546305182061e-01 3.242596566677093950e-01 2.229789724946021900e-01
3.877810502052309594e-01 3.249646604061127153e-01 2.162981486320495472e-01
3.797651344537737450e-01 3.303182303905488615e-01 1.982402583956718312e-01
3.774232791364194872e-01 3.329323410987854448e-01 1.932565873861312733e-01
3.729768322408201775e-01 3.370251536369324175e-01 1.834711214900016651e-01
3.696677909791472039e-01 3.403360724449158159e-01 1.754262080788612232e-01
3.681501244753601076e-01 3.435570478439331499e-01 1.700833147764205522e-01
3.620963936299088082e-01 3.558553338050842729e-01 1.639771169424056874e-01
3.567804714292289736e-01 3.665372014045715776e-01 1.563704466819763050e-01
3.549965314194561961e-01 3.680613219738007036e-01 1.529133996367454396e-01
3.535970162227751734e-01 3.652070641517639604e-01 1.502968376874923573e-01
3.520507571846249184e-01 3.464569330215454546e-01 1.477910733222961293e-01
3.516826929152014336e-01 3.315652489662170854e-01 1.479154607653617726e-01
3.520725482702257714e-01 3.028163194656372514e-01 1.502739644050598011e-01
3.524062895774843773e-01 2.897611141204834428e-01 1.520838892459869252e-01
3.528418672829868874e-01 2.687069654464722124e-01 1.551269000768661366e-01
3.531380353122952065e-01 2.608119726181030718e-01 1.561180061101913041e-01
3.530436159670355400e-01 2.484517574310303178e-01 1.582988804578780717e-01
3.532167618721726021e-01 2.434460997581482378e-01 1.591471141576766835e-01
3.536685017496349892e-01 2.399252533912659135e-01 1.592952093482017384e-01
3.543682481721046051e-01 2.316732883453369585e-01 1.596606826782226429e-01
3.546137150004508576e-01 2.288395643234253374e-01 1.596845990419387684e-01
3.549689614772799651e-01 2.270371794700623003e-01 1.596001541614532337e-01
3.550178251788023154e-01 2.233110547065735307e-01 1.601001179218292103e-01
3.552823347598316750e-01 2.216304421424866167e-01 1.607065802812576161e-01
3.556525373458865324e-01 2.208299517631531206e-01 1.611334165930747853e-01
3.558495716750624815e-01 2.201937317848206010e-01 1.615783801674842701e-01
3.562641536444428603e-01 2.192955493927002397e-01 1.622977262735366688e-01
3.567730152606967131e-01 2.178892970085144487e-01 1.629244989156722889e-01
3.569385988265279530e-01 2.173584580421448198e-01 1.630555695295333729e-01
3.572625388950113057e-01 2.159584045410156694e-01 1.634407198429107533e-01
3.575462793558838448e-01 2.149314165115356889e-01 1.637527352571487294e-01
3.578273692727091948e-01 2.142701029777527300e-01 1.638697540760040150e-01
3.580573295801880995e-01 2.139271974563599077e-01 1.638678467273712025e-01
3.586305847018960158e-01 2.117159843444824663e-01 1.643175637722015248e-01
3.587808945775035063e-01 2.112565517425537553e-01 1.643316081166267262e-01
3.589881548285487334e-01 2.100220203399658647e-01 1.642338639497756825e-01
3.590991815179588875e-01 2.097200632095337358e-01 1.639355129003524369e-01
3.591695112735036055e-01 2.095274209976196733e-01 1.635757690668105946e-01
3.590358404070141951e-01 2.083330631256103960e-01 1.633067733049392567e-01
3.588829209655526320e-01 2.079353213310242143e-01 1.631227588653564320e-01
3.586842251569035689e-01 2.068405628204346147e-01 1.624995326995849476e-01
3.584003543108704726e-01 2.060799479484558550e-01 1.617853051424026356e-01
3.580964004248383681e-01 2.057914018630981889e-01 1.612330681085586415e-01
3.575896361470225493e-01 2.052263498306274858e-01 1.601283109188079701e-01
3.574847990274432341e-01 2.052425026893616167e-01 1.593489056825637684e-01
3.574952279776337782e-01 2.052045345306396928e-01 1.587602800130843983e-01
3.571345844864848296e-01 2.046389460563660112e-01 1.574341213703155384e-01
3.569534403830769698e-01 2.045375585556030718e-01 1.565577095746993608e-01
3.567305059731009642e-01 2.041437506675719549e-01 1.542129224538802967e-01
3.564393763989213149e-01 2.037083983421325017e-01 1.529761484265327320e-01
3.562721723318102995e-01 2.034421443939209428e-01 1.512625446915626393e-01
3.562099953740838210e-01 2.033675789833069292e-01 1.503896197676658497e-01
3.560422045737507424e-01 2.033012986183166948e-01 1.490798300504684037e-01
3.558583000302317778e-01 2.031538367271423784e-01 1.483537635207176075e-01
3.555769390985372702e-01 2.024400711059570757e-01 1.475853478908538685e-01
3.549800870567562661e-01 2.017609357833862749e-01 1.465109369158744679e-01
3.548823698982599417e-01 2.011127352714539018e-01 1.463952368497848378e-01
3.543618341535332839e-01 2.005490541458130327e-01 1.458402431011199818e-01
3.537810334563257775e-01 1.998971581459045854e-01 1.453168249130248890e-01
3.536008774861696402e-01 1.996248245239258257e-01 1.448103418946266041e-01
3.533887864649298827e-01 1.990571498870850053e-01 1.447104668617248402e-01
3.530478879436853568e-01 1.980538249015808550e-01 1.446338450908660755e-01
3.529744848236445187e-01 1.971124887466431108e-01 1.445857515931129322e-01
3.527805406227710883e-01 1.965402245521545854e-01 1.444123467803000993e-01
3.525156333670023123e-01 1.963166475296020952e-01 1.439146926999091969e-01
3.521829416602852980e-01 1.962688446044922319e-01 1.434035307168960438e-01
3.519866225868465981e-01 1.959465026855469194e-01 1.430269038677215443e-01
3.518266753852370421e-01 1.956114053726196733e-01 1.428180640935897694e-01
3.515116620436313788e-01 1.951504826545715776e-01 1.426195061206817494e-01
3.514717679098251502e-01 1.953884840011597124e-01 1.420448279380798207e-01
3.514426510408523718e-01 1.952883481979370561e-01 1.417979007959365711e-01
3.513322585821154753e-01 1.954605460166931596e-01 1.412623679637908802e-01
3.513414553925398587e-01 1.953567743301392046e-01 1.409590846300124989e-01
3.514240655675533453e-01 1.957970738410950151e-01 1.407956933975219593e-01
3.552006670832636992e-01 1.972034454345703569e-01 1.388242399692535267e-01
3.579716087877753417e-01 1.977680802345276323e-01 1.384789577126502857e-01
3.604076189547780196e-01 1.994034528732300249e-01 1.383244103193282948e-01
3.630521969497206847e-01 1.989105224609375444e-01 1.385388901829719410e-01
3.641753850132229964e-01 1.983600139617920366e-01 1.390463268756866322e-01
3.667335381358864943e-01 1.946404457092286711e-01 1.402793532609939442e-01
3.682841175794604460e-01 1.928468227386475053e-01 1.410571342706680165e-01
3.710085862874987761e-01 1.896324038505554643e-01 1.423528125882148609e-01
3.734064587950708947e-01 1.860116600990295854e-01 1.435677266120910234e-01
3.764808030426504692e-01 1.820070624351501909e-01 1.451403057575225419e-01
3.782943116128447691e-01 1.793200254440308061e-01 1.459973907470702992e-01
3.816907593607905547e-01 1.755747079849243608e-01 1.469108319282531605e-01
3.862643578648570220e-01 1.694162964820862260e-01 1.485108292102813587e-01
3.898439781367781798e-01 1.641630411148071733e-01 1.505636876821517811e-01
3.916747385263446013e-01 1.609825372695923296e-01 1.514766520261764393e-01
3.929892742633822600e-01 1.533973693847656694e-01 1.554304665327072010e-01
3.935619258880618254e-01 1.510985970497131792e-01 1.566914176940917836e-01
3.953709790110590538e-01 1.427804112434387651e-01 1.606736934185027943e-01
3.956242875754835686e-01 1.395752310752869096e-01 1.627697801589965687e-01
3.949367591738704442e-01 1.375332355499269132e-01 1.649970641732215748e-01
3.942343370616439024e-01 1.379603624343872514e-01 1.657372421026229725e-01
3.932329529523852507e-01 1.360369205474853960e-01 1.683843439817428456e-01
3.926696704328063170e-01 1.356541395187377264e-01 1.693880563974380082e-01
3.923457601666453520e-01 1.352107405662537065e-01 1.700816532969474659e-01
3.917279021441940068e-01 1.338850736618042436e-01 1.718040561676025257e-01
3.916433976590636412e-01 1.336216807365417925e-01 1.724220147728919850e-01
3.915169985592368285e-01 1.334195613861084428e-01 1.726707673072814808e-01
3.914788404107096831e-01 1.337684869766235796e-01 1.731720609962940083e-01
3.913605922460559050e-01 1.326159119606018510e-01 1.739591179788112507e-01
3.910000176727774779e-01 1.328101634979248491e-01 1.737148544192314015e-01
3.905301207304003874e-01 1.329983353614807573e-01 1.735699182748794422e-01
3.902471923828128020e-01 1.326408267021179643e-01 1.736311806738376484e-01
3.898860105872157811e-01 1.327677845954895464e-01 1.737191869318485404e-01
3.895655089616778533e-01 1.326828479766846147e-01 1.737489892542362080e-01
3.891715446114543120e-01 1.325425982475282316e-01 1.739508403837680961e-01
3.888432683050635497e-01 1.331404328346252885e-01 1.735613799095153675e-01
3.884581328928473631e-01 1.330795764923096147e-01 1.737521632015704975e-01
3.884029129147532622e-01 1.322368264198303667e-01 1.736551231145858631e-01
3.905037233233454863e-01 1.254050612449646440e-01 1.678048378229141102e-01
3.909992986917498747e-01 1.210600018501282182e-01 1.575771427154540882e-01
3.908669503033165293e-01 1.195114731788635698e-01 1.455834662914275990e-01
3.907960692048075835e-01 1.193376064300536443e-01 1.397346487641334123e-01
3.907436729967597167e-01 1.197994232177734819e-01 1.289308673143386708e-01
3.905690611898902098e-01 1.202348351478577104e-01 1.207323974370956288e-01
3.904988543689253966e-01 1.205021619796753374e-01 1.173738247156143333e-01
3.905346506834033171e-01 1.212310075759888139e-01 1.135222396254539357e-01
3.904564605653289000e-01 1.261410593986511675e-01 9.835134506225584605e-02
3.902796210348609685e-01 1.268569707870483843e-01 9.550628125667570689e-02
3.901869060099127928e-01 1.274546265602112260e-01 9.342004418373106578e-02
3.898451665043833891e-01 1.307007551193237749e-01 8.630389034748076060e-02
3.895645366609099547e-01 1.329212665557861772e-01 8.211253643035887340e-02
3.894064129889014403e-01 1.338289856910706010e-01 8.027923166751860240e-02
3.892497608065608183e-01 1.351306319236755815e-01 7.745236217975615123e-02
3.891819791495803038e-01 1.356025815010071245e-01 7.668113768100737193e-02
3.890315556526187102e-01 1.366290330886841264e-01 7.455509960651396373e-02
3.889116981625559966e-01 1.371821641921997514e-01 7.320688724517820933e-02
3.888991923630240599e-01 1.375267982482910600e-01 7.247144043445585826e-02
3.889135906100276152e-01 1.375133275985719328e-01 7.213775873184205545e-02
3.888472469151023070e-01 1.375796675682068315e-01 7.155543625354765513e-02
3.887924814224246184e-01 1.377078771591186968e-01 7.126753091812132457e-02
3.887328581511977355e-01 1.379863500595093218e-01 7.087180078029631236e-02
3.886385338008406243e-01 1.386570811271667925e-01 6.975632965564726451e-02
3.886019700765613316e-01 1.388911485671997514e-01 6.929966866970063699e-02
3.884175719320777098e-01 1.398830294609070268e-01 6.777487754821776011e-02
3.882180975377562682e-01 1.411866426467895952e-01 6.580033957958220103e-02
3.881276363134387175e-01 1.422482013702393022e-01 6.414415001869200328e-02
3.880811037123206297e-01 1.428320288658142534e-01 6.328949391841887095e-02
3.879646958410742918e-01 1.436264991760254350e-01 6.198982954025267222e-02
3.879297637939456145e-01 1.440276384353638139e-01 6.093530416488646129e-02
3.878584133088592290e-01 1.446693420410156694e-01 5.987395405769346812e-02
3.878306673467162291e-01 1.449743986129761186e-01 5.925808906555174449e-02
3.877696172893050353e-01 1.455088734626770464e-01 5.833603501319883922e-02
3.877121658623221001e-01 1.457044959068298784e-01 5.784264266490932171e-02
3.876729236543181578e-01 1.458670377731323686e-01 5.756798446178434947e-02
3.876193390786650816e-01 1.462903499603271928e-01 5.672226905822752574e-02
3.875987456738951842e-01 1.465252518653870073e-01 5.623816013336180308e-02
3.876141758263114134e-01 1.465722799301147905e-01 5.575893878936766246e-02
3.876200021803382634e-01 1.466942310333252397e-01 5.523155689239500621e-02
3.876099327206614653e-01 1.468244671821594682e-01 5.485226273536680797e-02
3.876126745343211333e-01 1.468086719512939897e-01 5.472324848175047496e-02
3.876035550236704985e-01 1.468669056892395464e-01 5.442731142044066051e-02
3.875866608321669737e-01 1.470408320426941362e-01 5.388112425804136851e-02
3.875771017372610650e-01 1.470925688743591753e-01 5.375284016132353404e-02
3.875777424871924559e-01 1.470486998558044878e-01 5.374929368495939830e-02
3.875730970501902739e-01 1.470104932785034624e-01 5.350482523441313365e-02
3.875472025573256651e-01 1.470523953437805620e-01 5.315820932388304332e-02
3.875211963057521025e-01 1.468644618988037553e-01 5.319242238998411754e-02
3.875259199738505522e-01 1.467732667922974077e-01 5.315528869628904918e-02
3.875488863885405699e-01 1.465242385864258257e-01 5.304585456848143199e-02
3.875861020386222600e-01 1.462572693824768510e-01 5.316184520721434215e-02
3.876514026522639433e-01 1.457749485969543901e-01 5.334001839160917857e-02
3.876670265197756926e-01 1.456652760505676714e-01 5.335508346557615855e-02
3.876743429899218718e-01 1.456130623817444292e-01 5.335801899433134654e-02
3.877454774081709465e-01 1.451262712478638139e-01 5.356793165206907847e-02
3.877733239531520049e-01 1.449338674545288530e-01 5.365869462490080455e-02
3.878955991566184203e-01 1.441253304481506792e-01 5.404631853103636363e-02
3.879224286973479430e-01 1.439528942108154741e-01 5.413138926029203990e-02
3.879855276644232909e-01 1.435742259025574175e-01 5.430381059646605113e-02
3.880052828788760344e-01 1.434795141220093218e-01 5.431352615356443980e-02
3.880873137712481658e-01 1.429840207099914995e-01 5.456169009208677867e-02
3.881308437883857487e-01 1.427265286445618120e-01 5.470009207725523570e-02
3.881717474758628050e-01 1.425177931785583940e-01 5.482700526714323619e-02
3.882248663902285735e-01 1.423954248428345171e-01 5.499945640563963511e-02
3.882443943619731108e-01 1.423730731010437456e-01 5.505637884140013316e-02
3.882515320181849638e-01 1.423721194267273393e-01 5.507810473442076304e-02
3.882824184000494561e-01 1.422038555145264116e-01 5.516548514366148570e-02
3.883301915228369872e-01 1.419542908668518510e-01 5.530537724494932750e-02
3.883822189271453063e-01 1.416308760643005815e-01 5.546434283256529429e-02
3.884180748462680022e-01 1.414006829261780229e-01 5.557714462280272105e-02
3.884064929187300841e-01 1.414705395698547807e-01 5.554284214973448375e-02
3.883851730823519866e-01 1.416086435317993608e-01 5.547456502914427379e-02
3.882794381678107420e-01 1.422788977622986284e-01 5.514083862304686168e-02
3.882503511011602959e-01 1.424610495567322221e-01 5.504913687705992320e-02
3.874545992910864989e-01 1.420531153678894487e-01 5.501326978206633189e-02
3.783614562451842467e-01 1.375542759895325151e-01 6.208688080310820201e-02
3.707933222502472481e-01 1.357241749763489214e-01 6.911084115505217174e-02
3.459754829853776692e-01 1.342081308364868608e-01 9.032611608505247691e-02
3.285355010628703831e-01 1.360940217971802202e-01 1.033928847312927113e-01
2.510837280750277678e-01 1.645308613777161089e-01 1.381134471297263966e-01
1.809596383571627776e-01 2.030282497406005193e-01 1.554624593257903920e-01
1.452874952554705501e-01 2.250404834747313787e-01 1.631079620122909413e-01
1.086458528041842342e-01 2.504848122596740057e-01 1.704831427335738725e-01
4.433351397514367909e-02 3.025995075702667680e-01 1.829682371020316944e-01
1.721095681190515370e-02 3.272068679332731933e-01 1.885627737641334400e-01
-4.919579982757549264e-02 3.911373198032377929e-01 2.012975817918777333e-01
-6.594425797462444283e-02 4.079339385032652587e-01 2.045433676242828236e-01
-9.397545814514146612e-02 4.369913220405577392e-01 2.095693132281302995e-01
-1.131685113906858442e-01 4.551166176795957696e-01 2.140742397308349754e-01
-1.339513397216794965e-01 4.774742305278776300e-01 2.196737831830978260e-01
-1.381003296375272194e-01 4.818422973155973565e-01 2.212295240163802967e-01
-1.459683513641356067e-01 4.914426982402799737e-01 2.240342131257057057e-01
-1.501496469974516468e-01 4.968627274036405694e-01 2.261616072058677540e-01
-1.535455918312071399e-01 5.011580169200895440e-01 2.285659840703010426e-01
-1.548325753211973743e-01 5.025720179080961358e-01 2.297159886360168324e-01
-1.556220090389250355e-01 5.030113339424131524e-01 2.307811161875724659e-01
-1.666531300544737970e-01 5.142936587333677423e-01 2.431259608268737382e-01
-1.674771642684935169e-01 5.148922681808469903e-01 2.436461007595062123e-01
-1.638985013961790638e-01 5.149626314640043390e-01 2.409927701950073109e-01
-1.491947209835051136e-01 5.179188430309293878e-01 2.391251406073570118e-01
-1.367659604549406049e-01 5.206839025020597589e-01 2.411248615384101734e-01
-1.235680615901945667e-01 5.238855659961698663e-01 2.458944848179817066e-01
-1.004103755950926380e-01 5.280057668685911310e-01 2.639056077599525318e-01
-9.086442351341234014e-02 5.273081541061399591e-01 2.757906994223594532e-01
-7.826876997947679326e-02 5.247073352336881769e-01 2.982129237055778370e-01
-7.490551829338060186e-02 5.235352396965025079e-01 3.064972019195556507e-01
-6.378117561340318487e-02 5.177942097187040460e-01 3.377829051017761097e-01
-6.217554569244376772e-02 5.159374654293058526e-01 3.483970320224761830e-01
-5.998441934585552193e-02 5.119053602218628374e-01 3.656793540716171131e-01
-5.968621730804424264e-02 5.077033817768097368e-01 3.809633409976959095e-01
-6.017846226692186162e-02 5.059337496757505548e-01 3.872689461708068714e-01
-6.104243159294120424e-02 5.024782598018644464e-01 3.989334559440612660e-01
-6.176030993461595342e-02 5.012297213077543390e-01 4.036999201774597035e-01
-6.283244848251329229e-02 4.992043852806090087e-01 4.112430071830749378e-01
-6.349194407463065737e-02 4.986134052276610107e-01 4.144213205575942860e-01
-6.448391437530504033e-02 4.977657377719877929e-01 4.187435960769653187e-01
-6.484163165092454717e-02 4.973520219326018066e-01 4.209840899705886708e-01
-6.552756190299974248e-02 4.971838474273680419e-01 4.237881159782409535e-01
-6.619939565658555791e-02 4.975484490394591064e-01 4.253845369815826283e-01
-6.673059225082383916e-02 4.980877518653868408e-01 4.267006075382232533e-01
-6.696743130683885381e-02 4.985297501087187499e-01 4.275076693296432362e-01
-6.744447708129869268e-02 4.987756788730620117e-01 4.291237449645995961e-01
-6.772178769111614205e-02 4.989878714084624023e-01 4.298776245117187367e-01
-6.803948044776908510e-02 4.992492973804472656e-01 4.310818469524383412e-01
-6.828657150268541143e-02 4.996527910232542724e-01 4.314402347803115711e-01
-6.847158432006822393e-02 4.999091804027556152e-01 4.314274197816848622e-01
-6.844914317131034487e-02 4.999745666980742187e-01 4.312322890758514271e-01
-6.838861465454088018e-02 5.000883221626279962e-01 4.306660449504852162e-01
-6.847465395927415654e-02 5.002482116222379815e-01 4.301706409454345570e-01
-6.847653150558458135e-02 5.002515792846677911e-01 4.299907988309860096e-01
-6.841507911682115362e-02 5.001805305480955255e-01 4.297900354862213002e-01
-6.832731127738939092e-02 5.000629305839536798e-01 4.296488320827483998e-01
