4.482703909646667539e-01 -1.366483660056218297e-01 1.905580787039842239e-01
4.492756601860948273e-01 -1.277513753299638066e-01 2.152971737514806083e-01
4.474740201283805008e-01 -1.447874864256977756e-01 1.627814734807400132e-01
4.483929202609516773e-01 -1.350908383104801047e-01 1.903156348355847793e-01
4.492582758335531001e-01 -1.277054936269894081e-01 2.155538294716767833e-01
4.462952099578096909e-01 -1.277751541679352232e-01 2.142519867367973507e-01
4.482931826358206862e-01 -1.367406283577084491e-01 1.901140409859987113e-01
4.491331050668276870e-01 -1.292359093576073703e-01 2.156461701499987615e-01
4.482788290488273208e-01 -1.367438107943683145e-01 1.902228150009275254e-01
4.482454625842295926e-01 -1.367713245140686207e-01 1.902164976331683910e-01
4.498151768489532243e-01 -1.233327877831682517e-01 2.409303490746235177e-01
4.497100255044832462e-01 -1.247654148685783115e-01 2.412994456007861999e-01
4.497410416370473674e-01 -1.247794862150251871e-01 2.412810744706908039e-01
4.498295283463231709e-01 -1.232020135814398398e-01 2.412526318985921403e-01
4.504995444276765348e-01 -1.175006657319589976e-01 2.658370722856744361e-01
4.503605372209698032e-01 -1.188834654306993033e-01 2.663534232056252726e-01
4.495999297000154993e-01 -1.260321981783583123e-01 2.425251838476640831e-01
4.495381752578645473e-01 -1.260844746386781123e-01 2.422898889465785466e-01
4.486885355392105645e-01 -1.333333663949445025e-01 2.179438627045358068e-01
4.487539375526845564e-01 -1.332700883009880211e-01 2.181091277130529082e-01
4.480173094741337070e-01 -1.395932352095693441e-01 1.917263969454210404e-01
4.501661339408039586e-01 -1.216542937743141928e-01 2.673367956874124207e-01
4.504292728913105726e-01 -1.190959520359485824e-01 2.655677976280155228e-01
4.481059129724115353e-01 -1.379308546714781980e-01 1.916497851115153139e-01
4.469143154099590731e-01 -1.233391682979687876e-01 2.399343050448843329e-01
4.460039880847945781e-01 -1.306962942904457414e-01 2.149882514583751902e-01
4.502734302352636719e-01 -1.205435162094682100e-01 2.657640059227821538e-01
4.495938771914176346e-01 -1.262028990340307300e-01 2.419106574063765169e-01
4.450799385918169926e-01 -1.381461005960255284e-01 1.902416323701678902e-01
4.473259338649682726e-01 -1.443131537687555033e-01 1.647226849244014524e-01
4.489531714146785535e-01 -1.304008371996431825e-01 2.169416713923613127e-01
4.489769106727585224e-01 -1.304905852352604145e-01 2.166982547406703929e-01
4.489763137691102912e-01 -1.304998092053457626e-01 2.166755564134856815e-01
4.460204923700213375e-01 -1.305735720207691075e-01 2.154786964388550885e-01
4.504168109352618687e-01 -1.189800989940538734e-01 2.659900314446663749e-01
4.504043403036505078e-01 -1.189919109594672619e-01 2.658046277029602056e-01
4.503564818467215014e-01 -1.202792417294830107e-01 2.668611560605280708e-01
4.497531225284941425e-01 -1.248327860840708070e-01 2.410793976119536275e-01
4.498606859141416892e-01 -1.234130734139159413e-01 2.407554181078013222e-01
4.481163210009284636e-01 -1.378428808586746324e-01 1.917771565304804415e-01
4.489654408184856060e-01 -1.303986909572631137e-01 2.169964372312633838e-01
4.483713067305073463e-01 -1.352098735327124102e-01 1.898512296187273574e-01
4.462148834166816957e-01 -1.276557068309336629e-01 2.144312068622331591e-01
4.453795396015315933e-01 -1.336032911122738698e-01 1.887327453195675186e-01
4.492046683355301329e-01 -1.276730127497538447e-01 2.155749624286313892e-01
4.510637072013787829e-01 -1.134987053032368021e-01 2.894582635592410913e-01
4.503581014303699170e-01 -1.202910194898471341e-01 2.667955580107912450e-01
4.419821819775864302e-01 -1.364522732550799700e-01 1.891606211248628711e-01
4.203650004163355103e-01 -1.292202362010404504e-01 1.844420490868381446e-01
4.009728167803644494e-01 -9.772208353342115572e-02 2.533992009534880019e-01
3.996605993939742474e-01 -1.003638270659968357e-01 2.269445814543067375e-01
4.188773809099301526e-01 -1.276394912870004172e-01 1.246728623639807854e-01
4.765766692686103090e-01 -1.071008021979713565e-01 1.802878040943969307e-01
4.953299999999999925e-01 2.731419999999999959e-01 1.578349999999999920e+00
6.349590536635361104e-01 -1.409501909152622856e-01 1.142856738290434215e-01
6.545607272638920282e-01 -1.273114980716341660e-01 1.762365820888349699e-01
6.633868830263949246e-01 -1.496257250641155334e-01 1.233090853645000262e-01
6.644746363931596234e-01 -1.502185611067190507e-01 8.985691586490185401e-02
6.635506585937142043e-01 -1.282996910256296585e-01 7.940244480249125658e-02
6.486139250367373155e-01 -1.149715796017497516e-01 7.008309983921034991e-02
6.457092160721839003e-01 -1.120092072569205954e-01 6.704861240215520546e-02
6.427359400646001086e-01 -1.084803140920698183e-01 6.586728960469812044e-02
6.394681051511287295e-01 -1.068606077565997237e-01 6.428625974173707291e-02
6.418289345693946046e-01 -1.176036130028292881e-01 3.532867953746388068e-02
6.413167670362919237e-01 -1.224467056205496007e-01 3.747482987038708302e-02
6.379369315499737736e-01 -1.192190859291366589e-01 7.036181803202601337e-02
6.412077912079363617e-01 -1.346419869341924369e-01 -3.409602023067392906e-02
6.451914089260131213e-01 -1.316011733657941329e-01 -3.530187532178818977e-02
6.425170968883097133e-01 -1.130272051980048542e-01 3.228565434327856920e-02
6.457233925911307626e-01 -1.213682914620861641e-01 -8.689417536580368306e-04
6.457570780157864121e-01 -1.232660229118018869e-01 -1.468437667690336568e-03
6.488913915678024003e-01 -1.317527759966701240e-01 -3.490593705761280141e-02
6.551585136929809483e-01 -1.439131136637925579e-01 -6.660351904709038706e-02
6.485906315171003911e-01 -1.215014130985066498e-01 3.631097153065865335e-02
6.692688942273855579e-01 -1.009254589971303462e-01 -7.261668726396663942e-03
6.657830703119427262e-01 -7.190785592053827724e-02 8.895548669423747334e-02
6.591330983090757378e-01 -6.830568620361382459e-02 1.175147874185844543e-01
6.715609813933491878e-01 -9.967448444560167431e-02 3.062768964824957862e-02
6.648068400396376365e-01 -9.387460479903220190e-02 6.073293801909840361e-02
6.461726516904920947e-01 -8.002180139766634781e-02 5.245942375941869962e-02
6.783366869215190498e-01 -1.093485749383270034e-01 -8.326558200356393158e-02
6.699816209168820702e-01 -9.803585100236533734e-02 -1.064834178281581778e-02
6.560071065075039343e-01 -8.774550845295187029e-02 2.216437103652935114e-02
6.667210149135649466e-01 -9.620717717595395069e-02 -1.171028758448811047e-02
6.656515751698106609e-01 -9.310172650061543376e-02 2.596679951735136882e-02
6.794356245527625182e-01 -1.122897200362682479e-01 -3.738834723330142218e-02
6.793631810559987994e-01 -1.123296970082818813e-01 -3.735455372431562004e-02
6.722566090069294065e-01 -1.041533970176576895e-01 -4.514806648248548271e-03
6.761103155731768011e-01 -1.123628351302593531e-01 -3.916901395405525399e-02
6.753897856777697495e-01 -1.058745832674651832e-01 -2.821076146066081591e-03
6.760549410239189427e-01 -1.122184260554014990e-01 -3.858736264966577956e-02
6.761217257577984974e-01 -1.123163239043056816e-01 -3.900349880100328903e-02
6.723944451595276206e-01 -1.119229514348655807e-01 -3.838862934593256782e-02
6.626579982944607039e-01 -7.375152353219688317e-02 8.717373208165324350e-02
6.526872056630611540e-01 -2.571336652660366484e-02 1.902180972424745153e-01
6.973107083308845988e-01 3.805232573270811436e-03 8.812222152714288548e-02
6.610567137139380378e-01 1.237171581313312174e-01 2.857367355405804332e-01
6.750215578313439879e-01 1.615075155459345102e-01 2.430317819873348828e-01
6.342044605972201321e-01 1.696042755599916352e-01 3.254147655613823797e-01
5.623733444963224803e-01 1.550410274192616233e-01 3.664640627928639205e-01
4.903291848730158553e-01 1.695626792718507025e-01 2.647718282684530244e-01
4.581161605825319616e-01 2.079978380611390287e-01 1.739646167888098116e-01
4.598124156836808085e-01 2.205270475007296005e-01 1.949104304463891157e-01
4.601579813846572997e-01 2.310472533230930048e-01 1.619438328406161975e-01
4.456576809320703658e-01 2.429098372900337366e-01 2.308412237205557105e-01
4.201236544341251378e-01 2.476289250899107452e-01 2.278701951852060148e-01
3.614806241784752072e-01 2.656963560755252751e-01 1.935500331778854388e-01
2.814063385992259247e-01 2.982649680663049807e-01 3.336146909410311334e-01
1.710448022076964669e-01 3.372561843576430962e-01 2.759466646827875014e-01
4.953299999999999925e-01 2.731419999999999959e-01 1.578349999999999920e+00
4.953299999999999925e-01 2.731419999999999959e-01 1.578349999999999920e+00
4.953299999999999925e-01 2.731419999999999959e-01 1.578349999999999920e+00
-2.625753075128800518e-02 3.938678856757880098e-01 2.902823053010523680e-01
4.953299999999999925e-01 2.731419999999999959e-01 1.578349999999999920e+00
4.953299999999999925e-01 2.731419999999999959e-01 1.578349999999999920e+00
4.144962896461484858e-02 2.664776925908327598e-01 2.716455638634800440e-01
4.953299999999999925e-01 2.731419999999999959e-01 1.578349999999999920e+00
4.953299999999999925e-01 2.731419999999999959e-01 1.578349999999999920e+00
4.953299999999999925e-01 2.731419999999999959e-01 1.578349999999999920e+00
4.953299999999999925e-01 2.731419999999999959e-01 1.578349999999999920e+00
4.953299999999999925e-01 2.731419999999999959e-01 1.578349999999999920e+00
4.953299999999999925e-01 2.731419999999999959e-01 1.578349999999999920e+00
4.953299999999999925e-01 2.731419999999999959e-01 1.578349999999999920e+00
4.953299999999999925e-01 2.731419999999999959e-01 1.578349999999999920e+00
4.953299999999999925e-01 2.731419999999999959e-01 1.578349999999999920e+00
4.953299999999999925e-01 2.731419999999999959e-01 1.578349999999999920e+00
4.953299999999999925e-01 2.731419999999999959e-01 1.578349999999999920e+00
4.953299999999999925e-01 2.731419999999999959e-01 1.578349999999999920e+00
4.953299999999999925e-01 2.731419999999999959e-01 1.578349999999999920e+00
4.953299999999999925e-01 2.731419999999999959e-01 1.578349999999999920e+00
-8.733732829186924285e-02 3.610853522610664168e-01 2.717310512871862205e-01
7.689620248711004358e-03 2.941328493442534886e-01 3.964577294654427764e-01
2.306316191492074896e-02 2.548698264487981868e-01 3.393726908822893851e-01
1.418506059264719177e-01 1.700649945290684251e-01 2.821818128297179928e-01
2.613784306266605517e-01 7.900820360726118485e-02 1.465423600577682173e-01
3.615112040347039368e-01 8.673861946091099284e-03 2.053361056459381828e-01
4.739764350438084861e-01 -7.294436220099398405e-02 1.301916420975961497e-01
5.736324065525159055e-01 -1.236195075645856734e-01 1.001085765548119788e-01
6.374162506552308871e-01 -1.600022070729359425e-01 1.821564244392726017e-02
6.745708382001921466e-01 -1.673525645011402219e-01 -5.372578714571707437e-02
6.839308553316846284e-01 -1.676235115072465809e-01 -9.695656638898508817e-02
6.696041237318813844e-01 -1.176525205527469420e-01 3.785493903485903644e-02
6.729803525705755352e-01 -8.311090735557669085e-02 5.700692565028075975e-02
6.719017022180319154e-01 -5.402624043183024138e-02 7.814006632977266165e-02
6.745979437592953820e-01 -5.141823339766260492e-02 4.700934920231825132e-03
6.570712576766044588e-01 -4.528422888466709928e-02 3.730768422536079321e-02
6.435911153164118881e-01 -3.668528304171558840e-02 1.002881667730792792e-01
6.466305835953622960e-01 -3.697681353107090674e-02 1.010564330049679160e-01
6.403159820867836416e-01 -3.668595844043787135e-02 9.910250012908128348e-02
6.308147702762931797e-01 -3.290960495778916250e-02 9.714000361424246499e-02
6.394301939684688962e-01 -5.621347068102661160e-02 -3.429770463189329988e-02
6.299694682277828806e-01 -4.384402788959440578e-02 3.299051796086716060e-02
6.238932790959521579e-01 -3.722575453214344021e-02 6.339508966411111501e-02
6.206563506104767480e-01 -3.528734931281207743e-02 6.351178251427413990e-02
6.269922427740082238e-01 -3.876935744704301801e-02 3.067795374631043792e-02
6.270198825473263238e-01 -3.876382318273186023e-02 3.062957245352349034e-02
6.243560920695871985e-01 -3.429118505102390912e-02 6.163217583068458794e-02
6.243381959566294270e-01 -3.422265826541182054e-02 6.188949528112708265e-02
6.214983282589734426e-01 -2.945748286657029480e-02 9.352448673740476615e-02
6.245677149756729829e-01 -2.943294275997576648e-02 9.494417883874617381e-02
6.271527197848900670e-01 -3.557656763561067859e-02 6.512471764912963756e-02
6.271626830990910673e-01 -3.735381584073599326e-02 6.433462775872200723e-02
6.218674280740736915e-01 -2.656643296834826362e-02 1.243902012363700127e-01
6.218493856402591557e-01 -2.491406376183030735e-02 1.249397836782610849e-01
6.242747889395610095e-01 -3.239083288727695464e-02 9.632972862258171176e-02
6.214569690953314351e-01 -2.940830543877182013e-02 9.404338334872863747e-02
6.301505405633003321e-01 -3.882086735080181317e-02 6.691299511374526610e-02
6.186372409369289560e-01 -2.464854463137688967e-02 1.249712478199496157e-01
6.242857207304194356e-01 -3.251173285511127498e-02 9.579474690256173375e-02
6.187219668951571272e-01 -2.475022866478560069e-02 1.243579530057070670e-01
6.267875061826571059e-01 -3.852003254577507363e-02 6.670445851490702793e-02
6.241700633046225466e-01 -3.232239785429830148e-02 9.673043461372921037e-02
6.242133262179657693e-01 -3.237325453595812919e-02 9.643169644259597106e-02
6.242091817929595887e-01 -3.239262765596800930e-02 9.633727007823589261e-02
6.187070021821216015e-01 -2.638438762275874261e-02 1.241115137078396824e-01
6.271370430926666018e-01 -3.735097076459226173e-02 6.439877540579197479e-02
6.298494179377124302e-01 -4.369432809604700818e-02 3.325867899949019879e-02
6.302973812203214177e-01 -4.252326101559400495e-02 3.078305262289293687e-02
6.271411330268754636e-01 -3.736026524700220008e-02 6.433658480729964602e-02
6.240635843952208051e-01 -3.557970566412799185e-02 6.353643305358147586e-02
6.215282344591409602e-01 -2.955361091290414910e-02 9.314374910451483913e-02
6.271603034884750683e-01 -3.731124628691367962e-02 6.469384214712237124e-02
6.267396688153832329e-01 -3.843625472572437252e-02 6.710814487105731807e-02
6.332995880143702516e-01 -4.409892576500773487e-02 3.355138007321967208e-02
6.297791326354622576e-01 -4.355937072160842582e-02 3.423953555097880574e-02
6.271412151262223400e-01 -3.735327058304843684e-02 6.444460439668442397e-02
6.210565735772535234e-01 -3.052954715050754109e-02 9.635036900929283554e-02
6.270930825828775479e-01 -3.728857491062576024e-02 6.479923877815663147e-02
6.238423858219385165e-01 -3.530326591041682560e-02 6.503017177804393256e-02
6.268509783279717640e-01 -3.858745433552562831e-02 6.651545516403456482e-02
6.298330413119926918e-01 -4.363460801172258652e-02 3.388973910548775947e-02
6.267959253276214060e-01 -3.854014304308595040e-02 6.668039840139816654e-02
6.268659416120916372e-01 -3.864495218256114306e-02 6.625959238403278384e-02
6.271280213511243318e-01 -3.734246209631858493e-02 6.456354950384723956e-02
6.298989997719227629e-01 -4.374467240566015658e-02 3.360286068043993879e-02
6.273328801703840218e-01 -3.762551235078276379e-02 6.334141358281075718e-02
6.298089954363972343e-01 -4.363204759016625633e-02 3.407598128629163448e-02
6.298518066520200076e-01 -4.371142296233770930e-02 3.369777075125202082e-02
6.329243381882996289e-01 -4.535403977257013164e-02 3.542867893450107886e-02
6.299033358577296182e-01 -4.378318605649467177e-02 3.303779414860819053e-02
6.239495486053064921e-01 -3.723396632045505861e-02 6.358894721203212086e-02
6.215098373809306853e-01 -2.951743124265965301e-02 9.357160176891388126e-02
6.269472264094888558e-01 -3.877161053812500091e-02 6.562686867527056656e-02
6.187521656580299290e-01 -2.648977454060313930e-02 1.234588963759526425e-01
6.329489460938304557e-01 -4.538207475231587074e-02 3.542901903265116559e-02
6.298603973646447196e-01 -4.369584335340559456e-02 3.379421886859601543e-02
6.269223455712288340e-01 -3.871055774201453969e-02 6.607329694895458516e-02
6.268691360010131275e-01 -3.865376856607199985e-02 6.622851565858045575e-02
6.332596156134455700e-01 -4.411454324758046219e-02 3.338005190836623726e-02
6.298722898314281782e-01 -4.372510263755913229e-02 3.356627681783974637e-02
6.299094915972380804e-01 -4.381495274618263380e-02 3.310345581454487984e-02
6.297459929609819929e-01 -4.356553171174226691e-02 3.426621851803446361e-02
6.269896421331196956e-01 -3.884648224996029020e-02 6.536463733165565060e-02
6.299549351743727321e-01 -4.385503845864530126e-02 3.296902133427392911e-02
6.268553349199846858e-01 -3.866141213630136519e-02 6.617856931414545230e-02
6.299077088628485255e-01 -4.383684700113532617e-02 3.309566934251551018e-02
6.268388866341888521e-01 -3.868995434796806965e-02 6.600077371230428369e-02
6.298797484630479504e-01 -4.377592465923724196e-02 3.319893009711738507e-02
6.267867480533912961e-01 -3.852256674592191565e-02 6.668859445275576725e-02
6.329765390791773916e-01 -4.540933528852458823e-02 3.520340216121065069e-02
6.297918368227407582e-01 -4.360816540357465021e-02 3.400317295353927349e-02
6.361101613817692346e-01 -5.062276249989866583e-02 1.716583475318556040e-03
6.297495784139185426e-01 -4.358839919896417836e-02 3.428451500553486575e-02
6.268292174827188035e-01 -3.861247730998690342e-02 6.618714388235824586e-02
6.269128711215257166e-01 -3.873857466903329883e-02 6.583164619779280358e-02
6.272075417197778835e-01 -3.746074712437391652e-02 6.412331165392748389e-02
6.298927389260157161e-01 -4.374445001456134241e-02 3.341186412987928733e-02
6.239508762585281865e-01 -3.549823987175521056e-02 6.426136058490694580e-02
6.240158044663473014e-01 -3.733811996035274472e-02 6.304804222302817784e-02
6.298814066891877950e-01 -4.389525045338271703e-02 3.308376711900984368e-02
6.235709939388544010e-01 -3.849938782843947971e-02 6.585075871214129961e-02
6.193776190656273828e-01 -2.090524714912467275e-02 1.525360765592604917e-01
6.140101394681229952e-01 -1.346439641609781246e-02 1.797050267919695354e-01
6.189415272750973251e-01 -2.306155646900831524e-02 9.059906731665257063e-02
6.169582925361647430e-01 -1.436065888765453158e-02 1.174094756189025812e-01
6.093247699938206807e-01 1.345455002263185040e-03 2.046503449741154945e-01
6.256835224820405106e-01 -2.152170755892990339e-02 5.634116196553251577e-02
4.953299999999999925e-01 2.731419999999999959e-01 1.578349999999999920e+00
6.229448529244944188e-01 -1.546892610794303735e-02 8.787093396215639451e-02
6.228234804831951354e-01 -2.015075562733414927e-02 5.321820515648556515e-02
6.287453698445349959e-01 -2.633495040494204797e-02 2.253735003324286446e-02
6.230333027661070222e-01 -1.555197315098344468e-02 8.727927737402096930e-02
6.231353236448332611e-01 -1.739035236412278529e-02 8.615045573399293666e-02
6.286478523893206383e-01 -2.612029032304880038e-02 2.381669847762735159e-02
6.176272278958812034e-01 -7.020416045755151213e-03 1.475221200734713189e-01
6.258236566366002229e-01 -1.993359326107801976e-02 5.628917653809861754e-02
6.202119285151600492e-01 -1.113307649686928746e-02 1.182625749824792738e-01
6.229986189718752509e-01 -1.548093946318324088e-02 8.765210162280490103e-02
6.175909713420897340e-01 -9.902922874897690519e-03 1.149254336523457543e-01
6.178896520932108949e-01 -5.735260821729926128e-03 1.459083246045513871e-01
6.205109787370353125e-01 -9.823776195511169096e-03 1.166505798916788184e-01
6.230013153022587735e-01 -1.550534486773608167e-02 8.741999068156469654e-02
6.152701446425542509e-01 -1.742844598293324943e-03 1.744457851557366102e-01
6.176193543802529495e-01 -7.015679766252613803e-03 1.476134482422051253e-01
6.203218482681631674e-01 -1.129629157829287189e-02 1.175225917145430454e-01
6.103850687890678417e-01 5.861650020211994772e-03 2.285954424353404679e-01
6.259658019556670894e-01 -1.645804237896203448e-02 1.530191388523236551e-01
6.201823344900414536e-01 -1.372301117938751203e-02 1.799795844809077838e-01
6.401518858825832048e-01 -4.130304994948202912e-02 6.750305663160083292e-02
6.272137764228299384e-01 -3.594308526289458072e-02 9.794597411859418123e-02
6.205580084779575012e-01 -3.520679960517586471e-02 9.798373552732986269e-02
6.215339789283946814e-01 -2.983454460205131609e-02 1.256636413683793752e-01
6.297716186934187999e-01 -4.389168214802441348e-02 6.781451110327152421e-02
6.297092304246738603e-01 -4.388248748466372362e-02 6.789824556049195436e-02
6.238060892852276274e-01 -3.736861993986362318e-02 9.792158918326343553e-02
6.325018365532220077e-01 -5.044556732077892791e-02 3.654147448627487194e-02
6.298311160145342313e-01 -4.218785946775971407e-02 6.822803482184558455e-02
6.237873117754936247e-01 -3.549496099869903221e-02 9.847093837900922075e-02
6.264930227966025722e-01 -4.189722898243364302e-02 6.778765615160975422e-02
6.329557495586216609e-01 -4.579619636259968374e-02 6.841064739888147450e-02
6.242401152908965134e-01 -6.231235349112745903e-02 7.637659623454440272e-02
6.171719876468226840e-01 -6.540616177870328674e-02 7.642594939547264765e-02
6.265260763029829594e-01 -7.261814317029713362e-02 4.648587446063823236e-02
6.210872986345410407e-01 -3.126740506339076298e-02 1.891656952786742174e-01
6.367444293991149085e-01 -3.972479316057259124e-02 9.935707208928024059e-02
6.494929359109669065e-01 -5.158939280848201525e-02 3.807799012131396488e-02
4.953299999999999925e-01 2.731419999999999959e-01 1.578349999999999920e+00
6.124535806440546404e-01 -2.830703487530339402e-03 2.324940623587512523e-01
4.953299999999999925e-01 2.731419999999999959e-01 1.578349999999999920e+00
4.953299999999999925e-01 2.731419999999999959e-01 1.578349999999999920e+00
7.151572119364828506e-01 -1.254108273764699133e-01 -2.562067447974860634e-01
6.147286915473089142e-01 -8.097557901278140680e-03 2.070242560730433112e-01
4.953299999999999925e-01 2.731419999999999959e-01 1.578349999999999920e+00
4.953299999999999925e-01 2.731419999999999959e-01 1.578349999999999920e+00
4.953299999999999925e-01 2.731419999999999959e-01 1.578349999999999920e+00
4.953299999999999925e-01 2.731419999999999959e-01 1.578349999999999920e+00
4.953299999999999925e-01 2.731419999999999959e-01 1.578349999999999920e+00
7.024863198065787184e-01 -1.139230375742614210e-01 -2.158848748334480927e-01
4.953299999999999925e-01 2.731419999999999959e-01 1.578349999999999920e+00
4.953299999999999925e-01 2.731419999999999959e-01 1.578349999999999920e+00
6.365606024964243215e-01 -3.277577355247734969e-02 1.336285926419034098e-01
4.953299999999999925e-01 2.731419999999999959e-01 1.578349999999999920e+00
4.953299999999999925e-01 2.731419999999999959e-01 1.578349999999999920e+00
4.953299999999999925e-01 2.731419999999999959e-01 1.578349999999999920e+00
7.052809453302650855e-01 -1.208685885872840537e-01 -2.090449194344983219e-01
7.051627095361620023e-01 -1.208743514647185879e-01 -2.089020254706994706e-01
6.969203348575413459e-01 -1.078089827165156223e-01 -1.692962166772411514e-01
6.373286299437820324e-01 -2.862283500699697170e-02 1.298300061486585832e-01
6.776511021044075989e-01 -7.195013173402847739e-02 -5.917376973991239630e-02
4.953299999999999925e-01 2.731419999999999959e-01 1.578349999999999920e+00
4.953299999999999925e-01 2.731419999999999959e-01 1.578349999999999920e+00
4.953299999999999925e-01 2.731419999999999959e-01 1.578349999999999920e+00
4.953299999999999925e-01 2.731419999999999959e-01 1.578349999999999920e+00
4.953299999999999925e-01 2.731419999999999959e-01 1.578349999999999920e+00
4.953299999999999925e-01 2.731419999999999959e-01 1.578349999999999920e+00
7.200973797276257748e-01 -1.368543460173606285e-01 -2.987693572564720235e-01
7.010189136366457019e-01 -1.182017726724743922e-01 -2.081028473862545081e-01
6.462395793789893483e-01 -4.828656062726671694e-02 7.023880050767350447e-02
6.430544999824643337e-01 -4.829262563140684916e-02 6.859211993224478832e-02
6.426662472815424243e-01 -4.775451785247025738e-02 7.103572733749441426e-02
6.391803781981855170e-01 -4.767246156398957657e-02 1.030395894143014690e-01
6.239506032767266896e-01 -3.440032487118244164e-02 1.602583535804733561e-01
6.207365691743925717e-01 -6.259889693251252663e-02 4.144014480722613136e-02
6.202169237344548058e-01 -6.622055350378153182e-02 6.903471095507596189e-03
6.151828271440044071e-01 -5.413994853328163437e-02 7.037531451985468145e-02
6.181209480779304988e-01 -5.744544608271118236e-02 7.245384729310333505e-02
6.123282891096308855e-01 -5.215744053064280683e-02 1.029448126402070507e-01
6.146394717812552200e-01 -5.694063977602120685e-02 7.352294795104619141e-02
6.147621524631052825e-01 -5.530964731994270078e-02 7.342907448263025216e-02
6.122461518522978041e-01 -5.036343926480407740e-02 1.036610931638568545e-01
6.122700532288833930e-01 -5.036011941815904391e-02 1.036820927497095202e-01
6.124599149035915291e-01 -4.893998389828202455e-02 1.021880002541712962e-01
6.125686360656068530e-01 -4.903170566500719696e-02 1.018265758383578579e-01
6.125450286540403688e-01 -4.903360912327470178e-02 1.017490023822151812e-01
6.126384097588807309e-01 -5.087399523343144603e-02 1.009252529909492324e-01
6.125270717862187908e-01 -4.902589721937472556e-02 1.019864701701476140e-01
6.125265720016702664e-01 -4.899990889047090015e-02 1.019002754168696345e-01
6.125744676261677402e-01 -4.906239181871707711e-02 1.016613759296767228e-01
6.126191345324010218e-01 -4.913581528751553851e-02 1.014759419062314372e-01
6.126793379846751098e-01 -4.926765198634558418e-02 1.009621540854797050e-01
6.126028662276074011e-01 -4.911064801529047008e-02 1.014813312895708197e-01
6.127042366782173843e-01 -5.098307951711111841e-02 1.004706473803111955e-01
6.151104171731068826e-01 -5.395796598541735545e-02 7.176666635323525334e-02
6.180747241963803207e-01 -5.738778738807137625e-02 7.272814008135641828e-02
6.125891261561439149e-01 -4.915011451403789033e-02 1.012987159167206830e-01
6.126740891125843635e-01 -4.920170530065887116e-02 1.012791003492883313e-01
6.126701081656187320e-01 -4.923507724250847373e-02 1.010599020952314131e-01
6.126468427335336475e-01 -5.087009844830625571e-02 1.008917326010652094e-01
6.126593160705492425e-01 -5.088000847482682110e-02 1.008560270779392809e-01
6.179932930038287697e-01 -5.726486283351478468e-02 7.332111995194745546e-02
6.151323874205023579e-01 -5.573840149204428718e-02 7.110885920199438992e-02
6.125552399425908678e-01 -4.909943606317040965e-02 1.016682813190601387e-01
6.180403117100909949e-01 -5.735902157950395486e-02 7.279550950365432094e-02
6.204442236188471016e-01 -6.384654235956072066e-02 4.337162549241169174e-02
6.125308042258873487e-01 -4.905834289395805126e-02 1.018242129010564767e-01
6.126211862149953946e-01 -4.914453945952651504e-02 1.015524041362343421e-01
6.125952570704757960e-01 -4.914112924303115637e-02 1.015116730404868051e-01
6.126851641005635063e-01 -5.095918015047906646e-02 1.004448835830300535e-01
6.124965997631326431e-01 -4.903493548455828410e-02 1.019037768738186855e-01
6.149290865471199741e-01 -5.725513516171271133e-02 7.196613805949891862e-02
6.228875347805321594e-01 -7.395285432925818858e-02 4.703166747386444690e-02
6.845516475774169329e-01 -1.361538005662560336e-01 4.904690778094500381e-02
4.953299999999999925e-01 2.731419999999999959e-01 1.578349999999999920e+00
4.953299999999999925e-01 2.731419999999999959e-01 1.578349999999999920e+00
4.953299999999999925e-01 2.731419999999999959e-01 1.578349999999999920e+00
4.953299999999999925e-01 2.731419999999999959e-01 1.578349999999999920e+00
4.953299999999999925e-01 2.731419999999999959e-01 1.578349999999999920e+00
4.953299999999999925e-01 2.731419999999999959e-01 1.578349999999999920e+00
4.953299999999999925e-01 2.731419999999999959e-01 1.578349999999999920e+00
4.953299999999999925e-01 2.731419999999999959e-01 1.578349999999999920e+00
4.953299999999999925e-01 2.731419999999999959e-01 1.578349999999999920e+00
4.953299999999999925e-01 2.731419999999999959e-01 1.578349999999999920e+00
4.953299999999999925e-01 2.731419999999999959e-01 1.578349999999999920e+00
4.953299999999999925e-01 2.731419999999999959e-01 1.578349999999999920e+00
4.953299999999999925e-01 2.731419999999999959e-01 1.578349999999999920e+00
4.953299999999999925e-01 2.731419999999999959e-01 1.578349999999999920e+00
4.953299999999999925e-01 2.731419999999999959e-01 1.578349999999999920e+00
4.953299999999999925e-01 2.731419999999999959e-01 1.578349999999999920e+00
4.953299999999999925e-01 2.731419999999999959e-01 1.578349999999999920e+00
4.953299999999999925e-01 2.731419999999999959e-01 1.578349999999999920e+00
4.953299999999999925e-01 2.731419999999999959e-01 1.578349999999999920e+00
4.953299999999999925e-01 2.731419999999999959e-01 1.578349999999999920e+00
4.953299999999999925e-01 2.731419999999999959e-01 1.578349999999999920e+00
4.953299999999999925e-01 2.731419999999999959e-01 1.578349999999999920e+00
4.953299999999999925e-01 2.731419999999999959e-01 1.578349999999999920e+00
4.953299999999999925e-01 2.731419999999999959e-01 1.578349999999999920e+00
4.953299999999999925e-01 2.731419999999999959e-01 1.578349999999999920e+00
4.953299999999999925e-01 2.731419999999999959e-01 1.578349999999999920e+00
4.953299999999999925e-01 2.731419999999999959e-01 1.578349999999999920e+00
4.953299999999999925e-01 2.731419999999999959e-01 1.578349999999999920e+00
4.953299999999999925e-01 2.731419999999999959e-01 1.578349999999999920e+00
4.953299999999999925e-01 2.731419999999999959e-01 1.578349999999999920e+00
4.953299999999999925e-01 2.731419999999999959e-01 1.578349999999999920e+00
4.953299999999999925e-01 2.731419999999999959e-01 1.578349999999999920e+00
6.838300038419484750e-01 -1.645560987570732492e-01 2.007391183803870494e-01
6.616640167846825626e-01 -1.474233410465707883e-01 8.662983488706199608e-02
6.124725603357017434e-01 -1.054461981497704648e-01 6.024892703599937782e-02
5.911691754808708898e-01 -1.069181738242208635e-01 2.412274778037581946e-02
5.949857707459509371e-01 -1.039086189593002030e-01 2.304326533174894109e-02
5.893850213977143149e-01 -9.939484235899892495e-02 5.521959079357685596e-02
5.916803225683405776e-01 -1.092203666688874031e-01 5.902385204887083958e-02
5.960466178187161512e-01 -1.248777289210445951e-01 3.396118818248150539e-02
5.994648228001907553e-01 -1.270804417529999841e-01 3.382900044791781191e-02
6.019057962380811588e-01 -1.111476208978220415e-01 9.701864858308728579e-02
6.088553350984559076e-01 -1.065979152381866801e-01 9.686485957655954770e-02
6.098056517746001104e-01 -1.026626478703170919e-01 9.182616176227331728e-02
6.151593312244698630e-01 -1.101333001660406707e-01 6.371161050925766567e-02
6.094983946151479870e-01 -1.022250644384175011e-01 9.383880632420549261e-02
6.093649953984886514e-01 -1.037367841124683387e-01 9.463173552736625638e-02
6.094904549336404020e-01 -1.022665483921617047e-01 9.363081199507705676e-02
6.095142797196447804e-01 -1.039811164739355420e-01 9.351771236830996870e-02
6.097478885566115503e-01 -1.026977390433400639e-01 9.210305742362279169e-02
6.091740976050078471e-01 -1.034136477594301273e-01 9.571139925815819183e-02
6.098084138498007789e-01 -1.027871143557652633e-01 9.161729906835636150e-02
6.097547168251827854e-01 -1.026736066857948382e-01 9.203590138118866726e-02
6.095873589852720542e-01 -1.024058384334668448e-01 9.306933168311060101e-02
6.097828002577035944e-01 -1.027062231020107741e-01 9.204119179250658256e-02
6.097972368947833788e-01 -1.027386298283338162e-01 9.188326383654321639e-02
6.096708030098020314e-01 -1.025560514501779874e-01 9.248855573578929068e-02
6.096953631173476218e-01 -1.025625177746712913e-01 9.250318926421630117e-02
6.097150438596412592e-01 -1.025779537726938528e-01 9.259606910467077512e-02
6.150842740996330660e-01 -1.100109117018580607e-01 6.440551928853222030e-02
6.148425749448716005e-01 -1.131705908369943780e-01 6.532200655816566837e-02
6.097046729407489263e-01 -1.025883075877874751e-01 9.246461283454165958e-02
6.096881277855783487e-01 -1.024950582221894613e-01 9.260199792715928524e-02
6.095014713483453139e-01 -1.022386442502811188e-01 9.366662650239998555e-02
6.151576920586884212e-01 -1.102509212918951764e-01 6.340456072308642277e-02
6.097181889006778599e-01 -1.026911311620994915e-01 9.178099350110002774e-02
6.119500706068143892e-01 -1.100241168670058056e-01 6.294313521463212879e-02
6.098209433101817734e-01 -1.009209259501024913e-01 9.225022879719424473e-02
6.096167849668189254e-01 -1.024193566345274475e-01 9.297856260993397903e-02
4.953299999999999925e-01 2.731419999999999959e-01 1.578349999999999920e+00
6.096976436858773107e-01 -1.025519469157382679e-01 9.230977684128949257e-02
6.098146492115854578e-01 -1.010614424044340431e-01 9.160851554074445069e-02
6.095131754398852575e-01 -1.038580663377717261e-01 9.397543672941388593e-02
6.100092209479585081e-01 -1.013309601783305425e-01 9.057288612354930102e-02
6.098602211918487948e-01 -1.010607777865678014e-01 9.167373988148486141e-02
6.096730912752806875e-01 -1.025405776704326199e-01 9.228974119769239870e-02
4.953299999999999925e-01 2.731419999999999959e-01 1.578349999999999920e+00
6.097429576955512021e-01 -1.026508926729112758e-01 9.205529963458980447e-02
6.095670305905193098e-01 -1.023164330486804330e-01 9.335681150544572482e-02
6.096889488073453656e-01 -1.008484054585844225e-01 9.248429897482179918e-02
6.096717780212178583e-01 -1.024994599349126068e-01 9.266071189977975742e-02
6.093569491223007617e-01 -1.055907943251132575e-01 9.398588493561299551e-02
6.070602611047974939e-01 -1.000309310773108140e-01 1.879888812164709488e-01
6.427265496432452707e-01 -7.457757506126910796e-02 2.675350685632116310e-01
6.537577573972165323e-01 2.445352935837213915e-02 4.133335847476675706e-01
6.356914940973340533e-01 1.114803655659854509e-01 5.531095027862549252e-01
6.100504501103982680e-01 1.525758507337719450e-01 6.311827935274010315e-01
6.085097349843323622e-01 1.587028125767708242e-01 6.294761355114131263e-01
6.121411025060609079e-01 1.544474624035507282e-01 6.313787379698686530e-01
6.121096409825086404e-01 1.534812797220349578e-01 6.314685369209468435e-01
6.490064695392459004e-01 6.304216254748401527e-02 4.405323817658601815e-01
6.139762633391693258e-01 -2.705752053624382869e-02 3.649835648441825953e-01
6.005989809908897081e-01 -7.888863444992899598e-02 2.365428739324018093e-01
6.127878923174052694e-01 -1.317132282857820247e-01 -3.983686635650762753e-02
6.195289735119223762e-01 -1.355378801225721741e-01 -7.638706957046692558e-02
6.129379048425034338e-01 -1.004999191762580568e-01 5.909659116206755769e-02
6.140974138726547071e-01 -9.172931822259722257e-02 8.916173270435545639e-02
6.237672678315088204e-01 -9.548360638655722932e-02 9.122955713726366156e-02
6.387814797582417325e-01 -1.094811077904924157e-01 6.777033340910598724e-02
6.358815743118971797e-01 -1.034698087663724619e-01 9.796186424334996090e-02
6.363706299806803912e-01 -1.022606648681536057e-01 9.600172747700885800e-02
6.372990665243625230e-01 -9.474390466873344741e-02 9.151433492899685440e-02
6.128974224190667508e-01 -7.454140894323585398e-02 7.987363992386820044e-02
5.946526253744348622e-01 -8.221260679177938568e-02 4.660898527227708144e-02
5.912385893055618347e-01 -8.379609907643492672e-02 4.599502936698618427e-02
5.961297988390058533e-01 -9.626016324021663406e-02 1.716693848920103349e-02
6.016594418595716531e-01 -1.059672447978034504e-01 -1.462971188952488788e-02
6.017869205670371979e-01 -1.042681547508015893e-01 -1.539666164604724941e-02
5.995356043808832691e-01 -9.837829684665794217e-02 1.723994209152235335e-02
6.051700000925123168e-01 -1.064266957170366679e-01 -1.526830200761852829e-02
6.075447393725826872e-01 -1.144122200079112917e-01 -4.852059327152757895e-02
6.052505026321277626e-01 -1.065355195825248291e-01 -1.565058498192062331e-02
6.073585083235873983e-01 -1.140934685071184895e-01 -4.739231258873366492e-02
5.992599990285844003e-01 -9.971355001588161349e-02 1.899101643051204213e-02
5.994902644119606272e-01 -9.830648677324499429e-02 1.759277936755432314e-02
5.994322595768138973e-01 -9.820122552720456088e-02 1.783552365273077811e-02
5.995405479979187824e-01 -9.840403980077055968e-02 1.709291560892522988e-02
6.051666750154987007e-01 -1.064247656108885387e-01 -1.511433513705817688e-02
5.994368018375605400e-01 -9.822530983205884914e-02 1.790243824752790758e-02
5.991969050995573642e-01 -9.959250871947405992e-02 1.950907923892963858e-02
6.074315733553677932e-01 -1.142579358640908871e-01 -4.785550762570944805e-02
6.048842350680052604e-01 -1.077774856462105912e-01 -1.321911744711323777e-02
6.051233252459571332e-01 -1.063563936942815702e-01 -1.483651482243897313e-02
5.995023872633009621e-01 -9.828017542220646163e-02 1.763717748256921070e-02
5.994895964205458894e-01 -9.825528075545275630e-02 1.782505117995580868e-02
6.073825702606350241e-01 -1.141348000819309982e-01 -4.761536256409959478e-02
5.994514374265953460e-01 -9.827493911267815019e-02 1.765914182502692498e-02
5.993418993469804557e-01 -9.992619137129926665e-02 1.818371875552604600e-02
6.049256109831079309e-01 -1.078108709906935303e-01 -1.334969082772796689e-02
5.992571988554418194e-01 -9.969742082532490057e-02 1.919671547367629572e-02
6.051998361759082234e-01 -1.064484053146764753e-01 -1.521495591733312835e-02
5.992678736662313543e-01 -9.975451698110249232e-02 1.880970682305549424e-02
6.049416177442579201e-01 -1.078991050045862155e-01 -1.384299346161110833e-02
6.049665825535461838e-01 -1.078939141481965458e-01 -1.365429570221543543e-02
6.052668928385958047e-01 -1.065568855303302143e-01 -1.561563135455101836e-02
5.992650641112491350e-01 -9.973421452608699500e-02 1.897685701394014046e-02
6.049256480427562810e-01 -1.078121348150297698e-01 -1.334774331693888705e-02
6.015332413086265095e-01 -1.057561793213486201e-01 -1.360902795274410160e-02
5.995228600965694099e-01 -9.840809866283084517e-02 1.713239260861287860e-02
5.992312415487780486e-01 -9.966215919611598473e-02 1.921146020959318967e-02
6.051276625650375829e-01 -1.064142525530828998e-01 -1.500671391760066697e-02
5.994578351479843414e-01 -9.826832454210521206e-02 1.781951374581236536e-02
6.051050914376572276e-01 -1.063629973293169773e-01 -1.476053600565041535e-02
5.993159060587600617e-01 -9.989576033976671487e-02 1.832771334843696920e-02
6.048805554563164710e-01 -1.077468790116533626e-01 -1.317973581848974618e-02
6.136607088395387155e-01 -1.232354546819105501e-01 -8.396211735311975843e-02
5.991460303216084027e-01 -9.951781809549031799e-02 1.985112476211270405e-02
5.994893425074413473e-01 -9.826063847546279151e-02 1.772498614004192063e-02
5.992880333729699860e-01 -9.976501735229786894e-02 1.887951641475793529e-02
6.049689839017867721e-01 -1.079751533072292324e-01 -1.400341654498871158e-02
5.993981052247628893e-01 -9.818103471437839014e-02 1.801105070710917744e-02
6.109147402767434176e-01 -1.164683952981233617e-01 -4.783025759072834227e-02
6.049145682603717100e-01 -1.078935932239293849e-01 -1.373708680190444120e-02
6.050992393262997204e-01 -1.063533311759084499e-01 -1.477180599568850283e-02
6.109547618393614821e-01 -1.165108983941673948e-01 -4.807161254382386062e-02
6.048791639934018027e-01 -1.078186236533075215e-01 -1.331210162880203107e-02
6.074364716035858258e-01 -1.142167401918619540e-01 -4.782972162635124036e-02
5.995102673193558607e-01 -9.839020391166203305e-02 1.730190732092773409e-02
6.051226713347955810e-01 -1.063948224181681668e-01 -1.502605850025351408e-02
5.994486142653345784e-01 -9.827159916902328263e-02 1.766045637388757861e-02
5.990711018505410212e-01 -9.944799364446099688e-02 2.019704126695320845e-02
5.992527671060965400e-01 -9.972673468380421902e-02 1.899049700921495720e-02
6.049298425643727661e-01 -1.078563137293979124e-01 -1.346335391829334149e-02
5.994018299227327207e-01 -9.809921163381635223e-02 1.840448240676217928e-02
6.051298305835113300e-01 -1.063332501544281827e-01 -1.467579908972393987e-02
6.075782796886592951e-01 -1.145865079697370170e-01 -4.918088976511225674e-02
5.992972028481557967e-01 -9.985490321535611669e-02 1.844666909543568600e-02
5.994344214276075000e-01 -9.818825139214099051e-02 1.804060258668505057e-02
5.992234145457551175e-01 -9.975305576842274924e-02 1.882652845241139516e-02
6.016079952474281400e-01 -1.058728432034477529e-01 -1.412171093469849481e-02
6.014048419700727122e-01 -1.055720594662129530e-01 -1.289004527766479669e-02
5.994320060688986818e-01 -9.821930230301617604e-02 1.784918309495497901e-02
5.993022241519644355e-01 -9.795903488331286768e-02 1.893805506924262083e-02
5.939912797297119962e-01 -9.043902433199429991e-02 4.919224058644666719e-02
5.939917673622369110e-01 -8.855331830006835103e-02 4.998004463632677030e-02
5.992132006393968702e-01 -9.761244404263047514e-02 2.007192817201230994e-02
5.994262322463154158e-01 -9.614320499367268180e-02 1.866412452797816535e-02
5.993163980748266173e-01 -9.782234008927637170e-02 1.920760778703378691e-02
5.994293665087058187e-01 -9.803670983682571949e-02 1.863115015661631624e-02
6.048808523273334625e-01 -1.077224022602811249e-01 -1.298036597081275723e-02
6.050555174783646128e-01 -1.060839765848368144e-01 -1.354903557290576543e-02
5.992959962516695160e-01 -9.783978656088554438e-02 1.944792754669988355e-02
5.991744409817709727e-01 -9.939491519182175328e-02 2.041563840712457001e-02
6.172953381209238533e-01 -1.235072658792212286e-01 -8.368479391638783405e-02
6.048195760170057556e-01 -1.075451531815007078e-01 -1.216827387379137981e-02
5.993449753706217020e-01 -9.791171286323663292e-02 1.921109121797992536e-02
5.991697674438372090e-01 -9.942789345711472437e-02 2.030785016610092697e-02
5.992368978524476031e-01 -9.957499021135268746e-02 1.965321769570405053e-02
5.991904227523326965e-01 -9.938073708143080331e-02 2.050704396528946205e-02
6.048705979915484088e-01 -1.075680863249972030e-01 -1.224312237009539395e-02
6.047869315116882749e-01 -1.075594827455133018e-01 -1.207812523513873693e-02
5.969218546279624338e-01 -9.170397740717223245e-02 5.262785099883893203e-02
6.048028972217202037e-01 -1.076243273754491914e-01 -1.233360379861370149e-02
5.990299994739547440e-01 -9.909542576477675668e-02 2.155228700438449607e-02
5.993812824867934541e-01 -9.786474710795278753e-02 1.940431078591497993e-02
5.991976006908252828e-01 -9.759042495519665295e-02 2.021982145253709007e-02
5.938657961914330929e-01 -8.994410170318922759e-02 5.106925624109415196e-02
5.937593524339943585e-01 -9.170273041918869383e-02 5.109086979698962416e-02
5.992411149323717545e-01 -9.780961566698548326e-02 1.950846152400442790e-02
5.936706881120056289e-01 -9.158996241497990853e-02 5.152171791310755644e-02
5.937382818496494963e-01 -9.171418288590760248e-02 5.096673268886720010e-02
5.937168171970740316e-01 -9.168756209654360667e-02 5.112646184888469669e-02
5.936537962802423962e-01 -9.148620654457062518e-02 5.183360088092214824e-02
5.936382511599481715e-01 -9.154378023760767480e-02 5.158487167371883508e-02
5.937255489630609562e-01 -9.157047771529108759e-02 5.171289486722119300e-02
5.937572980448544424e-01 -9.182645386709265001e-02 5.050402126047770501e-02
5.990091155599162054e-01 -9.917445958300674658e-02 2.129589504218110108e-02
5.939841637512653927e-01 -9.030266834300754164e-02 4.969414786266534989e-02
5.936454929786683099e-01 -9.155065338405221631e-02 5.162885579398035496e-02
5.937704931162893773e-01 -9.176354260285940478e-02 5.080539391461091903e-02
5.938714088154569692e-01 -9.016897290193287562e-02 5.020672949398297114e-02
5.991689706355943779e-01 -9.947095719501375388e-02 2.005608310047746201e-02
5.939791885014190642e-01 -9.038881873959303537e-02 4.936351003242189783e-02
5.991360797762557144e-01 -9.955189387326685013e-02 1.965149623601147866e-02
5.991444676559776195e-01 -9.950587106402963844e-02 1.998484737106176468e-02
5.937649245875954440e-01 -9.182792428234221038e-02 5.062656999898251797e-02
5.991133403121082779e-01 -9.950993712757522092e-02 1.992069052295075693e-02
5.939177802663042627e-01 -9.031509311567248455e-02 4.964355707966605635e-02
5.993893896553039724e-01 -9.812731650526823612e-02 1.834624346412860874e-02
5.991277310998202044e-01 -9.945362885474406944e-02 2.010801183593358132e-02
5.992345396064967522e-01 -9.961613977339861536e-02 1.961025729786891603e-02
6.048201838339194447e-01 -1.075880518407150155e-01 -1.220075288072219877e-02
6.048072487745344006e-01 -1.076013203975483279e-01 -1.232203884232285773e-02
6.048653345594942055e-01 -1.076549705046861982e-01 -1.251934698358914133e-02
5.992010136387347918e-01 -9.963627367275951219e-02 1.937581992412207299e-02
5.995118827692403896e-01 -9.834856237206601737e-02 1.752195138341483549e-02
6.049375257328719613e-01 -1.078656466776653500e-01 -1.341870345531193109e-02
6.048310810404031734e-01 -1.075712666182443433e-01 -1.219687940031377593e-02
6.048884381467595217e-01 -1.077777370795532375e-01 -1.314901982841343298e-02
6.048672291871473039e-01 -1.076620143653749806e-01 -1.234812361704484829e-02
5.992652870695008849e-01 -9.971466509784010501e-02 1.905554516979446333e-02
6.048574747317313482e-01 -1.076095743629857382e-01 -1.222771821595358688e-02
6.048853710640892389e-01 -1.077823726594001053e-01 -1.314159559987992942e-02
6.048164147557064663e-01 -1.075815034619271304e-01 -1.205594023927525349e-02
6.049174184700220058e-01 -1.077846187721192561e-01 -1.287492326763750583e-02
5.991440331915527384e-01 -9.953558550604429955e-02 1.988593910691638378e-02
6.049471836022839444e-01 -1.078641231026053471e-01 -1.338575582534140551e-02
5.992957755146562926e-01 -9.973698056934771072e-02 1.898136051233256794e-02
6.048211667871699060e-01 -1.075947406921237137e-01 -1.213249995804366321e-02
6.047641703059867258e-01 -1.074426523290052393e-01 -1.161010836597675677e-02
6.049314456796869299e-01 -1.077479973821639514e-01 -1.282306170395086653e-02
6.108074720268755753e-01 -1.161600843816473771e-01 -4.643362810001905316e-02
6.171627829738438598e-01 -1.254043517306744349e-01 -8.355116432778242341e-02
6.049647201586215717e-01 -1.078868155457078926e-01 -1.351382773445108931e-02
6.107889210391923562e-01 -1.161120023732334361e-01 -4.631699764995489410e-02
6.107642391299143991e-01 -1.160468458217083776e-01 -4.605334342140765536e-02
6.108309241656332267e-01 -1.161787166269123150e-01 -4.639829122074989876e-02
6.049477351423262483e-01 -1.078543967915400192e-01 -1.317609575066214234e-02
5.992664574953630030e-01 -9.973380373489110218e-02 1.917619556870309161e-02
6.048784701972186317e-01 -1.077179198831990092e-01 -1.276533977286598009e-02
6.108825360076413080e-01 -1.163117472967356014e-01 -4.711961519745511140e-02
6.049020726359262135e-01 -1.077252982629686162e-01 -1.274354517982101420e-02
6.048820819136663252e-01 -1.077831963869780307e-01 -1.305851166635374483e-02
6.048606585748403930e-01 -1.076245110896154600e-01 -1.231258888661357354e-02
6.170039454762324960e-01 -1.249371178398728244e-01 -8.141601186609959129e-02
6.082424632681860954e-01 -1.095142657213658000e-01 -1.143830421083946725e-02
6.110071282129436732e-01 -1.164706595553681168e-01 -4.773785949047559818e-02
6.109101967024087587e-01 -1.162501158083602548e-01 -4.674463899475256312e-02
6.049411506938874306e-01 -1.077201411751806948e-01 -1.271733713747869032e-02
6.107809607875093194e-01 -1.161020473451986335e-01 -4.623955500049459211e-02
6.109360486938804069e-01 -1.162738881547599745e-01 -4.681510256983933971e-02
6.085106382587001095e-01 -1.082231114243045189e-01 -1.333701546353260881e-02
6.108650959384992474e-01 -1.162868563734441585e-01 -4.707685689145701957e-02
6.049087078927560812e-01 -1.077679164812266888e-01 -1.307729910241439697e-02
6.108230405760377568e-01 -1.161280892475842763e-01 -4.621329739708457396e-02
6.105826155087307194e-01 -1.176587380567192809e-01 -4.509297024006464483e-02
6.048426700166255054e-01 -1.076443405423908595e-01 -1.237159424745448710e-02
6.049559531141772695e-01 -1.077996657321750873e-01 -1.286918323579677725e-02
6.108235979414745609e-01 -1.161574639118909680e-01 -4.638664110166224042e-02
6.109704907435864474e-01 -1.163860509371757446e-01 -4.723076580535345848e-02
6.108492991198420929e-01 -1.162676613587438346e-01 -4.698686074990954253e-02
6.108795680881068391e-01 -1.163466405597775588e-01 -4.721737319853525072e-02
6.050239148312002158e-01 -1.079659056403189932e-01 -1.379415572236775134e-02
6.108175879008830300e-01 -1.162406824714093956e-01 -4.673573402765840434e-02
6.049280601501225707e-01 -1.077921345748305559e-01 -1.300081488543147756e-02
6.108140310790076688e-01 -1.162050246042907742e-01 -4.665573012786139451e-02
6.049169586203694271e-01 -1.077817882133498273e-01 -1.295077606317174279e-02
6.110386006140590132e-01 -1.166430030991509326e-01 -4.846907873209804762e-02
6.048133257006048646e-01 -1.075789312893747907e-01 -1.213259188265802813e-02
5.992884553043544837e-01 -9.979889431757477114e-02 1.875888900649758106e-02
6.048930079493031187e-01 -1.077988914883062366e-01 -1.316625840490481814e-02
6.108192219597236017e-01 -1.162184202267899646e-01 -4.666531096727544181e-02
5.992742758029222516e-01 -9.977149971593163302e-02 1.901067281774215800e-02
5.991712999619945856e-01 -9.950131665674594172e-02 2.011752932524824011e-02
6.108899493478818776e-01 -1.162909268898963400e-01 -4.698741460420263749e-02
5.990819219641774218e-01 -9.930742294312261409e-02 2.084961495199588732e-02
6.049761539953038003e-01 -1.078637422955557312e-01 -1.328380319833466494e-02
6.108988274688780251e-01 -1.163552443672939973e-01 -4.732826021640534897e-02
6.048855053858295250e-01 -1.076497324303165026e-01 -1.267460859940339191e-02
6.049028982472538507e-01 -1.077582540834843838e-01 -1.281391097243145261e-02
6.107682642271965445e-01 -1.160487691444083702e-01 -4.605738578783347137e-02
6.108401501771002495e-01 -1.162208664383813650e-01 -4.657841406721852096e-02
6.109254957553401644e-01 -1.163801624170765492e-01 -4.742681671198156756e-02
5.992295657365933614e-01 -9.956401271320880486e-02 1.983091113986912291e-02
6.049059614557250608e-01 -1.076061761520430426e-01 -1.234798014551397038e-02
5.991943584647387855e-01 -9.948710234463953306e-02 2.013743194517880752e-02
6.108670888194382975e-01 -1.162532901001274155e-01 -4.692020388194317881e-02
6.170873926904991702e-01 -1.251076586644127575e-01 -8.226013978213964073e-02
6.109661073209314841e-01 -1.164023147160931915e-01 -4.758327792382033294e-02
6.048705586842819670e-01 -1.076689942291825797e-01 -1.271227415014730688e-02
6.108353002725883663e-01 -1.161773678138628973e-01 -4.667071267108480193e-02
6.049332612897009298e-01 -1.076758264600857773e-01 -1.267105105437416057e-02
5.991673169775306729e-01 -9.940165131252254316e-02 2.048611383932619212e-02
6.049120744746699918e-01 -1.076450322838425344e-01 -1.248972733648945344e-02
6.048718255709574221e-01 -1.077134154200851679e-01 -1.279423281929559231e-02
6.108206104317397411e-01 -1.160758687393814159e-01 -4.615382810521428958e-02
6.048298008280456051e-01 -1.075455774507522166e-01 -1.220914334653899758e-02
6.049868777012840093e-01 -1.078409860181882562e-01 -1.342961851403123852e-02
6.109059808297335747e-01 -1.161969255557134817e-01 -4.670630599968794705e-02
6.049729379262716034e-01 -1.077528340286462716e-01 -1.305027792157220645e-02
5.990596316450536030e-01 -9.920281366354971597e-02 2.118694552896238648e-02
6.109255861638470675e-01 -1.162395151482522038e-01 -4.665152536307060060e-02
6.109220835440472008e-01 -1.162673060998841712e-01 -4.709897330324808173e-02
6.108881064580381492e-01 -1.163124263573735440e-01 -4.721130402606887877e-02
6.108260353373825557e-01 -1.162396003687455881e-01 -4.690149886731886930e-02
6.108037187629311582e-01 -1.161349930828660670e-01 -4.634224392186991892e-02
6.048621840319216014e-01 -1.075334386860653524e-01 -1.184497208776713606e-02
6.105969792213782332e-01 -1.176704692998453705e-01 -4.524476090127826922e-02
6.108511408916129648e-01 -1.161973367236927013e-01 -4.661329105837341835e-02
6.108028911799757710e-01 -1.161687304848357805e-01 -4.653355134286352168e-02
6.048685544604435194e-01 -1.076293534258603857e-01 -1.250441477044739180e-02
6.048481362633808534e-01 -1.076358160424009114e-01 -1.243601098570668029e-02
6.047870019697993982e-01 -1.074674600831790894e-01 -1.168054368047810598e-02
6.049474922093852625e-01 -1.077723858104944199e-01 -1.297648795536243682e-02
6.109212288956940018e-01 -1.163519414607211422e-01 -4.734937092548241466e-02
6.049530831860809865e-01 -1.077527558217569736e-01 -1.279432246674683249e-02
6.108510138671696676e-01 -1.162415043915509538e-01 -4.702740368292035456e-02
6.048366634543433928e-01 -1.075966537592037975e-01 -1.227879477759752369e-02
6.023824056257293114e-01 -1.012745430145561287e-01 2.135395797455830191e-02
6.109222222705825711e-01 -1.163547180682121818e-01 -4.752188406038637680e-02
6.109021389691293713e-01 -1.163215331527441831e-01 -4.719325622880021776e-02
6.049319212061732287e-01 -1.077260845255925692e-01 -1.289592585283139137e-02
6.108716715531185004e-01 -1.162561954877152637e-01 -4.695361884009852105e-02
5.991307148238256275e-01 -9.938087318113442148e-02 2.049327523779331806e-02
6.048665554409488054e-01 -1.076111593816057033e-01 -1.243474923425180734e-02
6.047489684915572372e-01 -1.073824179889409924e-01 -1.131238005104373556e-02
6.050172186401322483e-01 -1.079183527971431245e-01 -1.361684927562034630e-02
5.992448816674484924e-01 -9.960007799258074890e-02 1.963692556291052327e-02
6.108690894368424829e-01 -1.162251730309128428e-01 -4.687396446680947015e-02
6.048807897583976523e-01 -1.076810428938493325e-01 -1.279853231872496444e-02
6.048967039140999979e-01 -1.076943278563692319e-01 -1.273081657009500489e-02
6.049090064606950090e-01 -1.076816039467081709e-01 -1.250453541778950850e-02
6.108892095788062138e-01 -1.162821644581928937e-01 -4.705178235404572362e-02
6.048397816399082583e-01 -1.075619897932186819e-01 -1.206192350280166359e-02
5.991711324778109526e-01 -9.940870425941794597e-02 2.062239318454195391e-02
6.048244107449903817e-01 -1.076223990847393619e-01 -1.232285228356588824e-02
6.107896057051569461e-01 -1.161407416887208499e-01 -4.644481923118015665e-02
6.108197376723318861e-01 -1.161452640530690750e-01 -4.631659154302547599e-02
6.108435158933906983e-01 -1.162519090770780528e-01 -4.688443146003651307e-02
6.049204522387563454e-01 -1.077316744578257213e-01 -1.276994708315215554e-02
6.048572670206845414e-01 -1.076561423300653741e-01 -1.256757731747470963e-02
5.991807062693431662e-01 -9.948310660419612539e-02 2.023944831069690586e-02
6.048342124121576235e-01 -1.076170147481634864e-01 -1.246853763784105951e-02
6.047651822818964629e-01 -1.073877100142910934e-01 -1.144565666106567292e-02
5.991255874637633205e-01 -9.944203080086411184e-02 2.016266643811159831e-02
6.109263827603340635e-01 -1.163812048849984793e-01 -4.765179146026299328e-02
6.048715905631959489e-01 -1.076365073674097617e-01 -1.270155091115920953e-02
6.048206845302075418e-01 -1.075405872703865118e-01 -1.223483744482045665e-02
6.052200679923563920e-01 -1.063406074262782663e-01 -1.484223422812003257e-02
6.047997674545362301e-01 -1.075005433829649970e-01 -1.222174905695760927e-02
6.049293842568068680e-01 -1.076968577071800715e-01 -1.298547020250206963e-02
6.052158504340320322e-01 -1.063112062369957478e-01 -1.469459102075920676e-02
6.048847763661280297e-01 -1.076196560879945086e-01 -1.247762015349795917e-02
6.108995398000836019e-01 -1.162390194587632486e-01 -4.708949838421871981e-02
6.110117615876182739e-01 -1.164875357563942559e-01 -4.789506612653648965e-02
6.048366214068428004e-01 -1.075423658994584808e-01 -1.219641661064119198e-02
6.049136009486287824e-01 -1.077569769430383739e-01 -1.305456401226323671e-02
5.992523535556242287e-01 -9.964960034570841119e-02 1.928849268472654366e-02
5.992287233176618599e-01 -9.960331471928207669e-02 1.961085274468588047e-02
6.049058427706748287e-01 -1.077655500200986327e-01 -1.308004358787395738e-02
6.048929621870086093e-01 -1.077181141489148009e-01 -1.287949816612976583e-02
5.992467260988265654e-01 -9.956793945940578539e-02 1.957339927067081042e-02
6.047813069819271137e-01 -1.074224641078039832e-01 -1.182104213423951222e-02
6.047235829872891211e-01 -1.073051168980896364e-01 -1.104423298171242074e-02
5.937179613084255791e-01 -9.167221279160675529e-02 5.173399017844659831e-02
5.990681497092351648e-01 -9.928560049774498575e-02 2.114366122033306539e-02
5.937205767985538341e-01 -9.168519022736698609e-02 5.165044084923864354e-02
5.990133485091789778e-01 -9.927708719364553014e-02 2.104432307840142791e-02
6.048880757043511025e-01 -1.074949188271016043e-01 -1.199725123048733799e-02
6.110239684519916947e-01 -1.142989052671193884e-01 -4.714265604142409138e-02
6.172794107416377241e-01 -1.232371512588187890e-01 -8.306682448130264795e-02
6.112128266819849554e-01 -1.127057266647666367e-01 -4.822861319533355839e-02
6.051123488950147511e-01 -1.059517073819562505e-01 -1.350260950994375264e-02
6.110444992200478875e-01 -1.143763147514238465e-01 -4.746376185555911675e-02
6.087056942002445625e-01 -1.064958490655347756e-01 -1.430166358720463826e-02
6.026516330755650186e-01 -9.967920599845042640e-02 2.034732683958417887e-02
6.109689833754926580e-01 -1.143187207295149332e-01 -4.698190111678557379e-02
6.112118870593070685e-01 -1.147307607273682639e-01 -4.882903759325385451e-02
6.110620954133227922e-01 -1.145858126170039015e-01 -4.815950941428170928e-02
6.111771168830201217e-01 -1.147302525091543624e-01 -4.843441235200907080e-02
6.109521256690889635e-01 -1.162490522491335665e-01 -4.715264505194260991e-02
6.051183034649848524e-01 -1.060468972435369972e-01 -1.361108250123632679e-02
6.112162155214473369e-01 -1.148164859311878172e-01 -4.886819919785345689e-02
6.049860596992642225e-01 -1.077879450121297933e-01 -1.339210406782243012e-02
6.112181786538452011e-01 -1.148221079176962034e-01 -4.910094824358068877e-02
6.111400641423985203e-01 -1.146525922866910574e-01 -4.834977434593668022e-02
6.110842230705381128e-01 -1.145971906007974828e-01 -4.819257901488405160e-02
6.170164035979508466e-01 -1.247887816842123687e-01 -8.140759705877842478e-02
5.887118674556121034e-01 -8.080964848327631955e-02 8.106058957717343638e-02
5.887439583814099153e-01 -8.629440442292390934e-02 1.165049744209760707e-01
6.496413946653812888e-01 -9.503806264716385677e-02 2.508511772256418748e-01
6.787841991190322055e-01 -9.183574689091927867e-02 3.337719401376473272e-01
6.899568905275359487e-01 -8.719564297352355720e-02 3.840313892652655881e-01
7.219732663816109675e-01 -1.127439885120428698e-01 3.265475707555951512e-01
6.986004706137105558e-01 -8.462194999881461621e-02 4.101645406007055072e-01
7.166903882593720354e-01 -1.164637229347973979e-01 3.526031512918086364e-01
4.953299999999999925e-01 2.731419999999999959e-01 1.578349999999999920e+00
7.115107366189926674e-01 -1.213547280521392047e-01 3.783975104118453281e-01
4.953299999999999925e-01 2.731419999999999959e-01 1.578349999999999920e+00
4.953299999999999925e-01 2.731419999999999959e-01 1.578349999999999920e+00
4.953299999999999925e-01 2.731419999999999959e-01 1.578349999999999920e+00
4.953299999999999925e-01 2.731419999999999959e-01 1.578349999999999920e+00
4.953299999999999925e-01 2.731419999999999959e-01 1.578349999999999920e+00
4.953299999999999925e-01 2.731419999999999959e-01 1.578349999999999920e+00
4.953299999999999925e-01 2.731419999999999959e-01 1.578349999999999920e+00
4.953299999999999925e-01 2.731419999999999959e-01 1.578349999999999920e+00
4.953299999999999925e-01 2.731419999999999959e-01 1.578349999999999920e+00
4.953299999999999925e-01 2.731419999999999959e-01 1.578349999999999920e+00
4.953299999999999925e-01 2.731419999999999959e-01 1.578349999999999920e+00
4.953299999999999925e-01 2.731419999999999959e-01 1.578349999999999920e+00
4.953299999999999925e-01 2.731419999999999959e-01 1.578349999999999920e+00
4.953299999999999925e-01 2.731419999999999959e-01 1.578349999999999920e+00
4.953299999999999925e-01 2.731419999999999959e-01 1.578349999999999920e+00
4.953299999999999925e-01 2.731419999999999959e-01 1.578349999999999920e+00
4.953299999999999925e-01 2.731419999999999959e-01 1.578349999999999920e+00
4.953299999999999925e-01 2.731419999999999959e-01 1.578349999999999920e+00
4.953299999999999925e-01 2.731419999999999959e-01 1.578349999999999920e+00
4.953299999999999925e-01 2.731419999999999959e-01 1.578349999999999920e+00
4.953299999999999925e-01 2.731419999999999959e-01 1.578349999999999920e+00
4.953299999999999925e-01 2.731419999999999959e-01 1.578349999999999920e+00
4.953299999999999925e-01 2.731419999999999959e-01 1.578349999999999920e+00
4.953299999999999925e-01 2.731419999999999959e-01 1.578349999999999920e+00
4.953299999999999925e-01 2.731419999999999959e-01 1.578349999999999920e+00
4.953299999999999925e-01 2.731419999999999959e-01 1.578349999999999920e+00
4.953299999999999925e-01 2.731419999999999959e-01 1.578349999999999920e+00
4.953299999999999925e-01 2.731419999999999959e-01 1.578349999999999920e+00
4.953299999999999925e-01 2.731419999999999959e-01 1.578349999999999920e+00
7.256765373082250115e-01 -6.238646855274582181e-02 1.901528190003760610e-01
6.942167104075640527e-01 -2.588508164738118067e-02 2.791702779848099780e-01
7.272042584669321519e-01 -5.084783154869076949e-02 1.845254739759667473e-01
7.596214002318858460e-01 -6.078755854664741332e-02 2.242383182222738025e-01
7.666181523442983092e-01 -9.338084993572531856e-02 2.426772909893437635e-01
4.953299999999999925e-01 2.731419999999999959e-01 1.578349999999999920e+00
4.953299999999999925e-01 2.731419999999999959e-01 1.578349999999999920e+00
4.953299999999999925e-01 2.731419999999999959e-01 1.578349999999999920e+00
4.953299999999999925e-01 2.731419999999999959e-01 1.578349999999999920e+00
7.760880628990709518e-01 -1.438545822331309676e-01 3.250786748777716451e-01
4.953299999999999925e-01 2.731419999999999959e-01 1.578349999999999920e+00
4.953299999999999925e-01 2.731419999999999959e-01 1.578349999999999920e+00
8.067244445367156569e-01 -1.182594099015294997e-01 9.823911326122281018e-02
4.953299999999999925e-01 2.731419999999999959e-01 1.578349999999999920e+00
7.282208579728782771e-01 -7.260575217402726045e-02 3.330218492273651076e-01
7.395390385234512642e-01 -8.523696236024241868e-02 2.885936511874596100e-01
7.424892887246005158e-01 -8.401456175651217384e-02 2.888982572671388027e-01
7.542394107935137537e-01 -9.862567856006504430e-02 2.427709865819440704e-01
7.959105213967225811e-01 -1.707461262596454699e-01 5.773280918177858823e-02
4.953299999999999925e-01 2.731419999999999959e-01 1.578349999999999920e+00
8.097370810006175867e-01 -1.872834801955214901e-01 -1.149762536621401487e-02
4.953299999999999925e-01 2.731419999999999959e-01 1.578349999999999920e+00
4.953299999999999925e-01 2.731419999999999959e-01 1.578349999999999920e+00
4.953299999999999925e-01 2.731419999999999959e-01 1.578349999999999920e+00
4.953299999999999925e-01 2.731419999999999959e-01 1.578349999999999920e+00
4.953299999999999925e-01 2.731419999999999959e-01 1.578349999999999920e+00
7.856286198663484655e-01 -1.406794737676558271e-01 1.448832694453494607e-01
4.953299999999999925e-01 2.731419999999999959e-01 1.578349999999999920e+00
4.953299999999999925e-01 2.731419999999999959e-01 1.578349999999999920e+00
4.953299999999999925e-01 2.731419999999999959e-01 1.578349999999999920e+00
4.953299999999999925e-01 2.731419999999999959e-01 1.578349999999999920e+00
4.953299999999999925e-01 2.731419999999999959e-01 1.578349999999999920e+00
4.953299999999999925e-01 2.731419999999999959e-01 1.578349999999999920e+00
4.953299999999999925e-01 2.731419999999999959e-01 1.578349999999999920e+00
4.953299999999999925e-01 2.731419999999999959e-01 1.578349999999999920e+00
4.953299999999999925e-01 2.731419999999999959e-01 1.578349999999999920e+00
4.953299999999999925e-01 2.731419999999999959e-01 1.578349999999999920e+00
4.953299999999999925e-01 2.731419999999999959e-01 1.578349999999999920e+00
4.953299999999999925e-01 2.731419999999999959e-01 1.578349999999999920e+00
4.953299999999999925e-01 2.731419999999999959e-01 1.578349999999999920e+00
4.953299999999999925e-01 2.731419999999999959e-01 1.578349999999999920e+00
4.953299999999999925e-01 2.731419999999999959e-01 1.578349999999999920e+00
4.953299999999999925e-01 2.731419999999999959e-01 1.578349999999999920e+00
4.953299999999999925e-01 2.731419999999999959e-01 1.578349999999999920e+00
4.953299999999999925e-01 2.731419999999999959e-01 1.578349999999999920e+00
4.953299999999999925e-01 2.731419999999999959e-01 1.578349999999999920e+00
4.953299999999999925e-01 2.731419999999999959e-01 1.578349999999999920e+00
4.953299999999999925e-01 2.731419999999999959e-01 1.578349999999999920e+00
4.953299999999999925e-01 2.731419999999999959e-01 1.578349999999999920e+00
4.953299999999999925e-01 2.731419999999999959e-01 1.578349999999999920e+00
4.953299999999999925e-01 2.731419999999999959e-01 1.578349999999999920e+00
4.953299999999999925e-01 2.731419999999999959e-01 1.578349999999999920e+00
4.953299999999999925e-01 2.731419999999999959e-01 1.578349999999999920e+00
4.953299999999999925e-01 2.731419999999999959e-01 1.578349999999999920e+00
4.953299999999999925e-01 2.731419999999999959e-01 1.578349999999999920e+00
4.953299999999999925e-01 2.731419999999999959e-01 1.578349999999999920e+00
4.953299999999999925e-01 2.731419999999999959e-01 1.578349999999999920e+00
4.953299999999999925e-01 2.731419999999999959e-01 1.578349999999999920e+00
4.953299999999999925e-01 2.731419999999999959e-01 1.578349999999999920e+00
4.953299999999999925e-01 2.731419999999999959e-01 1.578349999999999920e+00
4.953299999999999925e-01 2.731419999999999959e-01 1.578349999999999920e+00
4.953299999999999925e-01 2.731419999999999959e-01 1.578349999999999920e+00
4.953299999999999925e-01 2.731419999999999959e-01 1.578349999999999920e+00
4.953299999999999925e-01 2.731419999999999959e-01 1.578349999999999920e+00
4.953299999999999925e-01 2.731419999999999959e-01 1.578349999999999920e+00
4.953299999999999925e-01 2.731419999999999959e-01 1.578349999999999920e+00
4.953299999999999925e-01 2.731419999999999959e-01 1.578349999999999920e+00
4.953299999999999925e-01 2.731419999999999959e-01 1.578349999999999920e+00
4.953299999999999925e-01 2.731419999999999959e-01 1.578349999999999920e+00
4.953299999999999925e-01 2.731419999999999959e-01 1.578349999999999920e+00
4.953299999999999925e-01 2.731419999999999959e-01 1.578349999999999920e+00
4.953299999999999925e-01 2.731419999999999959e-01 1.578349999999999920e+00
4.953299999999999925e-01 2.731419999999999959e-01 1.578349999999999920e+00
4.953299999999999925e-01 2.731419999999999959e-01 1.578349999999999920e+00
4.953299999999999925e-01 2.731419999999999959e-01 1.578349999999999920e+00
4.953299999999999925e-01 2.731419999999999959e-01 1.578349999999999920e+00
4.953299999999999925e-01 2.731419999999999959e-01 1.578349999999999920e+00
4.953299999999999925e-01 2.731419999999999959e-01 1.578349999999999920e+00
4.953299999999999925e-01 2.731419999999999959e-01 1.578349999999999920e+00
4.953299999999999925e-01 2.731419999999999959e-01 1.578349999999999920e+00
6.776911895624085913e-01 -5.223038083323455760e-02 5.013462321092363450e-01
6.735329259937077317e-01 -5.777949162111434278e-02 5.074030130676305816e-01
4.953299999999999925e-01 2.731419999999999959e-01 1.578349999999999920e+00
4.953299999999999925e-01 2.731419999999999959e-01 1.578349999999999920e+00
4.953299999999999925e-01 2.731419999999999959e-01 1.578349999999999920e+00
4.953299999999999925e-01 2.731419999999999959e-01 1.578349999999999920e+00
4.953299999999999925e-01 2.731419999999999959e-01 1.578349999999999920e+00
4.953299999999999925e-01 2.731419999999999959e-01 1.578349999999999920e+00
4.953299999999999925e-01 2.731419999999999959e-01 1.578349999999999920e+00
4.953299999999999925e-01 2.731419999999999959e-01 1.578349999999999920e+00
4.953299999999999925e-01 2.731419999999999959e-01 1.578349999999999920e+00
4.953299999999999925e-01 2.731419999999999959e-01 1.578349999999999920e+00
4.953299999999999925e-01 2.731419999999999959e-01 1.578349999999999920e+00
4.953299999999999925e-01 2.731419999999999959e-01 1.578349999999999920e+00
4.953299999999999925e-01 2.731419999999999959e-01 1.578349999999999920e+00
4.953299999999999925e-01 2.731419999999999959e-01 1.578349999999999920e+00
4.953299999999999925e-01 2.731419999999999959e-01 1.578349999999999920e+00
4.953299999999999925e-01 2.731419999999999959e-01 1.578349999999999920e+00
4.953299999999999925e-01 2.731419999999999959e-01 1.578349999999999920e+00
4.953299999999999925e-01 2.731419999999999959e-01 1.578349999999999920e+00
4.953299999999999925e-01 2.731419999999999959e-01 1.578349999999999920e+00
4.953299999999999925e-01 2.731419999999999959e-01 1.578349999999999920e+00
4.953299999999999925e-01 2.731419999999999959e-01 1.578349999999999920e+00
4.953299999999999925e-01 2.731419999999999959e-01 1.578349999999999920e+00
4.953299999999999925e-01 2.731419999999999959e-01 1.578349999999999920e+00
4.953299999999999925e-01 2.731419999999999959e-01 1.578349999999999920e+00
4.953299999999999925e-01 2.731419999999999959e-01 1.578349999999999920e+00
4.953299999999999925e-01 2.731419999999999959e-01 1.578349999999999920e+00
4.953299999999999925e-01 2.731419999999999959e-01 1.578349999999999920e+00
4.953299999999999925e-01 2.731419999999999959e-01 1.578349999999999920e+00
4.953299999999999925e-01 2.731419999999999959e-01 1.578349999999999920e+00
4.953299999999999925e-01 2.731419999999999959e-01 1.578349999999999920e+00
4.953299999999999925e-01 2.731419999999999959e-01 1.578349999999999920e+00
4.953299999999999925e-01 2.731419999999999959e-01 1.578349999999999920e+00
4.953299999999999925e-01 2.731419999999999959e-01 1.578349999999999920e+00
4.953299999999999925e-01 2.731419999999999959e-01 1.578349999999999920e+00
4.953299999999999925e-01 2.731419999999999959e-01 1.578349999999999920e+00
4.953299999999999925e-01 2.731419999999999959e-01 1.578349999999999920e+00
4.953299999999999925e-01 2.731419999999999959e-01 1.578349999999999920e+00
4.953299999999999925e-01 2.731419999999999959e-01 1.578349999999999920e+00
4.953299999999999925e-01 2.731419999999999959e-01 1.578349999999999920e+00
4.953299999999999925e-01 2.731419999999999959e-01 1.578349999999999920e+00
4.953299999999999925e-01 2.731419999999999959e-01 1.578349999999999920e+00
7.533600089813903278e-01 -1.298254461160934792e-01 2.558277855450006300e-01
4.953299999999999925e-01 2.731419999999999959e-01 1.578349999999999920e+00
7.145393457497224432e-01 -8.178206807759030861e-02 3.856697936947253158e-01
7.100156993057005206e-01 -9.774884535065853086e-02 3.172317623802323183e-01
6.933480140330759989e-01 -1.123353245558361135e-01 2.373695474423742624e-01
6.413708372717819017e-01 -8.368819845797631496e-02 2.965557004287813214e-01
6.333095813957988485e-01 -9.618463991684467196e-02 1.267466536017975987e-01
6.837411540420211820e-01 -1.520617610768544847e-01 2.186290305769156284e-02
7.183636002883028171e-01 -1.728374250024584668e-01 -2.323965993505483496e-03
7.148061359335958764e-01 -1.691144230839535245e-01 1.075979228148675748e-01
7.138477353324770291e-01 -1.749987208983525278e-01 1.114056669558383117e-01
7.353374813630535467e-01 -2.141158882456160595e-01 -5.629931990081638027e-02
7.042663926462917612e-01 -2.327320630893260078e-01 -5.508554401711829307e-02
6.375768899987638294e-01 -1.852647652249112264e-01 6.571490564750348540e-02
6.351152285281792542e-01 -1.728335298831425448e-01 9.550812776990658115e-02
6.596982223892554620e-01 -1.887488314592278837e-01 -3.732036120082105057e-03
6.542789364200680691e-01 -1.585010646222084207e-01 5.675166938973652542e-02
6.447358255663344639e-01 -1.461658394622006307e-01 8.519554373815441117e-02
6.396697994568705248e-01 -1.318317851101159510e-01 7.758356962655166278e-02
6.345951437766432779e-01 -1.161307175414338366e-01 1.023158643026671477e-01
6.347282594372674058e-01 -1.125321171075663873e-01 1.030358122117185360e-01
6.321401320665106516e-01 -1.034253038925416202e-01 1.311295490440551603e-01
5.851500504221572863e-01 1.667219871896508110e-02 2.174497420071788145e-01
5.667974974039546865e-01 4.548665932551776425e-02 2.051497960321251313e-01
5.660921774031050235e-01 7.713109144886587387e-02 2.115485380312083219e-01
5.702402979960597973e-01 1.010719983551428003e-01 1.753177283557454391e-01
5.702700552312262028e-01 1.170725448721573470e-01 1.956003350060366852e-01
5.757672791988774907e-01 1.241613151582033336e-01 1.661136124527073932e-01
5.797914622748583380e-01 8.852144265469907847e-02 1.553273292112660187e-01
5.909366963998585742e-01 -5.597331497281810009e-03 7.999603808914867997e-02
5.591735668028033901e-01 -9.728830755302303457e-02 1.501565962192257242e-01
5.825063509674266449e-01 -2.005999853638857633e-01 -4.926483921688862289e-02
5.772532173822537693e-01 -1.865297992416768968e-01 -1.490952680600976521e-02
5.635851427794716928e-01 -1.948914364623669515e-01 -9.710446644564418861e-02
5.627829062592536458e-01 -1.668172978500500059e-01 1.048387563336850015e-02
5.753442295624698888e-01 -1.735078704262775773e-01 -2.335933248095778403e-02
5.862752312538560551e-01 -1.934808087386888920e-01 -9.283569483523801402e-02
5.758855102632792766e-01 -1.683642083030059133e-01 -2.512736112321389825e-02
5.854627940470322756e-01 -1.750777467851898916e-01 -6.163798995157221405e-02
5.834811330809888119e-01 -1.635455420612534350e-01 -2.584390046883688896e-02
5.837554191461347131e-01 -1.617951648017708077e-01 -2.682813539557882265e-02
5.860170590189903717e-01 -1.680321281338892359e-01 -6.386620500521189570e-02
5.755501938572131770e-01 -1.459293952902834812e-01 2.717914056505010834e-03
5.668608725663222270e-01 -1.383017071694154221e-01 3.550013424512910021e-02
5.687738027998119339e-01 -1.441778803926035413e-01 -1.929496835211264028e-04
5.639094930412889006e-01 -1.336391657200120542e-01 3.169676249674302504e-02
5.605493615109451433e-01 -1.334519931785911329e-01 3.109922180404556258e-02
5.622417098486394149e-01 -1.388072898722439441e-01 -2.695990947672699534e-03
5.636733561158865369e-01 -1.477824548483080980e-01 -3.723931930693136216e-02
5.623208291550874094e-01 -1.390059551589861164e-01 -3.687380512932714183e-03
5.620549167259261125e-01 -1.403606743162348347e-01 -1.977704678450598053e-03
5.622426509209572654e-01 -1.407757898947670783e-01 -3.574635228977385282e-03
5.622179757486670537e-01 -1.408200911494605356e-01 -3.769915301087278792e-03
5.606133343192875040e-01 -1.335605007434822467e-01 3.050638761010149302e-02
5.605959761293477506e-01 -1.314109893050230959e-01 3.217172670003765056e-02
5.604557791820794499e-01 -1.332855234841592296e-01 3.169077226779726253e-02
5.591653193938225241e-01 -1.250475488107055111e-01 6.289106009970901745e-02
5.592497986195400506e-01 -1.253170858778804297e-01 6.204284804781590168e-02
5.592184747627332309e-01 -1.251517882403842541e-01 6.249119037738704030e-02
5.605994750247239589e-01 -1.335156744698210995e-01 3.091387736228767835e-02
5.593041720509216441e-01 -1.253692030458487539e-01 6.187698122883644736e-02
5.605296440298214167e-01 -1.333160989680848840e-01 3.180364484696474037e-02
5.603631755952200866e-01 -1.329569614197685934e-01 3.292053531146077461e-02
5.653089839100703395e-01 -1.420151969522162605e-01 -1.380592996838014841e-04
5.593326145819418338e-01 -1.254609647888503821e-01 6.161411066665944958e-02
5.606513866632081289e-01 -1.335399662388451203e-01 3.087237162534894885e-02
5.604331869420580148e-01 -1.330941422839425070e-01 3.261099147988266722e-02
5.605850145019747321e-01 -1.334709130599759375e-01 3.132138368582659815e-02
