4.384224751591684344e-01 4.989999413490296409e-01 3.353191471099853382e-01
4.384224751591684344e-01 4.989999413490296409e-01 3.353191471099853382e-01
4.384225422143938067e-01 4.989996731281281517e-01 3.353191396594047413e-01
4.384224751591684344e-01 4.989999413490296409e-01 3.353191471099853382e-01
4.384224751591684344e-01 4.989999413490296409e-01 3.353191471099853382e-01
4.384223932027818682e-01 4.989996433258058750e-01 3.353191396594047413e-01
4.384223186969758990e-01 4.989999115467072532e-01 3.353191471099853382e-01
4.384223186969758990e-01 4.989999115467072532e-01 3.353191471099853382e-01
4.384224751591684344e-01 4.989999413490296409e-01 3.353191471099853382e-01
4.384224751591684344e-01 4.989999413490296409e-01 3.353191471099853382e-01
4.384224751591684344e-01 4.989999413490296409e-01 3.353191471099853382e-01
4.384224751591684344e-01 4.989999413490296409e-01 3.353191471099853382e-01
4.384225422143938067e-01 4.989996731281281517e-01 3.353191396594047413e-01
4.384224751591684344e-01 4.989999413490296409e-01 3.353191471099853382e-01
4.384223186969758990e-01 4.989999115467072532e-01 3.353191471099853382e-01
4.384223186969757879e-01 4.989999115467072532e-01 3.353191471099853382e-01
4.384223186969758990e-01 4.989999115467072532e-01 3.353191471099853382e-01
4.384223186969758990e-01 4.989999115467072532e-01 3.353191471099853382e-01
4.384224751591684344e-01 4.989999413490296409e-01 3.353191471099853382e-01
4.384224751591684344e-01 4.989999413490296409e-01 3.353191471099853382e-01
4.384224751591684344e-01 4.989999413490296409e-01 3.353191471099853382e-01
4.384223186969758990e-01 4.989999115467072532e-01 3.353191471099853382e-01
4.384223186969758990e-01 4.989999115467072532e-01 3.353191471099853382e-01
4.384223186969757879e-01 4.989999115467072532e-01 3.353191471099853382e-01
4.384224900603296282e-01 4.989998221397400902e-01 3.353192439675330982e-01
4.384224900603296282e-01 4.989998221397400902e-01 3.353192439675330982e-01
4.384224900603295172e-01 4.989998221397400902e-01 3.353192439675330982e-01
4.384224900603296282e-01 4.989998221397400902e-01 3.353192439675330982e-01
4.384224900603296282e-01 4.989998221397400902e-01 3.353192439675330982e-01
4.384224900603296282e-01 4.989998221397400902e-01 3.353192439675330982e-01
4.384224900603296282e-01 4.989998221397400902e-01 3.353192439675330982e-01
4.384224900603296282e-01 4.989998221397400902e-01 3.353192439675330982e-01
4.384224900603296282e-01 4.989998221397400902e-01 3.353192439675330982e-01
4.384223559498788836e-01 4.989998221397400902e-01 3.353192439675330982e-01
4.384223559498788836e-01 4.989998221397400902e-01 3.353192439675330982e-01
4.384223559498788836e-01 4.989998221397400902e-01 3.353192439675330982e-01
4.384224900603296282e-01 4.989998221397400902e-01 3.353192439675330982e-01
4.384223559498788836e-01 4.989998221397400902e-01 3.353192439675330982e-01
4.384224900603296282e-01 4.989998221397400902e-01 3.353192439675330982e-01
4.384223559498788836e-01 4.989998221397400902e-01 3.353192439675330982e-01
4.384224900603296282e-01 4.989998221397400902e-01 3.353192439675330982e-01
4.384223559498788836e-01 4.989998221397400902e-01 3.353192439675330982e-01
4.384223559498788836e-01 4.989998221397400902e-01 3.353192439675330982e-01
4.384224900603296282e-01 4.989998221397402012e-01 3.353192439675330982e-01
4.384224900603296282e-01 4.989998221397400902e-01 3.353192439675330982e-01
4.384223559498788836e-01 4.989998221397400902e-01 3.353192439675330982e-01
4.384223559498788836e-01 4.989998221397400902e-01 3.353192439675330982e-01
4.384224900603295172e-01 4.989998221397400902e-01 3.353192439675330982e-01
4.384223559498788836e-01 4.989998221397400902e-01 3.353192439675330982e-01
4.384223559498788836e-01 4.989998221397400902e-01 3.353192439675330982e-01
4.384223559498788836e-01 4.989998221397400902e-01 3.353192439675330982e-01
4.384223559498788836e-01 4.989998221397400902e-01 3.353192439675330982e-01
4.384224900603296282e-01 4.989998221397400902e-01 3.353192439675330982e-01
4.384224900603295172e-01 4.989998221397400902e-01 3.353192439675330982e-01
4.384223559498788836e-01 4.989998221397400902e-01 3.353192439675330982e-01
4.384224900603296282e-01 4.989998221397400902e-01 3.353192439675330982e-01
4.384223559498788836e-01 4.989998221397400902e-01 3.353192439675330982e-01
4.384224900603295172e-01 4.989998221397400902e-01 3.353192439675330982e-01
4.384223559498788836e-01 4.989998221397400902e-01 3.353192439675330982e-01
4.384224900603296282e-01 4.989998221397400902e-01 3.353192439675330982e-01
4.384223559498788836e-01 4.989998221397400902e-01 3.353192439675330982e-01
4.384223559498788836e-01 4.989998221397400902e-01 3.353192439675330982e-01
4.384223559498788836e-01 4.989998221397400902e-01 3.353192439675330982e-01
4.384224900603296282e-01 4.989998221397400902e-01 3.353192439675330982e-01
4.384224900603296282e-01 4.989998221397400902e-01 3.353192439675330982e-01
4.384223559498788836e-01 4.989998221397400902e-01 3.353192439675330982e-01
4.384223559498787726e-01 4.989998221397400902e-01 3.353192439675330982e-01
4.384223559498788836e-01 4.989998221397400902e-01 3.353192439675330982e-01
4.384223559498788836e-01 4.989998221397400902e-01 3.353192439675330982e-01
4.384223559498788836e-01 4.989998221397400902e-01 3.353192439675330982e-01
4.384224900603296282e-01 4.989998221397400902e-01 3.353192439675330982e-01
4.384224900603296282e-01 4.989998221397400902e-01 3.353192439675330982e-01
4.384213352203371050e-01 4.980049610137940452e-01 3.353158167004585133e-01
4.399221652746202471e-01 4.824749410152436302e-01 3.325124835968017445e-01
4.391370826959611895e-01 4.532070338726044700e-01 3.258263400197028981e-01
4.329986760020257952e-01 4.135168671607972191e-01 3.146164125204086170e-01
4.220100083947183611e-01 3.758433938026429222e-01 2.968088766932487355e-01
4.092730396986009600e-01 3.472930073738099144e-01 2.762736088037490711e-01
3.962973618507387719e-01 3.307777822017670122e-01 2.556839963793754444e-01
3.839569428563120446e-01 3.233412086963654009e-01 2.369495934247970448e-01
3.741153740882876000e-01 3.239171981811523882e-01 2.208815371990203724e-01
3.700549846142532906e-01 3.248315930366516557e-01 2.143366491794586048e-01
3.634327036887409768e-01 3.291126370429993120e-01 2.014906337857246266e-01
3.575199676305057528e-01 3.347232222557068315e-01 1.901139697432517872e-01
3.529015156999232850e-01 3.386717021465301958e-01 1.810482746362686024e-01
3.492201754450800499e-01 3.430195033550262895e-01 1.736955797672271595e-01
3.461955964192750534e-01 3.447507202625275102e-01 1.683718568086624012e-01
3.452482550963761887e-01 3.458783507347107378e-01 1.664867854118347035e-01
3.389697405835616073e-01 3.587868094444275346e-01 1.603958165645599232e-01
3.341790630109610638e-01 3.684084594249725786e-01 1.533040857315063343e-01
3.330639257654549601e-01 3.693336129188538042e-01 1.499374514818191395e-01
3.326017182879152378e-01 3.656155049800873247e-01 1.477021953463554249e-01
3.327098569460215649e-01 3.450171530246735063e-01 1.456860533356666432e-01
3.330338691920044503e-01 3.203917920589447466e-01 1.458904004096984730e-01
3.332237006723883788e-01 2.897920489311219816e-01 1.498763269186020042e-01
3.329562876932325444e-01 2.818912148475647417e-01 1.515369421243667469e-01
3.331162986904385725e-01 2.706388711929321733e-01 1.537384396791457997e-01
3.335730574652555069e-01 2.645597934722900835e-01 1.545128530263900624e-01
3.342724369466307244e-01 2.540733695030212846e-01 1.558310544490814076e-01
3.348822874575855812e-01 2.470935463905334917e-01 1.567946976423263417e-01
3.352513035386803231e-01 2.440600872039795366e-01 1.569552651047706471e-01
3.355434938892724595e-01 2.427174925804137517e-01 1.565313345193862782e-01
3.360955535061659893e-01 2.392796158790588823e-01 1.570968335866927967e-01
3.364773119427266201e-01 2.381017684936523882e-01 1.575933849811553822e-01
3.368783676158639828e-01 2.378132224082947221e-01 1.577938726544380055e-01
3.375666794925930581e-01 2.360542297363281694e-01 1.583030676841735707e-01
3.375925963371995131e-01 2.353614449501038042e-01 1.583924895524978504e-01
3.376078637409958283e-01 2.352613687515259233e-01 1.582594668865203724e-01
3.385477438895034830e-01 2.349682331085205522e-01 1.581785461306571827e-01
3.386300279852005879e-01 2.342699646949768510e-01 1.580703562498092518e-01
3.385942379571500460e-01 2.332242012023926225e-01 1.580264425277709828e-01
3.389026638213548104e-01 2.326179027557373491e-01 1.579574799537658558e-01
3.388348993938419262e-01 2.309751391410828081e-01 1.578936806321144248e-01
3.389598990650850574e-01 2.303714036941528764e-01 1.578455573320388661e-01
3.390974420215938090e-01 2.280204772949219194e-01 1.582468977570533619e-01
3.390664499346169314e-01 2.271082878112793413e-01 1.583578220009803639e-01
3.389339014282452545e-01 2.265936613082885076e-01 1.582918173074722157e-01
3.388830870715904275e-01 2.256821870803833452e-01 1.583171790838241444e-01
3.389184812875467578e-01 2.235687851905823198e-01 1.585596805810928211e-01
3.390086435573178569e-01 2.231594800949097124e-01 1.584413281083106861e-01
3.388217924255881308e-01 2.224892854690552202e-01 1.583784154057502613e-01
3.387091838847848813e-01 2.208493232727051225e-01 1.583396351337432728e-01
3.387113417591902653e-01 2.206135869026184526e-01 1.581254234910011158e-01
3.387715235911312739e-01 2.203801751136780229e-01 1.577442070841789112e-01
3.386799955368045012e-01 2.195951819419861284e-01 1.569106882810592518e-01
3.383052895404401461e-01 2.191039800643921343e-01 1.560241734981536732e-01
3.381710708234462182e-01 2.187163710594177690e-01 1.556597656011581288e-01
3.380742279440167586e-01 2.188236594200133611e-01 1.549522510170936174e-01
3.379113000445070902e-01 2.190957546234131303e-01 1.542178845405578480e-01
3.375752350874248187e-01 2.190667867660522905e-01 1.534655845165252830e-01
3.374329820834103821e-01 2.183864593505859819e-01 1.524563661217689381e-01
3.373254271317276398e-01 2.181434512138367143e-01 1.520549511909484730e-01
3.371297744195911328e-01 2.179309010505676714e-01 1.513433015346526966e-01
3.367515256721529404e-01 2.172229766845703569e-01 1.504273122549056874e-01
3.365520827099683920e-01 2.165754914283752885e-01 1.497021472454070912e-01
3.366576951555910746e-01 2.154302477836609331e-01 1.495455658435821400e-01
3.365890476014468113e-01 2.149782657623291460e-01 1.493151044845580921e-01
3.365823478996756712e-01 2.141270518302917925e-01 1.489771834015846119e-01
3.366673343442383448e-01 2.128317832946777788e-01 1.488095974922180043e-01
3.368057572841647307e-01 2.125599265098572221e-01 1.486775657534599171e-01
3.368530547339472214e-01 2.121302962303162065e-01 1.481345152854919300e-01
3.369712644815447966e-01 2.117951989173889604e-01 1.476143902540206776e-01
3.369932073727253674e-01 2.113745689392090288e-01 1.475341325998306419e-01
3.371201329026374260e-01 2.106554388999939409e-01 1.473954027891158924e-01
3.371591748762878815e-01 2.099946618080139604e-01 1.471162816882133351e-01
3.371911641769114176e-01 2.098588228225708452e-01 1.469282811880111561e-01
3.372590578254315297e-01 2.099734425544739214e-01 1.466048663854598866e-01
3.371751268021765391e-01 2.101076126098633257e-01 1.453460460901260243e-01
3.372557253204289118e-01 2.102720022201538530e-01 1.448423495888709889e-01
3.373142384551468531e-01 2.101325869560242143e-01 1.446702635288238392e-01
3.371116252709183136e-01 2.102640748023987260e-01 1.441068804264068470e-01
3.369857109244915883e-01 2.103065729141235796e-01 1.439974164962768421e-01
3.370120494253936450e-01 2.104740023612976518e-01 1.434113985300063954e-01
3.370455942675474326e-01 2.107087254524231401e-01 1.429159647226333485e-01
3.369362297561023234e-01 2.109832644462585893e-01 1.423292315006255970e-01
3.369891044311228434e-01 2.111091494560242143e-01 1.420663154125213490e-01
3.370563042443249224e-01 2.115005135536194292e-01 1.413642919063567982e-01
3.370575356855991522e-01 2.116029143333435503e-01 1.411490893363952503e-01
3.372843765281143269e-01 2.117053747177124468e-01 1.409217572212218827e-01
3.373304886370900313e-01 2.118376970291138139e-01 1.406204482913017140e-01
3.372999580204489867e-01 2.120684266090393510e-01 1.402649587392806874e-01
3.372751783207061926e-01 2.120922088623047319e-01 1.402487164735793934e-01
3.372625502850863377e-01 2.121282696723938432e-01 1.402457809448242054e-01
3.372610897384586970e-01 2.121577739715576616e-01 1.402490293979644642e-01
3.372586887888613383e-01 2.121707677841186968e-01 1.402531719207763539e-01
3.372494998946788947e-01 2.121956229209900346e-01 1.402661284804344044e-01
3.372430048510435263e-01 2.121987819671631303e-01 1.402789509296417103e-01
3.370796620473268113e-01 2.121257066726685014e-01 1.404293036460876332e-01
3.366961904428902308e-01 2.120904207229614702e-01 1.405208787322044239e-01
3.366730910819026312e-01 2.120413064956664373e-01 1.406082069873809681e-01
3.366722284443679492e-01 2.120098352432251421e-01 1.406757539510726795e-01
3.366740398667755763e-01 2.120027422904968706e-01 1.406991338729857988e-01
3.366788438614460310e-01 2.119815826416016069e-01 1.407357460260391102e-01
3.366817714739593903e-01 2.119696617126465288e-01 1.407537764310836659e-01
3.366912011150273720e-01 2.118914604187012163e-01 1.408725386857986317e-01
3.366977969743314425e-01 2.118739962577820268e-01 1.408947563171386586e-01
3.367015171423557440e-01 2.118714928627014604e-01 1.408956280350684986e-01
3.367100000940266291e-01 2.118670821189880815e-01 1.408959335088729725e-01
3.367313960660252015e-01 2.118632674217224565e-01 1.408957025408744679e-01
3.368259818851950804e-01 2.118586778640747514e-01 1.408957099914550648e-01
3.368253676779570660e-01 2.118560552597046343e-01 1.408954566717147694e-01
3.368245187774304150e-01 2.118536114692688432e-01 1.408954715728759632e-01
3.368231334351006190e-01 2.118492603302002397e-01 1.408953300118446217e-01
3.368222018796953598e-01 2.118461012840271440e-01 1.408953598141670094e-01
3.368213040847334305e-01 2.118411540985107866e-01 1.408950096368789540e-01
3.368209164217117468e-01 2.118379354476929155e-01 1.408950394392013417e-01
3.368203662429007927e-01 2.118332862854004350e-01 1.408950841426849232e-01
3.368203180469576119e-01 2.118304848670959917e-01 1.408951139450073109e-01
3.368198349233719746e-01 2.118264317512511541e-01 1.408951288461685047e-01
3.368195680994543473e-01 2.118243455886841264e-01 1.408949425816535816e-01
3.368210498336705605e-01 2.118203520774841753e-01 1.408949649333953724e-01
3.368217336572709719e-01 2.118189811706543413e-01 1.408949798345565663e-01
3.368367859255525509e-01 2.118157625198364702e-01 1.408950021862983570e-01
3.368462418764833211e-01 2.118149876594543901e-01 1.408949798345565663e-01
3.368535166699442307e-01 2.118148684501648393e-01 1.408950245380401478e-01
3.368613837845626513e-01 2.118148684501649504e-01 1.408949798345565663e-01
3.368726052902641932e-01 2.118149280548096147e-01 1.408949798345565663e-01
3.368795930035415331e-01 2.118149876594543901e-01 1.408946743607520924e-01
3.368896899372342268e-01 2.118149280548096147e-01 1.408946743607520924e-01
3.368941728584471385e-01 2.118148684501648393e-01 1.408946743607520924e-01
3.369048297498378197e-01 2.118148088455200639e-01 1.408946743607520924e-01
3.369081995077434222e-01 2.118149280548096147e-01 1.408946743607520924e-01
3.369129660166803597e-01 2.118148684501648393e-01 1.408946743607521201e-01
3.369154933933171669e-01 2.118148088455200639e-01 1.408946743607520924e-01
3.369199735205623547e-01 2.118147492408752885e-01 1.408946743607520924e-01
3.369205399975183646e-01 2.118147492408752885e-01 1.408946743607520924e-01
3.369216617755595444e-01 2.118147492408752885e-01 1.408946743607520924e-01
3.369222240615639130e-01 2.118146896362305132e-01 1.408946743607520924e-01
3.369222240615639130e-01 2.118146896362305132e-01 1.408946743607520924e-01
3.369222240615639130e-01 2.118146896362305132e-01 1.408946743607520924e-01
3.369222240615639130e-01 2.118146896362305132e-01 1.408946743607520924e-01
3.369222717918458621e-01 2.118151664733887163e-01 1.408946520090103016e-01
3.369222717918458621e-01 2.118151664733887163e-01 1.408946520090103016e-01
3.369222717918458621e-01 2.118151664733887163e-01 1.408946520090103016e-01
3.369217577017846743e-01 2.118155241012573686e-01 1.408946520090103016e-01
3.369218231271955410e-01 2.118161201477051225e-01 1.408946743607520924e-01
3.369219523482027689e-01 2.118171930313110796e-01 1.408946371078491078e-01
3.369217020552608410e-01 2.118174910545349565e-01 1.408946520090103016e-01
3.369217670150104205e-01 2.118180274963379350e-01 1.408946520090103016e-01
3.369218799378725926e-01 2.118189215660095659e-01 1.408946371078491078e-01
3.369220177736136357e-01 2.118224978446960893e-01 1.408946371078491078e-01
3.369219835475090741e-01 2.118245244026184526e-01 1.408945924043655540e-01
3.369216960016641060e-01 2.118269085884094682e-01 1.408945924043655262e-01
3.369218235928568284e-01 2.118279814720154253e-01 1.408945775032043046e-01
3.369218294136229197e-01 2.118303656578064409e-01 1.408945626020431385e-01
3.369213958829644362e-01 2.118338227272034135e-01 1.408945327997207508e-01
3.369212743453685044e-01 2.118353128433227983e-01 1.408945104479789601e-01
3.369210114795717637e-01 2.118353128433227983e-01 1.408945104479789601e-01
3.369204370863738696e-01 2.118356108665466753e-01 1.408944061398506031e-01
3.369204429071399609e-01 2.118354320526123491e-01 1.408945104479789601e-01
3.369201690983030240e-01 2.118353128433227983e-01 1.408945104479789601e-01
3.369198922626677195e-01 2.118353128433227983e-01 1.408945104479789601e-01
3.369196112360807738e-01 2.118353724479675737e-01 1.408945104479789601e-01
3.369187667593362967e-01 2.118353724479675737e-01 1.408945104479789601e-01
3.369184843357655446e-01 2.118353724479675737e-01 1.408945104479789601e-01
3.369179308973255793e-01 2.118353724479675737e-01 1.408945104479789323e-01
3.369173870049420039e-01 2.118358492851257768e-01 1.408944061398506031e-01
3.369168051611635128e-01 2.118352532386780229e-01 1.408945104479789601e-01
3.369162454362961689e-01 2.118353128433227983e-01 1.408945104479789601e-01
3.369154018908742110e-01 2.118353724479675737e-01 1.408945104479789601e-01
3.369151527620855568e-01 2.118357300758362260e-01 1.408945104479789601e-01
3.369148372765633503e-01 2.118354320526123491e-01 1.408945104479789601e-01
3.369142710324379841e-01 2.118356108665466753e-01 1.408944061398506031e-01
3.369134372659030596e-01 2.118353724479675737e-01 1.408945104479789601e-01
3.369131543766710202e-01 2.118353128433227983e-01 1.408945104479789601e-01
3.369128812663260142e-01 2.118353128433227983e-01 1.408945104479789601e-01
3.369126190990212599e-01 2.118358492851257768e-01 1.408944061398506031e-01
3.369120351597669760e-01 2.118353724479675737e-01 1.408945104479789601e-01
3.369120686873796067e-01 2.118356704711914507e-01 1.408945104479789601e-01
3.369114731065931956e-01 2.118353724479675737e-01 1.408945104479789601e-01
3.369111955724659602e-01 2.118353724479675737e-01 1.408945104479789601e-01
3.369112291000787018e-01 2.118356704711914507e-01 1.408945104479789601e-01
3.369106595963242690e-01 2.118358492851257768e-01 1.408944061398506031e-01
3.369106698408725897e-01 2.118357300758362260e-01 1.408945104479789878e-01
3.369103885814550559e-01 2.118357300758362260e-01 1.408945104479789601e-01
3.369101010356101433e-01 2.118356108665466753e-01 1.408945104479789601e-01
3.369101010356101433e-01 2.118356108665466753e-01 1.408945104479789601e-01
3.369098248984667698e-01 2.118356108665466753e-01 1.408945104479789601e-01
3.369095073174688260e-01 2.118353724479675737e-01 1.408945104479789601e-01
3.369095073174688260e-01 2.118353724479675737e-01 1.408945104479789601e-01
3.369095406122508685e-01 2.118356108665466753e-01 1.408945104479789601e-01
3.369092679675671498e-01 2.118356108665466753e-01 1.408945104479789601e-01
3.369092679675671498e-01 2.118356108665466753e-01 1.408945104479789601e-01
3.369092679675671498e-01 2.118356108665466753e-01 1.408945104479789601e-01
3.369092679675670943e-01 2.118356108665466753e-01 1.408945104479789601e-01
3.369089864753189723e-01 2.118356108665466753e-01 1.408945104479789601e-01
3.369089864753189167e-01 2.118356108665466753e-01 1.408945104479789601e-01
3.369089864753189723e-01 2.118356108665466753e-01 1.408945104479789601e-01
3.369089759979400633e-01 2.118359088897706632e-01 1.408944061398506031e-01
3.369089864753189723e-01 2.118356108665466753e-01 1.408945104479789601e-01
3.369089529477062861e-01 2.118353724479675737e-01 1.408945104479789601e-01
3.369089759979400078e-01 2.118359088897704412e-01 1.408944061398506031e-01
3.369089864753189167e-01 2.118356108665466753e-01 1.408945104479789601e-01
3.369089759979399523e-01 2.118359088897705522e-01 1.408944061398506031e-01
3.369089529477062861e-01 2.118353724479675737e-01 1.408945104479789601e-01
3.369089864753189723e-01 2.118356108665466753e-01 1.408945104479789601e-01
3.369089864753189723e-01 2.118356108665466753e-01 1.408945104479789601e-01
3.369089864753189723e-01 2.118356108665466753e-01 1.408945104479789601e-01
3.369089864753189723e-01 2.118356108665466753e-01 1.408945104479789601e-01
3.369089864753189723e-01 2.118356108665466753e-01 1.408945104479789601e-01
3.369089759979400078e-01 2.118359088897705522e-01 1.408944061398506031e-01
3.369089864753189723e-01 2.118356108665466753e-01 1.408945104479789601e-01
3.369089864753189723e-01 2.118356108665466753e-01 1.408945104479789601e-01
3.369089864753189723e-01 2.118356108665466753e-01 1.408945104479789601e-01
3.369089864753189723e-01 2.118356108665466753e-01 1.408945104479789601e-01
3.369089864753189723e-01 2.118356108665466753e-01 1.408945104479789601e-01
3.369089864753189723e-01 2.118356108665466753e-01 1.408945104479789601e-01
3.369089529477062861e-01 2.118353724479675737e-01 1.408945104479789601e-01
3.369089759979400078e-01 2.118359088897705522e-01 1.408944061398506031e-01
3.369089759979400078e-01 2.118359088897705522e-01 1.408944061398506031e-01
3.369089864753189723e-01 2.118356108665466753e-01 1.408945104479789601e-01
3.369089529477062306e-01 2.118353724479675737e-01 1.408945104479789601e-01
3.369089759979400078e-01 2.118359088897705522e-01 1.408944061398506031e-01
3.369089529477062861e-01 2.118353724479675737e-01 1.408945104479789601e-01
3.369089864753189723e-01 2.118356108665466753e-01 1.408945104479789601e-01
3.369089759979399523e-01 2.118359088897705522e-01 1.408944061398505754e-01
3.369089759979400078e-01 2.118359088897705522e-01 1.408944061398506031e-01
3.369089759979400078e-01 2.118359088897705522e-01 1.408944061398506031e-01
3.369089864753189723e-01 2.118356108665466753e-01 1.408945104479789323e-01
3.369089864753189723e-01 2.118356108665466753e-01 1.408945104479789601e-01
3.369089759979400078e-01 2.118359088897705522e-01 1.408944061398506031e-01
3.369089864753189723e-01 2.118356108665466753e-01 1.408945104479789601e-01
3.369089864753189723e-01 2.118356108665466753e-01 1.408945104479789601e-01
3.369089864753189723e-01 2.118356108665466753e-01 1.408945104479789601e-01
3.369089864753189723e-01 2.118356108665466753e-01 1.408945104479789601e-01
3.369089864753189723e-01 2.118356108665466753e-01 1.408945104479789601e-01
3.369089864753189723e-01 2.118356108665466753e-01 1.408945104479789601e-01
3.369089864753189723e-01 2.118356108665466753e-01 1.408945104479789601e-01
3.369089864753189723e-01 2.118356108665466753e-01 1.408945104479789601e-01
3.369089864753189167e-01 2.118356108665466753e-01 1.408945104479789601e-01
3.369089864753189723e-01 2.118356108665466753e-01 1.408945104479789601e-01
3.369089864753189723e-01 2.118356108665466753e-01 1.408945104479789601e-01
