4.379454368352891924e-01 4.990193426609040306e-01 3.352827063202857838e-01
4.379454368352891924e-01 4.990193426609040306e-01 3.352827063202857838e-01
4.379454368352891924e-01 4.990193426609040306e-01 3.352827063202857838e-01
4.379454368352891924e-01 4.990193426609040306e-01 3.352827063202857838e-01
4.379454368352891924e-01 4.990193426609040306e-01 3.352827063202857838e-01
4.379454368352891924e-01 4.990193426609040306e-01 3.352827063202857838e-01
4.379454368352891924e-01 4.990193426609040306e-01 3.352827063202857838e-01
4.379454368352891924e-01 4.990193426609040306e-01 3.352827063202857838e-01
4.379454368352891924e-01 4.990193426609040306e-01 3.352827063202857838e-01
4.379454368352891924e-01 4.990193426609040306e-01 3.352827063202857838e-01
4.379454368352891924e-01 4.990193426609040306e-01 3.352827063202857838e-01
4.379454368352891924e-01 4.990193426609040306e-01 3.352827063202857838e-01
4.379454368352891924e-01 4.990193426609040306e-01 3.352827063202857838e-01
4.379454368352891924e-01 4.990193426609040306e-01 3.352827063202857838e-01
4.379454368352891924e-01 4.990193426609040306e-01 3.352827063202857838e-01
4.379454368352891924e-01 4.990193426609040306e-01 3.352827063202857838e-01
4.379454368352891924e-01 4.990193426609040306e-01 3.352827063202857838e-01
4.379454368352891924e-01 4.990193426609041416e-01 3.352827063202857838e-01
4.379454368352891924e-01 4.990193426609040306e-01 3.352827063202857838e-01
4.379454368352891924e-01 4.990193426609040306e-01 3.352827063202857838e-01
4.379454368352891924e-01 4.990193426609040306e-01 3.352827063202857838e-01
4.379454368352891924e-01 4.990193426609040306e-01 3.352827063202857838e-01
4.379454368352891924e-01 4.990193426609040306e-01 3.352827063202857838e-01
4.379454368352891924e-01 4.990193426609040306e-01 3.352827063202857838e-01
4.379454368352890814e-01 4.990193426609040306e-01 3.352827063202857838e-01
4.379454368352891924e-01 4.990193426609040306e-01 3.352827063202857838e-01
4.379453474283220293e-01 4.990195810794831321e-01 3.352826467156410084e-01
4.379454368352890814e-01 4.990193426609040306e-01 3.352827063202857838e-01
4.379453474283220293e-01 4.990195810794831321e-01 3.352826467156410084e-01
4.379454368352891924e-01 4.990193426609040306e-01 3.352827063202857838e-01
4.379454368352891924e-01 4.990193426609040306e-01 3.352827063202857838e-01
4.379454368352891924e-01 4.990193426609040306e-01 3.352827063202857838e-01
4.379454368352891924e-01 4.990193426609040306e-01 3.352827063202857838e-01
4.379453474283220293e-01 4.990195810794831321e-01 3.352826467156410084e-01
4.379454368352890814e-01 4.990193426609040306e-01 3.352827063202857838e-01
4.379454368352891924e-01 4.990193426609041416e-01 3.352827063202857838e-01
4.379454368352891924e-01 4.990193426609040306e-01 3.352827063202857838e-01
4.379454368352891924e-01 4.990193426609040306e-01 3.352827063202857838e-01
4.379454368352890814e-01 4.990193426609040306e-01 3.352827063202857838e-01
4.379454368352891924e-01 4.990193426609040306e-01 3.352827063202857838e-01
4.379454368352891924e-01 4.990193426609040306e-01 3.352827063202857838e-01
4.379454368352891924e-01 4.990193426609040306e-01 3.352827063202857838e-01
4.379454368352891924e-01 4.990193426609040306e-01 3.352827063202857838e-01
4.379454368352891924e-01 4.990193426609040306e-01 3.352827063202857838e-01
4.379454368352891924e-01 4.990193426609040306e-01 3.352827063202857838e-01
4.379454368352891924e-01 4.990193426609040306e-01 3.352827063202857838e-01
4.379454368352891924e-01 4.990193426609040306e-01 3.352827063202857838e-01
4.379454368352891924e-01 4.990193426609040306e-01 3.352827063202857838e-01
4.379454368352891924e-01 4.990193426609040306e-01 3.352827063202857838e-01
4.379454368352891924e-01 4.990193426609040306e-01 3.352827063202857838e-01
4.379454368352891924e-01 4.990193426609040306e-01 3.352827063202857838e-01
4.379454368352891924e-01 4.990193426609040306e-01 3.352827063202857838e-01
4.379454368352891924e-01 4.990193426609040306e-01 3.352827063202857838e-01
4.379454368352891924e-01 4.990193426609040306e-01 3.352827063202857838e-01
4.379454368352891924e-01 4.990193426609040306e-01 3.352827063202857838e-01
4.379454368352891924e-01 4.990193426609040306e-01 3.352827063202857838e-01
4.379454368352891924e-01 4.990193426609040306e-01 3.352827063202857838e-01
4.379454368352891924e-01 4.990193426609040306e-01 3.352827063202857838e-01
4.379454368352891924e-01 4.990193426609040306e-01 3.352827063202857838e-01
4.379454368352891924e-01 4.990193426609040306e-01 3.352827063202857838e-01
4.379454368352891924e-01 4.990193426609040306e-01 3.352827063202857838e-01
4.379454368352891924e-01 4.990193426609040306e-01 3.352827063202857838e-01
4.379454368352891924e-01 4.990193426609040306e-01 3.352827063202857838e-01
4.379454368352890814e-01 4.990193426609040306e-01 3.352827063202857838e-01
4.379454368352891924e-01 4.990193426609040306e-01 3.352827063202857838e-01
4.379454368352890814e-01 4.990193426609040306e-01 3.352827063202857838e-01
4.379454368352890814e-01 4.990193426609040306e-01 3.352827063202857838e-01
4.379454368352891924e-01 4.990193426609040306e-01 3.352827063202857838e-01
4.379454368352891924e-01 4.990193426609040306e-01 3.352827063202857838e-01
4.379454368352891924e-01 4.990193426609040306e-01 3.352827063202857838e-01
4.379454368352891924e-01 4.990193426609040306e-01 3.352827063202857838e-01
4.379454368352891924e-01 4.990193426609040306e-01 3.352827063202857838e-01
4.379454368352891924e-01 4.990193426609040306e-01 3.352827063202857838e-01
4.379454368352891924e-01 4.990193426609040306e-01 3.352827063202857838e-01
4.379454368352891924e-01 4.990193426609040306e-01 3.352827063202857838e-01
4.379454368352891924e-01 4.990193426609040306e-01 3.352827063202857838e-01
4.379454368352891924e-01 4.990193426609040306e-01 3.352827063202857838e-01
4.379454368352891924e-01 4.990193426609040306e-01 3.352827063202857838e-01
4.379454368352891924e-01 4.990193426609040306e-01 3.352827063202857838e-01
4.379454368352890814e-01 4.990193426609040306e-01 3.352827063202857838e-01
4.379454368352891924e-01 4.990193426609040306e-01 3.352827063202857838e-01
4.379454368352890814e-01 4.990193426609040306e-01 3.352827063202857838e-01
4.379454368352891924e-01 4.990193426609040306e-01 3.352827063202857838e-01
4.379454368352891924e-01 4.990193426609040306e-01 3.352827063202857838e-01
4.379454368352891924e-01 4.990193426609040306e-01 3.352827063202857838e-01
4.379454368352891924e-01 4.990193426609040306e-01 3.352827063202857838e-01
4.379454368352891924e-01 4.990193426609040306e-01 3.352827063202857838e-01
4.379454368352891924e-01 4.990193426609040306e-01 3.352827063202857838e-01
4.379454368352891924e-01 4.990193426609040306e-01 3.352827063202857838e-01
4.379454368352890814e-01 4.990193426609040306e-01 3.352827063202857838e-01
4.379454368352891924e-01 4.990193426609040306e-01 3.352827063202857838e-01
4.379454368352890814e-01 4.990193426609040306e-01 3.352827063202857838e-01
4.379454368352891924e-01 4.990193426609040306e-01 3.352827063202857838e-01
4.379454368352891924e-01 4.990193426609040306e-01 3.352827063202857838e-01
4.379454368352890814e-01 4.990193426609040306e-01 3.352827063202857838e-01
4.379454368352891924e-01 4.990193426609040306e-01 3.352827063202857838e-01
4.379454368352891924e-01 4.990193426609040306e-01 3.352827063202857838e-01
4.379454368352891924e-01 4.990193426609041416e-01 3.352827063202857838e-01
4.379454368352891924e-01 4.990193426609040306e-01 3.352827063202857838e-01
4.379454368352891924e-01 4.990193426609040306e-01 3.352827063202857838e-01
4.379454368352891924e-01 4.990193426609040306e-01 3.352827063202857838e-01
4.379454368352891924e-01 4.990193426609040306e-01 3.352827063202857838e-01
4.379454368352891924e-01 4.990193426609040306e-01 3.352827063202857838e-01
4.379454368352890814e-01 4.990193426609040306e-01 3.352827063202857838e-01
4.379454368352891924e-01 4.990193426609041416e-01 3.352827063202857838e-01
4.379454368352891924e-01 4.990193426609040306e-01 3.352827063202857838e-01
4.379454368352891924e-01 4.990193426609040306e-01 3.352827063202857838e-01
4.379454368352891924e-01 4.990193426609040306e-01 3.352827063202857838e-01
4.379454368352890814e-01 4.990193426609040306e-01 3.352827063202857838e-01
4.379454368352891924e-01 4.990193426609040306e-01 3.352827063202857838e-01
4.379454368352891924e-01 4.990193426609040306e-01 3.352827063202857838e-01
4.379454368352891924e-01 4.990193426609040306e-01 3.352827063202857838e-01
4.379454368352891924e-01 4.990193426609040306e-01 3.352827063202857838e-01
4.379454368352891924e-01 4.990193426609040306e-01 3.352827063202857838e-01
4.379454368352891924e-01 4.990193426609040306e-01 3.352827063202857838e-01
4.379454368352891924e-01 4.990193426609040306e-01 3.352827063202857838e-01
4.379454368352891924e-01 4.990193426609040306e-01 3.352827063202857838e-01
4.379454368352891924e-01 4.990193426609040306e-01 3.352827063202857838e-01
4.379454368352891924e-01 4.990193426609040306e-01 3.352827063202857838e-01
4.379454368352891924e-01 4.990193426609040306e-01 3.352827063202857838e-01
4.379454368352891924e-01 4.990193426609040306e-01 3.352827063202857838e-01
4.379454368352891924e-01 4.990193426609040306e-01 3.352827063202857838e-01
4.379454368352891924e-01 4.990193426609040306e-01 3.352827063202857838e-01
4.379454368352891924e-01 4.990193426609040306e-01 3.352827063202857838e-01
4.379454368352891924e-01 4.990193426609040306e-01 3.352827063202857838e-01
4.379454368352891924e-01 4.990193426609040306e-01 3.352827063202857838e-01
4.379454368352891924e-01 4.990193426609040306e-01 3.352827063202857838e-01
4.379454368352891924e-01 4.990193426609040306e-01 3.352827063202857838e-01
4.379454368352891924e-01 4.990193426609040306e-01 3.352827063202857838e-01
4.379454368352891924e-01 4.990193426609040306e-01 3.352827063202857838e-01
4.379454368352891924e-01 4.990193426609040306e-01 3.352827063202857838e-01
4.379454368352891924e-01 4.990193426609040306e-01 3.352827063202857838e-01
4.379454368352891924e-01 4.990193426609040306e-01 3.352827063202857838e-01
4.379454368352891924e-01 4.990193426609040306e-01 3.352827063202857838e-01
4.379454368352891924e-01 4.990193426609040306e-01 3.352827063202857838e-01
4.379454368352891924e-01 4.990193426609040306e-01 3.352827063202857838e-01
4.379454368352891924e-01 4.990193426609039196e-01 3.352827063202857838e-01
4.379454368352891924e-01 4.990193426609040306e-01 3.352827063202857838e-01
4.379454368352891924e-01 4.990193426609040306e-01 3.352827063202857838e-01
4.392579534649850848e-01 4.819896101951600120e-01 3.324256619811057911e-01
4.392624089121820452e-01 4.687905788421631859e-01 3.296256592869758473e-01
4.359701761603357872e-01 4.329594254493714378e-01 3.208706161379814015e-01
4.271453061699869158e-01 3.920913517475129173e-01 3.066649144887924061e-01
4.207124376296998980e-01 3.742920935153962181e-01 2.975035092234611378e-01
4.132735320925714495e-01 3.593977570533753441e-01 2.873286014795303211e-01
3.987696805596354088e-01 3.378791987895966020e-01 2.664752012491226063e-01
3.862549738585951409e-01 3.277004241943359819e-01 2.473963728547096119e-01
3.714854681491854271e-01 3.251764953136444536e-01 2.227062290906905995e-01
3.676526585221293053e-01 3.267916321754457121e-01 2.147450453042984153e-01
3.641841804236176094e-01 3.294946432113647905e-01 2.076632684469222889e-01
3.566576113551857552e-01 3.325897336006164995e-01 1.953077322244644032e-01
3.437608449347319128e-01 3.380461513996124712e-01 1.866115933656692372e-01
3.349741614982488236e-01 3.414852797985077348e-01 1.812991207838058061e-01
3.259268814325335106e-01 3.444908142089844194e-01 1.764980448782443867e-01
3.215764650702478966e-01 3.463863313198090044e-01 1.739862120151519642e-01
3.173725587874653420e-01 3.483833849430084673e-01 1.715579932928085194e-01
3.091122379153969368e-01 3.523816347122192827e-01 1.668649321794509754e-01
3.012570926547053496e-01 3.582271516323090044e-01 1.620509481430053578e-01
3.030175158381463452e-01 3.743972957134247270e-01 1.551816320419311390e-01
3.056350798904897692e-01 3.771505832672119585e-01 1.520993119478225575e-01
3.083095104992392144e-01 3.762134492397308794e-01 1.495035371184348927e-01
3.183219899982215884e-01 3.694133937358856645e-01 1.433235859870910511e-01
3.226939646154644015e-01 3.627822577953339067e-01 1.411441570520400868e-01
3.236588967591527144e-01 3.554416179656982866e-01 1.407535529136657582e-01
3.264922789856793406e-01 3.408910810947418657e-01 1.394769704341888295e-01
3.280434647202494225e-01 3.338506698608398882e-01 1.389388075470924244e-01
3.294970953464510521e-01 3.269597172737122026e-01 1.385136103630065785e-01
3.309462984651329598e-01 3.200034677982330766e-01 1.382740294933318959e-01
3.337007874250414452e-01 3.061277747154236284e-01 1.383653438091277943e-01
3.362686148937794051e-01 2.924063682556152788e-01 1.377135223150253163e-01
3.363155847508462748e-01 2.801120162010193315e-01 1.394897258281707630e-01
3.357020990550520501e-01 2.555453658103943315e-01 1.415678119659423695e-01
3.358302932791414896e-01 2.364750385284424272e-01 1.434231480956077442e-01
3.353824710100892226e-01 2.273599386215210405e-01 1.439018478989601002e-01
3.346580957621339003e-01 2.203194975852966753e-01 1.438425859808921681e-01
3.347515451349321047e-01 2.144672155380249468e-01 1.440790450572967674e-01
3.358699131384494940e-01 2.056506752967834917e-01 1.444077870249748097e-01
3.381431334745141903e-01 1.987131118774414507e-01 1.439622646570205555e-01
3.578796816617253462e-01 1.934279680252075639e-01 1.444632863998412953e-01
3.677682878077033202e-01 1.912245631217956987e-01 1.445575660467147694e-01
3.934778907895091216e-01 1.851999044418335405e-01 1.447112640738487110e-01
4.057833740115168730e-01 1.828812241554260698e-01 1.447641184926032887e-01
4.451232293248179595e-01 1.772326111793518510e-01 1.449395796656608448e-01
4.586071634292605559e-01 1.756152391433716264e-01 1.451461842656135426e-01
4.713421428203585783e-01 1.740395307540895109e-01 1.454441851377487049e-01
4.963560813665393034e-01 1.711445927619935636e-01 1.464128649234771595e-01
4.950162881612780730e-01 1.650175929069520597e-01 1.525393208861350880e-01
4.923425728082659325e-01 1.656036853790284757e-01 1.520552268624305592e-01
4.904072397947314421e-01 1.660269975662233000e-01 1.517831540107726918e-01
4.889419937133792082e-01 1.666118383407594328e-01 1.513959398865699635e-01
4.863874131441119353e-01 1.669244050979615812e-01 1.511338657140731678e-01
4.747896903753283659e-01 1.657891750335694914e-01 1.537866449356078968e-01
4.630404004454616307e-01 1.641164302825928178e-01 1.572760722041129933e-01
4.515243583917620818e-01 1.622627854347230558e-01 1.612764602899551536e-01
4.454910123348239104e-01 1.609387278556824175e-01 1.638883432745933399e-01
4.391352945566180388e-01 1.598354458808899370e-01 1.662971979379653797e-01
4.207494744658472619e-01 1.577214479446411577e-01 1.736394955217838154e-01
4.138652199506763218e-01 1.568242788314819780e-01 1.763598850369453297e-01
3.828931154310705742e-01 1.629639148712158647e-01 1.721922165155410356e-01
3.712877297401431242e-01 1.693645596504211870e-01 1.673495104908942765e-01
3.631746379286053816e-01 1.756133913993835893e-01 1.632268136739730702e-01
3.589860220998528084e-01 1.794714212417602983e-01 1.606159365177154408e-01
3.575942499190572499e-01 1.817270994186401811e-01 1.593775829672813282e-01
3.560310994833710829e-01 1.842500448226929155e-01 1.580414628982543812e-01
3.536264525353911559e-01 1.875958919525146928e-01 1.561721122264861927e-01
3.512677030265334288e-01 1.906765580177307573e-01 1.548009222745894975e-01
3.484339492022994200e-01 1.928840756416321245e-01 1.531828498840331898e-01
3.449159205518665949e-01 1.957400321960449663e-01 1.512685871124267167e-01
3.434202444367113749e-01 1.964675664901733843e-01 1.506783297657966481e-01
3.400445518526251099e-01 2.002527594566345659e-01 1.485669618844985829e-01
3.386775956349450389e-01 2.016655683517456499e-01 1.477146899700164662e-01
3.377144957520071267e-01 2.019710421562195268e-01 1.473281538486480580e-01
3.351396537944677512e-01 2.044492840766907182e-01 1.454125350713729725e-01
3.345784527808430830e-01 2.047703742980957475e-01 1.447548425197601185e-01
3.340784489735963980e-01 2.054350256919861284e-01 1.442755317687988148e-01
3.340923540852967499e-01 2.054243564605713335e-01 1.442001765966415272e-01
3.333760929852727095e-01 2.063615202903748003e-01 1.432297161221504078e-01
3.332627137750390767e-01 2.066035747528076616e-01 1.429384356737136708e-01
3.330769195780161063e-01 2.069339036941528764e-01 1.425961858034133778e-01
3.326132685504856745e-01 2.070792198181152788e-01 1.421037620306014881e-01
3.324636520445349297e-01 2.069689512252808061e-01 1.419829136133193836e-01
3.320661775395277182e-01 2.080619812011719194e-01 1.413186496496200428e-01
3.320264203101399580e-01 2.081509709358215776e-01 1.411638712882995472e-01
3.320635521411898772e-01 2.087631702423096147e-01 1.405721163749694691e-01
3.321607840806248824e-01 2.091276526451111284e-01 1.402215442061424122e-01
3.322958565875890891e-01 2.093949198722839800e-01 1.399171358346938954e-01
3.324298534169796149e-01 2.096758961677551714e-01 1.395966714620590077e-01
3.325045724958184401e-01 2.101788997650148039e-01 1.392402207851409779e-01
3.326307480782273451e-01 2.104720950126648393e-01 1.390657356381416188e-01
3.327523010410372017e-01 2.112993478775024858e-01 1.386198481917381431e-01
3.328836892358962296e-01 2.125722050666809526e-01 1.378331711888313438e-01
3.330449142120781580e-01 2.128600358963013139e-01 1.376123210787772999e-01
3.330594949983063380e-01 2.132462739944458452e-01 1.374392217397689686e-01
3.331621332652869860e-01 2.136415719985962358e-01 1.372527933120727406e-01
3.335830328613522688e-01 2.142072200775146928e-01 1.369390344619750843e-01
3.350944236479702631e-01 2.140793681144714800e-01 1.355420878529548512e-01
3.361295980028811137e-01 2.132151007652284269e-01 1.355352184176444874e-01
3.375014890078458230e-01 2.122785925865173784e-01 1.355536139011382923e-01
3.413783464673909585e-01 2.074683189392090288e-01 1.359570926427841053e-01
3.422511733695867142e-01 2.063178300857544389e-01 1.360473191738128529e-01
3.447773052938285510e-01 2.000884890556335893e-01 1.375239199399947987e-01
3.452025029435757397e-01 1.975566625595093218e-01 1.381036049127578602e-01
3.458562234044078032e-01 1.959500193595886675e-01 1.385673364996909962e-01
3.460591539368036429e-01 1.935161232948303667e-01 1.393489322066306935e-01
3.459255161322656313e-01 1.938067555427551714e-01 1.389753675460815296e-01
3.463020000234249274e-01 1.922389149665832964e-01 1.391405916213989125e-01
3.465478147007527987e-01 1.916509747505188432e-01 1.391907265782356129e-01
3.472513334453108946e-01 1.904985785484314409e-01 1.393639153242111073e-01
3.477917436137798468e-01 1.879644274711609331e-01 1.399986526370048390e-01
3.478210653737190405e-01 1.876274824142456499e-01 1.401125422120093889e-01
3.489284246787431321e-01 1.862388134002684881e-01 1.402891582250594960e-01
3.492137008905413786e-01 1.860624432563782182e-01 1.400345793366432057e-01
3.500178727880123297e-01 1.858130574226379839e-01 1.400266668200492726e-01
3.505320699512961546e-01 1.856270313262939897e-01 1.401273614168166981e-01
3.511327283084395567e-01 1.852422833442688432e-01 1.401695168018340931e-01
3.516975996643307845e-01 1.850498199462891069e-01 1.402726924419402943e-01
3.523988054692748229e-01 1.850721716880798784e-01 1.402174687385558949e-01
3.529377171397212187e-01 1.847615718841553178e-01 1.399595072865486012e-01
3.532042784243825118e-01 1.843248486518860307e-01 1.398655182123184071e-01
3.537570369988682906e-01 1.834688663482666460e-01 1.399731716513633595e-01
3.539925144612792174e-01 1.831498026847839800e-01 1.400371423363685475e-01
3.541428895294669310e-01 1.828606009483337846e-01 1.401733911037444935e-01
3.544115686416628996e-01 1.817778825759888139e-01 1.403656309843063221e-01
3.547182382643225829e-01 1.811617493629456010e-01 1.404111838340759144e-01
3.547305373102428994e-01 1.807833790779113103e-01 1.403487628698348588e-01
3.547138871252539793e-01 1.808017373085022417e-01 1.402382707595825062e-01
3.551489358395341078e-01 1.799948096275330034e-01 1.404526761174201832e-01
3.551552567258480231e-01 1.795480132102966753e-01 1.405773690342903004e-01
3.552307339012625853e-01 1.793207406997681108e-01 1.404889157414436207e-01
3.553887122869494597e-01 1.790300488471985307e-01 1.404671525955200062e-01
3.551992011815312544e-01 1.788916468620300737e-01 1.404824262857437001e-01
3.549518121033910512e-01 1.784404397010803667e-01 1.405750519037246571e-01
3.548163978010419606e-01 1.780254721641540971e-01 1.406325852870941029e-01
3.540744512900713126e-01 1.774332404136658159e-01 1.407444483041763172e-01
3.538191189616921584e-01 1.771736621856689897e-01 1.408338329195976124e-01
3.534452180936935584e-01 1.765258789062500444e-01 1.410024023056030140e-01
3.532804708555343787e-01 1.762764930725098100e-01 1.410909226536750660e-01
3.529847005009654204e-01 1.760184645652771440e-01 1.411505869030952320e-01
3.528192584961655776e-01 1.756502270698547807e-01 1.413211157917976246e-01
3.528147890791299979e-01 1.754334449768066850e-01 1.414000993967056141e-01
3.527096939831974587e-01 1.753337264060974565e-01 1.414449891448020802e-01
3.527123985439541975e-01 1.754372596740723100e-01 1.414371138811111317e-01
3.526056661829355399e-01 1.753479719161987749e-01 1.415818339586257801e-01
3.524630844220522086e-01 1.751494884490967241e-01 1.416598564386367665e-01
3.524674653634431443e-01 1.751438856124878374e-01 1.416539704799651966e-01
3.524341510236265740e-01 1.750719428062439409e-01 1.416450074315070973e-01
3.523719554394486586e-01 1.750073909759521928e-01 1.416606089472770558e-01
3.523781813308599631e-01 1.748877644538879839e-01 1.416869542002678062e-01
3.523563157394531409e-01 1.747468590736389604e-01 1.416646248102187977e-01
3.523519226908686797e-01 1.746519088745117632e-01 1.416963791847228871e-01
3.522890211641791502e-01 1.742879629135132280e-01 1.417620187997817860e-01
3.523138930648568312e-01 1.736592531204224077e-01 1.419526195526122914e-01
3.521147613972427926e-01 1.735157847404480425e-01 1.418823754787444935e-01
3.520761478319767157e-01 1.735364675521851030e-01 1.417934453487396107e-01
3.518682812899354140e-01 1.722138404846191850e-01 1.416692516207694874e-01
3.529856178537014166e-01 1.639373183250427690e-01 1.358004739880561695e-01
3.527648375928404967e-01 1.606945872306824175e-01 1.304321295022964344e-01
3.521690034866336028e-01 1.571402430534363237e-01 1.185512325167655812e-01
3.518979783728721222e-01 1.560089468955994096e-01 1.126514828205108509e-01
3.522253894805911223e-01 1.550747632980347124e-01 9.507389426231382945e-02
3.520856463909152190e-01 1.563482761383057085e-01 8.978161275386808970e-02
3.519478600099685828e-01 1.584687113761902300e-01 7.957705914974211314e-02
3.522866332530978362e-01 1.616982102394104448e-01 7.030892431735991099e-02
3.520931919664147536e-01 1.638150691986084428e-01 6.563904941081999400e-02
3.516944201290610472e-01 1.677471280097961870e-01 5.757321476936339000e-02
3.514737190306189696e-01 1.692863583564758745e-01 5.463419914245604136e-02
3.513582769408825079e-01 1.723823428153992143e-01 4.851253390312193492e-02
3.512355845049026648e-01 1.741428852081299272e-01 4.549393117427824595e-02
3.509074283391240834e-01 1.767954707145691362e-01 4.085905909538267711e-02
3.508347870409491698e-01 1.789272904396057573e-01 3.728668451309202769e-02
3.507952049002054373e-01 1.806919455528259721e-01 3.451626062393187144e-02
3.506788910925391356e-01 1.809981346130371538e-01 3.392608523368834117e-02
3.507244048267605940e-01 1.814582824707031694e-01 3.318186163902281383e-02
3.507513768598440329e-01 1.817383646965027300e-01 3.259624600410460094e-02
3.508116464689376990e-01 1.819428682327270952e-01 3.215199768543242076e-02
3.509088709577921072e-01 1.822784423828125444e-01 3.143337428569792369e-02
3.509003521502020995e-01 1.830341100692749468e-01 3.020228505134581187e-02
3.508388047665360054e-01 1.836084008216858354e-01 2.938418149948118785e-02
3.507495198026301941e-01 1.846352696418762651e-01 2.787654161453245738e-02
3.507445158064368407e-01 1.847251534461975542e-01 2.754962503910063365e-02
3.507104824855926672e-01 1.853236436843872514e-01 2.637672483921049693e-02
3.506729641556742827e-01 1.856853842735290971e-01 2.566044092178343394e-02
3.506001552194359938e-01 1.859443664550781694e-01 2.476827859878538707e-02
3.505406716465953032e-01 1.862522244453430620e-01 2.362458467483519176e-02
3.505517590418461560e-01 1.863387703895569292e-01 2.328147053718565562e-02
3.505724819004538695e-01 1.866027593612671343e-01 2.253080964088438609e-02
3.505962017551066956e-01 1.864854574203491655e-01 2.187763214111326793e-02
3.505948820710185210e-01 1.865144252777100053e-01 2.154488921165464976e-02
3.506159616261723677e-01 1.865062594413757768e-01 2.122826933860777476e-02
3.506639945879581610e-01 1.864374756813049760e-01 2.065457463264464000e-02
3.506718270108106772e-01 1.864782452583313432e-01 2.025155782699583629e-02
3.506841390952470938e-01 1.865075111389160600e-01 1.991087257862089732e-02
3.506533383950594107e-01 1.865218162536621538e-01 1.944793820381163219e-02
3.506596695259216467e-01 1.863573670387268510e-01 1.901049971580504039e-02
3.506293167918923537e-01 1.865365386009216753e-01 1.874153375625609019e-02
3.506045473366979359e-01 1.866350054740906206e-01 1.815910696983336070e-02
3.506176044791939894e-01 1.862885236740112749e-01 1.810313820838926890e-02
3.506159001588824431e-01 1.861082196235657182e-01 1.803405642509459117e-02
3.505510521680119673e-01 1.864047527313232866e-01 1.739181637763975719e-02
3.505378208681944052e-01 1.864642977714539018e-01 1.732350945472715953e-02
3.505540435761216322e-01 1.863424658775330034e-01 1.711405873298643687e-02
3.505472067371013800e-01 1.862375617027283159e-01 1.693052113056181529e-02
3.505211809277537505e-01 1.862348198890686479e-01 1.687300264835356334e-02
3.505190835893157164e-01 1.860239982604980913e-01 1.688303112983702281e-02
3.504738473892214934e-01 1.860935568809509721e-01 1.669775009155272105e-02
3.504759698733690976e-01 1.859601616859436479e-01 1.666082501411436656e-02
3.504882279410961310e-01 1.858190774917602983e-01 1.665650367736815074e-02
3.504954410344365279e-01 1.856914639472961870e-01 1.659722685813902476e-02
3.505135375633838812e-01 1.855277299880981889e-01 1.659226477146147349e-02
3.505375470593574683e-01 1.850101232528688078e-01 1.679767727851869119e-02
3.505545818805698155e-01 1.847529888153076616e-01 1.682899951934813121e-02
3.505527397245171706e-01 1.847655653953552690e-01 1.681831538677214244e-02
3.506385899707678000e-01 1.844141960144043413e-01 1.695866942405699351e-02
3.506651857495310942e-01 1.841944336891174760e-01 1.702912211418150523e-02
3.506115546077492318e-01 1.840448260307312456e-01 1.706980228424070933e-02
3.506351869180801550e-01 1.838005065917969194e-01 1.711084008216856578e-02
3.506415925547483603e-01 1.837367892265320268e-01 1.710780024528502086e-02
3.506383068487051169e-01 1.837959766387939897e-01 1.702915191650389293e-02
3.506822336092594306e-01 1.835060000419617143e-01 1.707397460937498668e-02
3.506953121721747557e-01 1.834174275398254839e-01 1.706096589565275767e-02
3.506879668310288189e-01 1.835101127624513273e-01 1.688303112983702281e-02
3.506876129284504096e-01 1.834874033927917925e-01 1.671265125274656871e-02
3.506430603191259543e-01 1.835328221321106401e-01 1.660542249679564097e-02
3.506319813057783841e-01 1.835528492927551714e-01 1.658581256866456521e-02
3.506435939669612090e-01 1.834595084190369096e-01 1.659084916114805797e-02
3.506651606038215796e-01 1.834220170974731889e-01 1.651075541973112681e-02
3.506822298839690766e-01 1.833953142166138139e-01 1.651065111160276988e-02
3.507058882713320891e-01 1.833898901939392534e-01 1.648308396339415172e-02
3.507408529147509335e-01 1.832824230194092241e-01 1.643197298049925426e-02
3.507448566704991499e-01 1.832432031631470171e-01 1.641453862190245250e-02
3.509852375462654273e-01 1.821331262588501421e-01 1.641307830810545543e-02
3.502709773927930037e-01 1.843399286270142046e-01 1.645359456539152720e-02
3.482202414050701300e-01 1.918200731277466264e-01 1.831056237220762828e-02
3.444134617783132235e-01 1.990745544433594194e-01 2.295406222343443492e-02
3.384371316386389772e-01 2.064647555351257768e-01 2.995045542716978648e-02
3.171641306579116026e-01 2.218053221702576128e-01 5.157704710960386851e-02
3.017537632584574858e-01 2.304571747779847746e-01 6.504479110240934947e-02
2.679524385929110686e-01 2.462465643882751909e-01 8.895623743534086802e-02
2.008181774616243365e-01 2.771364927291869451e-01 1.253430849313735829e-01
1.401608252525332055e-01 3.081059336662291814e-01 1.524509048461913929e-01
7.932430148124719471e-02 3.406585931777953435e-01 1.750256238877773152e-01
2.618187308311481498e-02 3.711154639720915527e-01 1.928260481357574330e-01
1.821216344833564982e-03 3.857009291648863525e-01 2.002125388383865223e-01
-2.028522253036479928e-02 3.989732444286345214e-01 2.070089137554168568e-01
-5.636921882629375435e-02 4.208953261375426025e-01 2.169893613457679615e-01
-7.138547658920263439e-02 4.317845284938811035e-01 2.208361333608627186e-01
-9.351125717163072393e-02 4.486571729183195800e-01 2.257697588205337391e-01
-1.102299726009366987e-01 4.630788743495939386e-01 2.286104267835616932e-01
-1.161264216899869917e-01 4.681503951549528253e-01 2.297257786989211903e-01
-1.302399969100950239e-01 4.807466447353361261e-01 2.321413239836692677e-01
-1.335348224639890113e-01 4.843910813331602228e-01 2.326346045732498036e-01
-1.381924188137053089e-01 4.895282268524169256e-01 2.332043132185936118e-01
-1.408531999588011341e-01 4.925355494022367608e-01 2.335285848379134999e-01
-1.429813241958616810e-01 4.958174705505369317e-01 2.336140951514243946e-01
-1.444073057174681263e-01 4.979716718196867120e-01 2.330361834168434010e-01
-1.449118292331694202e-01 4.987928748130796563e-01 2.328325068950653221e-01
-1.446591353416441517e-01 4.980547010898588312e-01 2.327081641554832325e-01
-1.451578772068022327e-01 4.979481279850004327e-01 2.327171868085861073e-01
-1.449231839179990766e-01 4.971257925033567560e-01 2.324144995212554798e-01
-1.443235909938810901e-01 4.961215138435361993e-01 2.323242133855819569e-01
-1.438492274284361438e-01 4.950410008430479181e-01 2.319038069248199330e-01
-1.434621846675871448e-01 4.945277750492094171e-01 2.316939240694045887e-01
-1.431223487854002552e-01 4.937526762485502374e-01 2.316316372156143055e-01
-1.430327332019803999e-01 4.929197013378141534e-01 2.315546727180480824e-01
-1.430613434314726429e-01 4.915922164916990411e-01 2.315753182768821583e-01
-1.449699139595030384e-01 4.918020844459531915e-01 2.313839724659919606e-01
-1.465706562995909290e-01 4.914594471454618585e-01 2.314582771062850819e-01
-1.477565503120421009e-01 4.915899813175200750e-01 2.313262528181075917e-01
-1.488609945774077015e-01 4.922548413276671697e-01 2.310165619850158558e-01
-1.489157414436338978e-01 4.921074092388151300e-01 2.303299313783645497e-01
-1.493351495265959339e-01 4.916345953941343438e-01 2.299082285165786610e-01
-1.499765253067015247e-01 4.915766298770902765e-01 2.298406517505645619e-01
-1.510748898983000355e-01 4.916863918304441583e-01 2.297142824530601368e-01
-1.514305806159971790e-01 4.918899118900297296e-01 2.295173859596252308e-01
-1.513117885589598255e-01 4.917280256748197687e-01 2.292753911018371449e-01
-1.521245574951170521e-01 4.920270621776579034e-01 2.291095858812332020e-01
-1.519995963573454456e-01 4.912298202514646661e-01 2.288696697354316578e-01
-1.524725294113157825e-01 4.908061206340788019e-01 2.286557412147521839e-01
-1.523825860023497181e-01 4.902181804180143487e-01 2.284692010283470021e-01
-1.523599660396574573e-01 4.892795264720914972e-01 2.281149631738662586e-01
-1.523455715179442005e-01 4.892250180244444024e-01 2.279779618978500233e-01
-1.520365512371061878e-01 4.884088218212125909e-01 2.276544800400733815e-01
-1.517673766613005237e-01 4.878457069396970880e-01 2.274635291099548207e-01
-1.513929402828214643e-01 4.871475875377653253e-01 2.274935922026634083e-01
-1.518213188648221967e-01 4.873015165328977716e-01 2.275803318619727955e-01
-1.527549064159391401e-01 4.874698996543882501e-01 2.275739392638206349e-01
-1.531039512157438276e-01 4.866211295127866876e-01 2.279064065217971669e-01
-1.533323860168455122e-01 4.864658594131467950e-01 2.280292144417762623e-01
-1.533782517910001753e-01 4.862334012985227716e-01 2.280407330393791066e-01
-1.536943650245664594e-01 4.861261427402494562e-01 2.282595118880271778e-01
-1.537799274921415327e-01 4.858382821083068182e-01 2.283776110410690174e-01
-1.537925934791563032e-01 4.857135891914365899e-01 2.283873414993286000e-01
-1.541813945770261762e-01 4.858186125755308282e-01 2.284379532933235035e-01
-1.544375455379484174e-01 4.857693493366239679e-01 2.285568943619727955e-01
-1.546647882461545942e-01 4.858619153499601495e-01 2.286042279005050526e-01
-1.548693215847013471e-01 4.856971681118009698e-01 2.287056899070739613e-01
-1.548988854885099409e-01 4.856057047843931329e-01 2.287406778335571156e-01
-1.551330423355100629e-01 4.856773495674131524e-01 2.287827438116073475e-01
-1.552933788299558637e-01 4.857509613037107599e-01 2.288350766897201405e-01
-1.559857463836668012e-01 4.864878535270689142e-01 2.290515160560607777e-01
-1.561155951023099897e-01 4.867431402206419122e-01 2.290616190433502064e-01
-1.564552819728849409e-01 4.871317028999326837e-01 2.291959753632545338e-01
-1.568320727348326282e-01 4.877417564392088067e-01 2.293069294095039234e-01
-1.569274103641508655e-01 4.886953413486478937e-01 2.294076016545295582e-01
-1.569324767589567737e-01 4.890936195850370538e-01 2.294446161389350758e-01
-1.567685043811796741e-01 4.895166635513303888e-01 2.294925084710121022e-01
-1.568551695346830921e-01 4.903962194919585516e-01 2.295867657661437855e-01
-1.566773688793181019e-01 4.905708014965055597e-01 2.296200773119926319e-01
-1.562985217571257190e-01 4.909249126911161554e-01 2.296531355381011830e-01
-1.562917864322660999e-01 4.913041770458219659e-01 2.296805387735366688e-01
-1.561609840393065052e-01 4.918558478355405938e-01 2.297340339422225819e-01
-1.560383176803586958e-01 4.921266317367553045e-01 2.298119819164275990e-01
-1.556375360488890247e-01 4.924559772014616144e-01 2.298583319783210621e-01
-1.555626428127287464e-01 4.960406005382536065e-01 2.306434741616248951e-01
-1.555888688564299738e-01 4.961488127708433282e-01 2.306685081124305592e-01
-1.537002062797545032e-01 4.955539584159849298e-01 2.304688847064971791e-01
-1.324659919738768177e-01 5.005941867828367364e-01 2.384779682755470143e-01
-1.125685608386992054e-01 5.086196243762968194e-01 2.578299573063850270e-01
-9.578049540519700811e-02 5.133142054080961358e-01 2.838003641366958485e-01
-8.991736531257615850e-02 5.136704027652738702e-01 2.968824586272239552e-01
-8.506027221679673955e-02 5.134291231632230890e-01 3.105932033061981068e-01
-7.799050569534288213e-02 5.114282846450803888e-01 3.341195142269134388e-01
-7.596922278404222295e-02 5.090935707092283380e-01 3.446383631229400502e-01
-7.449591517448411748e-02 5.046303153038023126e-01 3.614981031417846546e-01
-7.485702991485587710e-02 5.017462849617002618e-01 3.761686837673187123e-01
-7.561317443847642705e-02 5.008804380893705499e-01 3.823859250545501576e-01
-7.658884286880479619e-02 4.988861858844755859e-01 3.932765877246856556e-01
-7.754469275474534795e-02 4.977834403514860839e-01 4.018467372655868397e-01
-7.776493191719041631e-02 4.974051296710966796e-01 4.049841320514678822e-01
-7.810879111289964483e-02 4.972280740737913818e-01 4.108922338485717640e-01
-7.805988550186143682e-02 4.968823969364165039e-01 4.129875457286834584e-01
-7.770577430725084112e-02 4.970025599002836914e-01 4.163091337680816517e-01
-7.685923933982835576e-02 4.975527107715605468e-01 4.190009242296218739e-01
-7.641685366630546206e-02 4.975778937339780383e-01 4.206199204921722279e-01
-7.624271869659410283e-02 4.984657049179077037e-01 4.224233037233352528e-01
-7.607859730720512026e-02 4.987857520580290527e-01 4.232458031177520619e-01
-7.566377878189073369e-02 4.992447376251219482e-01 4.246035373210906849e-01
-7.582876443862907045e-02 5.003187835216520440e-01 4.263895308971404896e-01
-7.565915942192064092e-02 5.013245224952695978e-01 4.282427436113357411e-01
-7.566106677055339791e-02 5.017427384853361261e-01 4.289025223255157337e-01
-7.503503918647752569e-02 5.025265693664549005e-01 4.304971253871917591e-01
-7.380268335342393682e-02 5.033549547195432794e-01 4.317836320400237904e-01
-7.331598162651048467e-02 5.038817107677457940e-01 4.329006677865981922e-01
-7.251692175865159795e-02 5.046780586242674005e-01 4.333245611190795765e-01
-7.227507591247545049e-02 5.049120962619779718e-01 4.334708309173583851e-01
-7.170313954353318975e-02 5.052999138832090509e-01 4.338036036491393910e-01
-7.121369600296006963e-02 5.051388621330259454e-01 4.341297602653503285e-01
-7.001781821250901983e-02 5.046265006065366876e-01 4.347501254081725941e-01
-6.989419817924485967e-02 5.045319676399229181e-01 4.351094818115234242e-01
-6.987992286682115362e-02 5.044484913349149835e-01 4.355397826433181629e-01
-6.949612855911241338e-02 5.042816579341886651e-01 4.361181563138961659e-01
-6.915721654891959780e-02 5.040140330791471612e-01 4.364218270778655873e-01
-6.876123309135423467e-02 5.037363946437833917e-01 4.371939009428024159e-01
-6.858161449432359502e-02 5.037273347377775323e-01 4.376254236698150502e-01
-6.834280848503099248e-02 5.037231624126432550e-01 4.379585242271423207e-01
-6.814313292503337838e-02 5.034531831741331231e-01 4.387116587162017689e-01
-6.814533829689012334e-02 5.034368813037870538e-01 4.387391662597656117e-01
-6.818157792091356084e-02 5.034004628658292901e-01 4.386665230989456044e-01
-6.826144814491258428e-02 5.034190297126768243e-01 4.386230862140655384e-01
