4.383414500951768877e-01 4.991249620914460228e-01 3.352799570560455189e-01
4.383414500951768877e-01 4.991249620914460228e-01 3.352799570560455189e-01
4.383414500951768877e-01 4.991249620914460228e-01 3.352799570560455189e-01
4.383414500951768877e-01 4.991249620914460228e-01 3.352799570560455189e-01
4.383414500951768877e-01 4.991249620914460228e-01 3.352799570560455189e-01
4.383414500951768877e-01 4.991249620914459117e-01 3.352799570560455189e-01
4.383414500951768877e-01 4.991249620914460228e-01 3.352799570560455189e-01
4.383414500951768877e-01 4.991249620914460228e-01 3.352799570560455189e-01
4.383414500951768877e-01 4.991249620914460228e-01 3.352799570560455189e-01
4.383414500951768877e-01 4.991249620914460228e-01 3.352799570560455189e-01
4.383414500951768877e-01 4.991249620914460228e-01 3.352799570560455189e-01
4.383414500951768877e-01 4.991249620914460228e-01 3.352799570560455189e-01
4.383414500951768877e-01 4.991249620914460228e-01 3.352799570560455189e-01
4.383414500951768877e-01 4.991249620914460228e-01 3.352799570560455189e-01
4.383413755893709185e-01 4.991252005100251243e-01 3.352798974514007435e-01
4.383413755893709185e-01 4.991252005100251243e-01 3.352798974514007435e-01
4.383414500951768877e-01 4.991249620914460228e-01 3.352799570560455189e-01
4.383414500951768877e-01 4.991249620914460228e-01 3.352799570560455189e-01
4.383414500951768877e-01 4.991249620914460228e-01 3.352799570560455189e-01
4.383414500951768877e-01 4.991249620914460228e-01 3.352799570560455189e-01
4.383414500951768877e-01 4.991249620914460228e-01 3.352799570560455189e-01
4.383414500951768877e-01 4.991249620914460228e-01 3.352799570560455189e-01
4.383414500951768877e-01 4.991249620914460228e-01 3.352799570560455189e-01
4.383414500951768877e-01 4.991249620914460228e-01 3.352799570560455189e-01
4.383414500951768877e-01 4.991249620914460228e-01 3.352799570560455189e-01
4.383414500951768877e-01 4.991249620914460228e-01 3.352799570560455189e-01
4.383414500951768877e-01 4.991249620914460228e-01 3.352799570560455189e-01
4.383414500951768877e-01 4.991249620914460228e-01 3.352799570560455189e-01
4.383413755893709185e-01 4.991252303123475120e-01 3.352799496054649220e-01
4.383414500951768877e-01 4.991249620914460228e-01 3.352799570560455189e-01
4.383414500951768877e-01 4.991249620914460228e-01 3.352799570560455189e-01
4.383414500951768877e-01 4.991249620914460228e-01 3.352799570560455189e-01
4.383414500951768877e-01 4.991249620914460228e-01 3.352799570560455189e-01
4.383414500951768877e-01 4.991249620914459117e-01 3.352799570560455189e-01
4.383414500951768877e-01 4.991249620914460228e-01 3.352799570560455189e-01
4.383414500951768877e-01 4.991249620914460228e-01 3.352799570560455189e-01
4.383414500951768877e-01 4.991249620914460228e-01 3.352799570560455189e-01
4.383414500951768877e-01 4.991249620914460228e-01 3.352799570560455189e-01
4.383414500951767767e-01 4.991249620914460228e-01 3.352799570560455189e-01
4.383414500951768877e-01 4.991249620914460228e-01 3.352799570560455189e-01
4.383414500951768877e-01 4.991249620914460228e-01 3.352799570560455189e-01
4.383414500951767767e-01 4.991249620914460228e-01 3.352799570560455189e-01
4.383414500951768877e-01 4.991249620914460228e-01 3.352799570560455189e-01
4.383414500951768877e-01 4.991249620914460228e-01 3.352799570560455189e-01
4.383414500951768877e-01 4.991249620914460228e-01 3.352799570560455189e-01
4.383414500951768877e-01 4.991249620914460228e-01 3.352799570560455189e-01
4.383414500951768877e-01 4.991249620914460228e-01 3.352799570560455189e-01
4.383414500951768877e-01 4.991249620914460228e-01 3.352799570560455189e-01
4.383413755893709185e-01 4.991252005100251243e-01 3.352798974514007435e-01
4.383414500951767767e-01 4.991249620914460228e-01 3.352799570560455189e-01
4.383414500951768877e-01 4.991249620914460228e-01 3.352799570560455189e-01
4.383414500951768877e-01 4.991249620914460228e-01 3.352799570560455189e-01
4.383414500951768877e-01 4.991249620914460228e-01 3.352799570560455189e-01
4.383414500951768877e-01 4.991249620914460228e-01 3.352799570560455189e-01
4.383414500951768877e-01 4.991249620914460228e-01 3.352799570560455189e-01
4.383414500951768877e-01 4.991249620914460228e-01 3.352799570560455189e-01
4.383414500951768877e-01 4.991249620914460228e-01 3.352799570560455189e-01
4.383414500951768877e-01 4.991249620914460228e-01 3.352799570560455189e-01
4.383414500951768877e-01 4.991249620914460228e-01 3.352799570560455189e-01
4.383414500951768877e-01 4.991249620914460228e-01 3.352799570560455189e-01
4.383414500951768877e-01 4.991249620914460228e-01 3.352799570560455189e-01
4.383414500951768877e-01 4.991249620914460228e-01 3.352799570560455189e-01
4.383414500951767767e-01 4.991249620914460228e-01 3.352799570560455189e-01
4.383414500951768877e-01 4.991249620914460228e-01 3.352799570560455189e-01
4.383414500951768877e-01 4.991249620914460228e-01 3.352799570560455189e-01
4.383414500951767767e-01 4.991249620914460228e-01 3.352799570560455189e-01
4.383414500951768877e-01 4.991249620914460228e-01 3.352799570560455189e-01
4.383414500951767767e-01 4.991249620914460228e-01 3.352799570560455189e-01
4.383414500951768877e-01 4.991249620914460228e-01 3.352799570560455189e-01
4.383414500951768877e-01 4.991249620914460228e-01 3.352799570560455189e-01
4.383414500951767767e-01 4.991249620914460228e-01 3.352799570560455189e-01
4.383413755893708075e-01 4.991252005100251243e-01 3.352798974514007435e-01
4.383414500951768877e-01 4.991249620914460228e-01 3.352799570560455189e-01
4.383414500951768877e-01 4.991249620914460228e-01 3.352799570560455189e-01
4.383414500951768877e-01 4.991249620914460228e-01 3.352799570560455189e-01
4.383413755893709185e-01 4.991252005100251243e-01 3.352798974514007435e-01
4.383414500951768877e-01 4.991249620914460228e-01 3.352799570560455189e-01
4.383414500951768877e-01 4.991249620914460228e-01 3.352799570560455189e-01
4.383413755893709185e-01 4.991252005100251243e-01 3.352798974514007435e-01
4.383414798974992754e-01 4.991248428821564720e-01 3.352800762653350697e-01
4.383413979411127093e-01 4.991251111030579612e-01 3.352799794077873097e-01
4.383413979411127093e-01 4.991251111030579612e-01 3.352799794077873097e-01
4.383414500951768877e-01 4.991249620914460228e-01 3.352799570560455189e-01
4.383414500951768877e-01 4.991249620914460228e-01 3.352799570560455189e-01
4.383414798974992754e-01 4.991248428821564720e-01 3.352800762653350697e-01
4.383414798974992754e-01 4.991248428821564720e-01 3.352800762653350697e-01
4.383414798974992754e-01 4.991248428821564720e-01 3.352800762653350697e-01
4.383414500951768877e-01 4.991249620914460228e-01 3.352799570560455189e-01
4.383414798974992754e-01 4.991248428821564720e-01 3.352800762653350697e-01
4.383414798974992754e-01 4.991248428821564720e-01 3.352800762653350697e-01
4.383414798974992754e-01 4.991248428821564720e-01 3.352800762653350697e-01
4.390976914763452532e-01 4.982104182243348167e-01 3.352818495035171376e-01
4.446782284975053789e-01 4.940300464630127952e-01 3.343397235870361195e-01
4.587166422605516436e-01 4.779917180538178489e-01 3.294440886378288136e-01
4.762987011671067639e-01 4.544148325920105980e-01 3.201182490587234364e-01
4.860894942283632836e-01 4.404315233230591820e-01 3.132898589968681202e-01
5.071224385499956133e-01 4.089460551738740013e-01 2.962492337822913990e-01
5.267268979549409869e-01 3.791835486888886497e-01 2.763197949528694020e-01
5.461354368925096514e-01 3.601802766323091154e-01 2.563769003748893605e-01
5.543102437257768633e-01 3.547923743724824552e-01 2.462850889563560353e-01
5.694698059558870318e-01 3.437208712100984220e-01 2.283417439460754261e-01
5.810698384046556475e-01 3.410346984863282804e-01 2.204251816868781910e-01
6.037394666671755949e-01 3.350414514541627531e-01 2.032124257087707386e-01
6.153795385360720793e-01 3.334116220474244718e-01 1.942898041009902821e-01
6.393561625480654875e-01 3.319088101387025480e-01 1.761252103745937214e-01
6.694004201889041106e-01 3.375012159347536289e-01 1.605941510200500355e-01
6.836419069767001311e-01 3.407678484916689121e-01 1.530991426110267506e-01
7.125075125694276812e-01 3.491973161697389805e-01 1.384279733896255360e-01
7.411196196079257170e-01 3.608899295330049717e-01 1.226631557941436634e-01
7.550081872940065386e-01 3.668237209320070469e-01 1.151774308085441456e-01
7.688329184055330279e-01 3.740933120250704014e-01 1.068739151954650746e-01
7.957838141918184283e-01 3.902597308158877176e-01 8.977402806282042125e-02
8.070093357563020708e-01 3.995777547359469217e-01 8.094544768333436502e-02
8.088099324703218462e-01 4.119839847087862772e-01 7.180945634841917613e-02
7.851534450054170611e-01 4.253620088100436014e-01 5.540449976921080211e-02
7.683746182918550494e-01 4.239904761314394199e-01 5.312733411788939097e-02
7.486529612541200640e-01 4.200722157955171787e-01 5.280490279197691539e-02
7.029753589630128863e-01 4.076054275035860264e-01 5.641859829425810435e-02
6.606956982612610663e-01 3.955844819545747959e-01 6.448270440101622203e-02
6.436500215530397417e-01 3.902339220046998625e-01 6.918276906013487437e-02
6.192799472808839800e-01 3.813261568546296720e-01 7.705849468708036998e-02
6.112765634059907915e-01 3.775110721588136320e-01 8.083556652069090465e-02
5.992066824436189654e-01 3.718633830547334318e-01 8.743706405162809947e-02
5.949809217453004839e-01 3.688709020614625578e-01 9.056861758232112591e-02
5.920087957382204058e-01 3.658084750175477629e-01 9.359885811805723765e-02
5.890358501672746661e-01 3.631887912750245695e-01 9.645478487014769176e-02
5.841965192556383135e-01 3.584821105003358488e-01 1.019704198837280140e-01
5.823616349697114947e-01 3.560989379882814054e-01 1.039401000738143788e-01
5.808527880907060625e-01 3.535239577293397550e-01 1.064033365249633656e-01
5.727868789434434893e-01 3.564289093017579679e-01 1.092934763431548939e-01
5.692004227638246538e-01 3.560094714164735441e-01 1.113139992952346391e-01
5.699940735101701739e-01 3.556831359863282804e-01 1.126554316282272206e-01
5.719917082786561968e-01 3.442487895488740568e-01 1.181818327307700978e-01
5.744961166381838957e-01 3.313490629196168546e-01 1.238582885265350209e-01
5.759475642442706267e-01 3.248286128044129972e-01 1.270177370309829579e-01
5.767927730083467486e-01 3.179358124732971635e-01 1.302073007822036610e-01
5.784950071573260466e-01 3.037088990211488371e-01 1.372249132394790516e-01
5.792206937074664275e-01 2.964603185653688078e-01 1.408788865804672108e-01
5.804447346925738493e-01 2.890742897987367277e-01 1.449920690059661732e-01
5.790765249729159514e-01 2.717320203781129484e-01 1.514903461933135853e-01
5.771448725461962859e-01 2.639670252799989347e-01 1.537037646770477162e-01
5.751671606302264372e-01 2.568424224853517179e-01 1.553461557626724110e-01
5.713352376222613493e-01 2.469954967498780851e-01 1.567439293861389027e-01
5.696089380979540984e-01 2.432556629180909757e-01 1.569644218683242665e-01
5.673459881544116179e-01 2.380172491073609953e-01 1.572464412450790272e-01
5.721099340915682951e-01 2.342595934867860441e-01 1.608538931608199940e-01
5.799447113275530974e-01 2.308780431747438078e-01 1.676786547899246360e-01
5.845615530014041106e-01 2.298057556152345304e-01 1.708514398336410389e-01
5.890749955177310149e-01 2.278329014778138761e-01 1.752274154126644001e-01
5.985816383361819426e-01 2.254511594772340421e-01 1.832960775494575090e-01
6.029029154777529875e-01 2.244878888130189543e-01 1.869502669572830067e-01
6.076918208599093596e-01 2.234345555305482511e-01 1.909535309672355519e-01
6.169820690155032317e-01 2.215240478515626554e-01 1.988008773326873646e-01
6.211005413532260100e-01 2.206347465515138273e-01 2.025815477967262135e-01
6.207036638259890715e-01 2.207166433334352140e-01 2.027017629146575795e-01
6.153759622573855559e-01 2.206395149230958586e-01 1.992984494566917286e-01
6.074448192119601408e-01 2.194543957710267668e-01 1.930782651901244984e-01
6.027781331539157073e-01 2.194763898849488859e-01 1.891837871074676380e-01
5.982819759845736662e-01 2.199535846710206632e-01 1.852070546150207386e-01
5.914748275280001799e-01 2.196098446846009855e-01 1.785316324234008656e-01
5.869827234745028655e-01 2.197368025779725675e-01 1.735403580963611470e-01
5.850015097856524626e-01 2.195824265480043058e-01 1.703421330451965199e-01
5.841110461950305144e-01 2.193070530891420011e-01 1.694488680362701283e-01
5.834202581644061247e-01 2.186452627182008390e-01 1.687172657251357899e-01
5.882443898916247527e-01 2.194679856300355558e-01 1.706787502765655384e-01
5.909519457817080657e-01 2.204543828964234953e-01 1.717054924368858204e-01
5.988673532009127776e-01 2.213663935661317472e-01 1.763378611207008229e-01
6.062574350833895842e-01 2.225978851318360929e-01 1.807834139466285572e-01
6.143443250656130949e-01 2.245131015777589445e-01 1.847880488634109641e-01
6.185656750202181975e-01 2.256052970886232023e-01 1.867717957496642933e-01
6.273013615608218352e-01 2.276824593544007902e-01 1.914221426844596730e-01
6.308009886741641203e-01 2.288071990013124113e-01 1.929241722822189198e-01
6.279560589790347258e-01 2.283496737480165129e-01 1.909556916356086598e-01
6.192969644069674651e-01 2.269755482673646574e-01 1.851389190554618702e-01
6.104922258853915373e-01 2.255056977272035246e-01 1.786614885926246510e-01
6.068073475360873381e-01 2.249082803726197843e-01 1.759950152039527760e-01
6.007060968875888030e-01 2.239537715911866789e-01 1.714173710346221791e-01
5.980498158931735198e-01 2.232212305068971281e-01 1.694513490796089039e-01
5.960585141181948821e-01 2.228948950767518644e-01 1.676835945248603688e-01
5.926372671127322356e-01 2.228394627571107511e-01 1.644439107179641590e-01
5.902414584159854094e-01 2.231006503105165129e-01 1.618030226230621205e-01
5.869536215066912810e-01 2.244574904441836161e-01 1.578477105498314048e-01
5.855162703990939299e-01 2.249897599220277433e-01 1.561245253682136402e-01
5.837777072191241423e-01 2.258506298065187101e-01 1.533714091777801103e-01
5.823815578222276690e-01 2.259809255599977140e-01 1.517130365967750139e-01
5.813658648729327361e-01 2.263319969177247648e-01 1.500273501873016224e-01
5.808744394779208342e-01 2.263538122177125578e-01 1.494118875265121327e-01
5.796820783615115324e-01 2.265393614768983488e-01 1.479455238580703602e-01
5.784629249572755816e-01 2.269046783447267179e-01 1.459352231025695668e-01
5.773350858688356402e-01 2.271084666252137785e-01 1.439234322309493885e-01
5.765471124649050871e-01 2.271807670593263273e-01 1.428877568244933949e-01
5.752758198976519743e-01 2.270786046981813078e-01 1.416360443830489979e-01
5.742211306095126311e-01 2.273390173912049894e-01 1.399874693155288563e-01
5.730296635627749602e-01 2.274469614028932218e-01 1.387493616342544422e-01
5.721899533271792571e-01 2.273383617401124601e-01 1.382830968499183522e-01
5.709511601924899260e-01 2.275189638137818937e-01 1.371392166614532337e-01
5.704094880819323699e-01 2.275323748588563566e-01 1.367058685421943531e-01
5.687892699241641203e-01 2.275111556053163175e-01 1.355808755755424366e-01
5.678188616037371794e-01 2.273425936698915129e-01 1.350503048300742970e-01
5.673122817277910235e-01 2.272595047950746183e-01 1.347542560100555287e-01
5.661441200971606413e-01 2.271143078804017668e-01 1.339864885807037220e-01
5.652642661333087126e-01 2.267172813415528898e-01 1.336478298902511463e-01
5.647903048992160002e-01 2.265438318252565031e-01 1.334447270631790028e-01
5.644117408990863005e-01 2.263342618942262296e-01 1.333278200030326710e-01
5.631586426496508757e-01 2.256573319435122293e-01 1.331775045394897605e-01
5.666533970832827727e-01 2.275210499763490324e-01 1.349423906207084523e-01
5.688181632757189909e-01 2.286534190177919035e-01 1.359931609034538136e-01
5.740144068002703825e-01 2.310762286186219816e-01 1.393558537960052357e-01
5.795243048667909624e-01 2.337930679321290617e-01 1.430300554633140431e-01
5.862567687034609953e-01 2.365522265434266691e-01 1.474626815319061146e-01
5.934961104393008391e-01 2.391101002693177824e-01 1.523729047179221974e-01
5.972245001792910735e-01 2.401657581329347257e-01 1.550613647699355946e-01
5.953499937057498137e-01 2.473543167114259367e-01 1.586851185560226307e-01
5.895778053998950163e-01 2.509031772613526945e-01 1.612854009866714344e-01
5.866637790203097502e-01 2.488938450813295011e-01 1.639390444755554066e-01
5.785554462671281817e-01 2.404817819595338468e-01 1.707482790946960316e-01
5.749461168050769011e-01 2.314690232276918058e-01 1.746963678300380851e-01
5.728763902187350432e-01 2.231624603271485929e-01 1.777195005118846760e-01
5.709043854475024382e-01 2.107904434204103117e-01 1.818081146478652821e-01
5.728673005104067961e-01 2.050571322441102629e-01 1.845901688933372364e-01
5.754453206062319914e-01 1.925792574882508879e-01 1.881424269080161915e-01
5.792904758453372160e-01 1.857833743095399504e-01 1.913552588224410878e-01
5.865197294950488249e-01 1.703200817108155851e-01 1.976118987798690663e-01
5.930574202537539641e-01 1.558922410011293058e-01 2.053511372208595143e-01
5.975516402721408049e-01 1.438088297843934660e-01 2.136642566323280201e-01
5.991835856437686125e-01 1.392119407653810148e-01 2.166080182790756092e-01
6.025582218170169035e-01 1.298982977867128019e-01 2.237938424944877491e-01
6.053822004795077483e-01 1.229886293411256437e-01 2.309891065955161915e-01
6.073055231571200530e-01 1.213541507720949930e-01 2.333998984098434315e-01
6.107884609699252287e-01 1.207901120185853605e-01 2.372511407732963429e-01
6.127294564247134367e-01 1.219279646873475675e-01 2.405677741765975819e-01
6.149788463115695158e-01 1.249492645263673429e-01 2.430839470028877125e-01
6.156474614143374602e-01 1.270727992057801847e-01 2.435934177041053639e-01
6.165473425388339201e-01 1.283833861351014738e-01 2.447989588975906239e-01
6.182099843025210539e-01 1.314079046249391203e-01 2.464888846874236927e-01
6.188062095642092864e-01 1.335656523704530363e-01 2.464220753312110768e-01
6.203436815738680998e-01 1.355117440223695402e-01 2.479354968667030201e-01
6.185364985466006438e-01 1.382175564765931730e-01 2.484083032608032093e-01
6.186141932010653655e-01 1.391786217689515714e-01 2.490459537506103382e-01
6.182880663871768157e-01 1.407635688781739836e-01 2.505083388090133534e-01
6.180452668666842619e-01 1.416706919670106535e-01 2.507295539975166188e-01
6.176188850402835051e-01 1.427760601043702726e-01 2.511094516515731678e-01
6.173144841194155852e-01 1.431798815727235441e-01 2.513905844092368946e-01
6.170156562328341643e-01 1.437482118606568937e-01 2.515507420897483692e-01
6.167526805400851408e-01 1.441867828369142179e-01 2.521344503760337696e-01
6.165377163887026946e-01 1.441200256347657804e-01 2.523873603343963490e-01
6.163801813125613371e-01 1.437993526458741789e-01 2.527435055375099049e-01
6.163375341892245451e-01 1.430553674697877531e-01 2.535623094439506398e-01
6.163035595417025725e-01 1.427307605743409757e-01 2.538434198498725758e-01
6.163563692569735686e-01 1.417626023292543058e-01 2.547826549410819874e-01
6.162891352176669280e-01 1.406416177749635343e-01 2.558683684468269215e-01
6.162184441089633147e-01 1.401927947998048429e-01 2.562359875440597401e-01
6.161911749839785735e-01 1.399755954742433195e-01 2.564488506317138539e-01
6.161165797710421721e-01 1.399293422698976164e-01 2.565629264712333546e-01
6.161211097240451018e-01 1.397407531738282804e-01 2.567676162719726429e-01
6.160769426822665373e-01 1.391419649124147062e-01 2.573958119750022755e-01
6.160424017906191985e-01 1.389984965324403410e-01 2.575252807140350209e-01
6.159569883346560637e-01 1.387976884841920500e-01 2.576747095584869252e-01
6.157549583911898772e-01 1.383415341377259855e-01 2.580262205004691944e-01
6.156491005420687834e-01 1.379065394401551847e-01 2.581836885213851795e-01
6.156285667419436614e-01 1.376515507698060636e-01 2.583360901474952565e-01
6.157247984409335295e-01 1.369009494781495695e-01 2.585820040106773243e-01
6.157647931575778166e-01 1.364959359169006792e-01 2.586369147896766529e-01
6.157746577262881438e-01 1.357827067375184660e-01 2.588249748945236073e-01
6.156111323833468596e-01 1.352533578872682218e-01 2.589370241761207447e-01
6.155828797817233244e-01 1.351003527641297941e-01 2.589512994885444508e-01
6.153714919090274016e-01 1.348478078842164640e-01 2.590756571292877064e-01
6.152006649971011321e-01 1.347411751747132902e-01 2.591265520453452931e-01
6.150032246112826506e-01 1.346846699714662199e-01 2.590639150142669545e-01
6.149065756797793547e-01 1.348780274391175871e-01 2.588504186272621022e-01
6.147903168201449553e-01 1.349759578704835539e-01 2.588597020506858692e-01
6.147653126716616789e-01 1.350799679756166105e-01 2.588548219203948841e-01
6.147856676578524748e-01 1.350408673286439543e-01 2.588582268357276783e-01
6.147467756271365324e-01 1.351067900657656473e-01 2.588440632820129261e-01
6.147255861759188811e-01 1.352296352386476164e-01 2.588696187734603749e-01
6.146755182743075530e-01 1.353554010391236906e-01 2.588032415509223805e-01
6.146022343635562102e-01 1.354398012161256437e-01 2.587703248858451710e-01
6.144995951652529875e-01 1.356608152389526811e-01 2.587608924508094654e-01
6.144550704956057707e-01 1.357567191123963957e-01 2.587163230776786671e-01
6.143683159351351897e-01 1.359121680259706144e-01 2.586247405409812794e-01
6.141800844669345061e-01 1.362243771553041105e-01 2.584317332506179676e-01
6.141273343563082854e-01 1.363449573516847257e-01 2.583259722590446339e-01
6.139395499229434172e-01 1.365680575370790129e-01 2.581697708368301258e-01
6.139181220531466643e-01 1.366553187370301847e-01 2.581622233986854420e-01
6.138901972770693938e-01 1.367152810096742277e-01 2.581807231903076039e-01
6.138185822963717619e-01 1.368350267410279875e-01 2.581696963310241566e-01
6.136406922340396086e-01 1.374083638191224699e-01 2.575705578923225270e-01
6.136628949642184416e-01 1.375216126441957121e-01 2.574826931953430043e-01
6.136514508724215666e-01 1.375252485275270109e-01 2.575638225674629078e-01
6.134492421150210539e-01 1.379739522933961515e-01 2.570709443092346058e-01
6.133186781406405608e-01 1.382524847984315519e-01 2.567614695429801808e-01
6.132247710227969328e-01 1.385139703750611906e-01 2.565482935309409962e-01
6.129922831058505217e-01 1.387283086776734953e-01 2.563305652141570912e-01
6.129407250881198088e-01 1.388188481330873136e-01 2.562507545948028431e-01
6.128457450866702239e-01 1.390744924545289640e-01 2.560537090897559986e-01
6.126652026176455657e-01 1.394927978515626554e-01 2.555820053815841542e-01
6.126164162158969084e-01 1.394338488578797941e-01 2.555631554126739369e-01
6.124870145320895354e-01 1.393715620040895109e-01 2.556028148531913624e-01
6.123795175552371184e-01 1.394421339035035734e-01 2.555760300159454212e-01
6.123005115985873381e-01 1.393257260322572355e-01 2.556902250647544728e-01
6.122275555133822600e-01 1.392702341079713468e-01 2.557384079694747792e-01
6.121101641654971282e-01 1.391218185424806242e-01 2.558298414945602284e-01
6.120932662487033049e-01 1.390675187110902433e-01 2.558292379975318775e-01
6.120281183719638030e-01 1.389424681663514738e-01 2.558884328603744374e-01
6.120792591571810881e-01 1.385986089706422453e-01 2.559710225462913380e-01
6.120134258270266692e-01 1.385133147239686613e-01 2.559897682070731983e-01
6.120312178134921233e-01 1.383597731590272550e-01 2.561815014481544361e-01
6.119943225383761565e-01 1.383420109748841886e-01 2.560783109068870411e-01
6.119993293285372893e-01 1.383358716964723234e-01 2.559651216864585743e-01
6.120385491847994963e-01 1.382474184036257547e-01 2.559409072995185719e-01
6.120530927181246916e-01 1.378092050552369718e-01 2.560434421896934376e-01
6.120429003238680998e-01 1.377507925033570890e-01 2.558721980452537403e-01
6.120154523849490324e-01 1.377620577812196379e-01 2.556517726182937489e-01
6.120221281051638762e-01 1.377584218978883390e-01 2.554470232129096852e-01
6.119343900680545012e-01 1.379124999046327238e-01 2.552055126428603993e-01
6.118474864959719817e-01 1.381212353706361418e-01 2.549406668543815480e-01
6.118393504619601408e-01 1.382242918014527921e-01 2.546853652596473561e-01
6.117949151992800871e-01 1.383108377456666593e-01 2.546196138858795033e-01
6.116033756732943694e-01 1.387699723243714933e-01 2.541971436142921315e-01
6.116473937034609953e-01 1.387600779533387785e-01 2.541830471158027516e-01
6.116352343559268157e-01 1.388279080390931730e-01 2.541169083118438587e-01
6.114698612689974944e-01 1.392501473426820402e-01 2.538658460974693165e-01
6.114567482471469084e-01 1.393514752388002043e-01 2.538402831554412709e-01
6.113589072227481047e-01 1.398198485374452238e-01 2.534686332941055165e-01
6.113052332401278655e-01 1.399214744567872648e-01 2.533579474687576161e-01
6.111924910545352141e-01 1.400487303733827238e-01 2.532774141430854664e-01
6.111569368839266936e-01 1.402132987976075773e-01 2.531907266378402577e-01
6.111008489131930510e-01 1.403571844100953703e-01 2.530510282516479359e-01
6.109219455718997160e-01 1.405484557151795988e-01 2.528227350115775929e-01
6.108906233310702483e-01 1.405343890190126066e-01 2.528426131606101857e-01
6.107341909408572356e-01 1.404160141944886808e-01 2.529455354809760914e-01
6.105783545970919768e-01 1.403094410896302824e-01 2.531538909673690663e-01
6.105300748348239104e-01 1.402766585350038175e-01 2.531666761636733876e-01
6.104252600669863860e-01 1.402945995330812101e-01 2.531024670600890980e-01
6.103219652175906340e-01 1.401948213577272062e-01 2.532421281933784352e-01
6.101309621334078948e-01 1.401584029197694425e-01 2.532276740670204029e-01
6.099503898620608489e-01 1.402848839759828214e-01 2.531193053722381459e-01
6.099772119522097746e-01 1.402771353721620207e-01 2.532425007224082814e-01
6.099841558933261076e-01 1.401959538459779386e-01 2.533392167091369496e-01
6.098271572589877287e-01 1.401837348937990946e-01 2.534096246957778797e-01
6.097051465511325041e-01 1.402041196823121671e-01 2.533905735611915455e-01
6.096971297264102141e-01 1.401834368705751066e-01 2.534468701481819020e-01
6.096327865123751799e-01 1.402753472328187589e-01 2.534886455535888539e-01
6.094573700428012053e-01 1.404734730720521574e-01 2.533269232511520253e-01
6.094728374481204192e-01 1.404954075813295011e-01 2.532956084609031544e-01
6.093199515342715422e-01 1.410952687263490324e-01 2.526886320114135609e-01
6.092991495132449309e-01 1.412322998046876554e-01 2.525551995635032521e-01
6.093206071853640715e-01 1.412379622459413175e-01 2.525029411911964283e-01
6.093693637847903410e-01 1.410826921463014250e-01 2.526906809210777149e-01
6.093490087985995451e-01 1.411456942558290129e-01 2.526985189318656788e-01
6.092562043666842619e-01 1.412947058677674894e-01 2.526026150584220753e-01
6.092454755306246916e-01 1.413214087486268644e-01 2.526461786031722889e-01
6.092740261554721037e-01 1.413186669349671964e-01 2.527224501967429982e-01
6.092838609218600432e-01 1.412820696830751066e-01 2.529602205753326283e-01
6.092696452140811125e-01 1.412287235260011320e-01 2.529916545748710499e-01
6.092298889160159270e-01 1.411636948585511808e-01 2.531058645248412953e-01
6.091960334777835051e-01 1.411911725997926359e-01 2.531826055049896107e-01
6.091725790500643889e-01 1.412086367607118254e-01 2.534242948889732228e-01
6.091802978515628020e-01 1.411409854888917570e-01 2.535728669166564808e-01
6.092059576511386076e-01 1.409515619277955656e-01 2.539120844006538258e-01
6.091970169544222991e-01 1.409337401390077238e-01 2.539452543854713307e-01
6.092337334156039397e-01 1.408902287483216886e-01 2.540706849098205433e-01
6.092634463310244719e-01 1.407961130142213468e-01 2.542132443189620838e-01
6.092610025405886809e-01 1.407983779907228117e-01 2.542030817270278797e-01
6.092785561084750334e-01 1.407645821571351652e-01 2.543299204111099110e-01
6.092170739173892180e-01 1.408983349800111418e-01 2.541838517785072193e-01
6.092594528198245207e-01 1.408193588256837492e-01 2.541213116049766407e-01
6.093687975406649748e-01 1.405910730361940031e-01 2.541416963934898243e-01
6.093858146667483489e-01 1.405335545539857511e-01 2.542007198929786549e-01
6.094109380245211760e-01 1.403856754302980070e-01 2.543688198924064503e-01
6.094360017776492278e-01 1.403593897819519487e-01 2.542538127303123341e-01
6.094635689258578459e-01 1.404099941253663664e-01 2.541717371344566212e-01
6.095054709911349455e-01 1.404022455215456766e-01 2.541854014992713795e-01
6.096853280067446867e-01 1.401622772216798429e-01 2.541733986139297352e-01
6.098012590408328215e-01 1.400175571441651945e-01 2.541595405340194569e-01
6.098792219161990324e-01 1.399537801742555265e-01 2.541349387168884144e-01
6.100293660163882414e-01 1.397497534751893644e-01 2.540371349453925953e-01
6.100937688350680510e-01 1.395983576774598722e-01 2.540940052270889149e-01
6.102066600322726408e-01 1.394433856010438566e-01 2.539015045762061940e-01
6.102741920948031584e-01 1.394229412078858976e-01 2.537316685914993153e-01
6.103611850738528410e-01 1.392627239227297586e-01 2.536919271945953236e-01
6.104565227031710783e-01 1.391426205635072355e-01 2.535008421540260182e-01
6.104678177833560149e-01 1.392508029937745695e-01 2.532726755738258229e-01
6.105056965351107756e-01 1.393594026565553312e-01 2.529299116134643421e-01
6.105492079257968108e-01 1.394019007682801847e-01 2.527747756242751942e-01
6.105944478511813323e-01 1.393939137458802824e-01 2.527299976348876820e-01
6.105786824226382414e-01 1.395106196403504972e-01 2.526524445414543019e-01
6.105169320106509367e-01 1.396363854408265714e-01 2.524798220396041737e-01
6.104868614673617522e-01 1.397075533866883879e-01 2.524460560083389149e-01
6.104587280750277678e-01 1.397902250289918546e-01 2.524673646688461170e-01
6.103970074653628508e-01 1.400132060050965910e-01 2.523013210296630726e-01
6.103246772289279143e-01 1.401444554328920011e-01 2.522947347164153920e-01
6.101026499271395842e-01 1.405120372772218351e-01 2.520866847038268910e-01
6.099805498123171965e-01 1.407788276672364836e-01 2.519063508510589466e-01
6.099179351329806487e-01 1.408778905868531828e-01 2.518517827987670765e-01
6.098013484477999846e-01 1.410164117813111906e-01 2.519217213988304005e-01
6.096911692619326750e-01 1.412207961082460050e-01 2.518284550309181080e-01
6.095761024951937834e-01 1.414105772972108488e-01 2.516482180356979237e-01
6.094270014762881438e-01 1.417592644691468839e-01 2.514109840989112721e-01
6.093280875682833830e-01 1.420554995536805754e-01 2.511648169159889088e-01
6.092565619945529143e-01 1.422200679779054289e-01 2.510454586148261891e-01
6.090715193748477141e-01 1.424416780471803312e-01 2.508870965242385731e-01
6.089364552497866789e-01 1.427451252937318449e-01 2.506641378998756275e-01
6.088771188259127776e-01 1.428370952606202726e-01 2.505898258090019093e-01
6.086903774738314787e-01 1.430176973342897062e-01 2.504473632574081288e-01
6.085728669166567961e-01 1.433830738067628507e-01 2.501726976037025318e-01
6.084417665004733244e-01 1.435601592063905363e-01 2.500592625141143666e-01
6.084062123298648039e-01 1.435698747634889250e-01 2.501490345597267018e-01
6.083401405811312834e-01 1.437671661376954679e-01 2.499474069476127491e-01
6.082938277721408049e-01 1.439850211143495207e-01 2.498575231432914601e-01
6.082115733623507658e-01 1.442593216896058683e-01 2.496280303597450123e-01
6.081785225868228117e-01 1.443332314491273527e-01 2.496073698997497425e-01
6.081355178356173674e-01 1.442929387092591886e-01 2.495624876022338734e-01
6.081122422218325774e-01 1.442809581756593351e-01 2.495613998174667225e-01
6.080828273296359221e-01 1.442264795303346281e-01 2.498287266492843495e-01
6.080755555629733244e-01 1.442022800445558195e-01 2.499715617299079762e-01
6.081007981300357024e-01 1.440934419631959562e-01 2.501167809963226185e-01
6.080305838584902922e-01 1.440417647361756925e-01 2.501442438364028797e-01
6.079967582225802580e-01 1.440315127372743254e-01 2.502165964245796070e-01
6.080228352546694914e-01 1.438964486122132902e-01 2.504121965169906483e-01
6.080829465389254729e-01 1.438770174980165129e-01 2.504782235622405873e-01
6.081113183498385588e-01 1.438428640365603250e-01 2.506127288937568531e-01
6.081372165679934660e-01 1.438320159912110929e-01 2.509011036157607899e-01
6.081208252906802336e-01 1.438217043876649504e-01 2.512968784570693836e-01
6.081348323822024504e-01 1.437324762344361906e-01 2.515750980377197132e-01
6.082000100612643401e-01 1.436722159385682707e-01 2.520068219304084645e-01
6.082421207427981535e-01 1.436611890792848234e-01 2.521659514307975636e-01
6.083001756668093840e-01 1.434970974922181730e-01 2.525991430878639088e-01
6.083289349079135100e-01 1.435585498809816007e-01 2.527647769451141224e-01
6.083842480182650725e-01 1.435802459716798429e-01 2.532308554649352894e-01
6.082788670063021819e-01 1.435900211334230070e-01 2.532933285832404957e-01
6.082609260082247893e-01 1.437067270278932218e-01 2.534114277362823353e-01
6.082510316371920744e-01 1.438204526901246671e-01 2.533552503585815296e-01
6.082799100875857512e-01 1.439843058586122160e-01 2.533659642934799061e-01
6.082721614837649504e-01 1.440229296684267801e-01 2.534454247355460987e-01
6.082206928730014006e-01 1.443697094917298918e-01 2.533832868933677540e-01
6.082743966579440276e-01 1.444129824638368254e-01 2.533767750859260426e-01
6.082353258132937590e-01 1.444927334785462980e-01 2.533390900492668019e-01
6.081481540203097502e-01 1.449056148529054289e-01 2.530859267711639271e-01
6.081510746479037444e-01 1.449374437332154875e-01 2.530412530899047718e-01
6.081421339511874358e-01 1.451853394508363371e-01 2.529166123270988331e-01
6.080553197860720793e-01 1.455105423927308683e-01 2.526573619246482716e-01
6.080113017559054533e-01 1.455361723899842863e-01 2.525842791795730458e-01
6.079462730884555022e-01 1.455843329429628019e-01 2.525866708159446583e-01
6.079351270198825041e-01 1.455656766891481046e-01 2.526947712898254261e-01
6.079363191127780119e-01 1.455852270126344328e-01 2.526181942224502430e-01
6.079262757301333586e-01 1.456978201866151457e-01 2.523895433545112477e-01
6.078841948509219328e-01 1.458387255668641691e-01 2.522544494271278248e-01
6.078621709346774260e-01 1.459746837615968351e-01 2.521130523085594044e-01
6.078445577621462981e-01 1.460324406623841886e-01 2.521136260032653675e-01
6.077966356277468840e-01 1.460819125175477629e-01 2.521148106455802784e-01
6.078435444831851164e-01 1.459808826446534757e-01 2.522292590141296253e-01
6.078054869174960295e-01 1.461070060729982023e-01 2.522039642930030690e-01
6.077936553955081145e-01 1.460996747016908293e-01 2.522722041606902943e-01
6.077436470985415617e-01 1.460307121276857023e-01 2.523837542533874378e-01
6.077002549171450774e-01 1.460975289344789152e-01 2.524018591642379628e-01
6.077262425422671477e-01 1.460294008255006437e-01 2.525510123372077809e-01
6.077780389785769621e-01 1.459514379501344328e-01 2.527051499485969410e-01
6.078050398826602141e-01 1.458895683288575773e-01 2.527267789840698109e-01
6.078529918193820158e-01 1.457123041152955656e-01 2.529032832384109364e-01
6.077958011627200285e-01 1.457230329513551359e-01 2.530529206991195545e-01
6.077854299545291106e-01 1.457726836204530363e-01 2.530794000625610218e-01
6.077912116050723235e-01 1.458282947540284757e-01 2.530120021104812489e-01
6.080111825466159026e-01 1.456871509552003507e-01 2.528948938846588002e-01
6.080717408657076994e-01 1.455232381820680265e-01 2.528709030151367054e-01
6.081392431259158293e-01 1.453994393348695402e-01 2.527781283855438099e-01
6.082080268859866301e-01 1.453260064125062589e-01 2.527702233195304737e-01
6.083056592941287199e-01 1.451358675956727629e-01 2.527679806947707997e-01
6.082030498981478850e-01 1.452522158622743254e-01 2.526956206560134754e-01
6.081974172592166106e-01 1.452673554420472746e-01 2.526662057638168202e-01
6.082541310787203948e-01 1.451507091522218351e-01 2.526797285676002369e-01
6.082494223117831389e-01 1.451672792434693937e-01 2.527553147077560292e-01
6.081608200073245207e-01 1.454527258872987394e-01 2.526791325211524830e-01
6.081240737438204924e-01 1.454236984252931242e-01 2.527799835801124440e-01
6.080422663688662688e-01 1.455293178558351164e-01 2.528090855479240284e-01
6.080248320102694670e-01 1.455480337142945890e-01 2.527927464246749745e-01
6.079435312747958342e-01 1.456294536590577726e-01 2.526403596997260914e-01
6.078591012954714934e-01 1.457927703857423429e-01 2.525895690917968617e-01
6.077975296974185149e-01 1.458421230316163664e-01 2.526334381103515492e-01
6.077253186702731291e-01 1.458577990531922941e-01 2.526214277744293080e-01
6.076785588264468352e-01 1.458577394485475187e-01 2.526773071289062367e-01
6.075056457519534270e-01 1.460038900375367765e-01 2.526349952816963063e-01
6.074727141857150237e-01 1.461126089096070890e-01 2.525713971257209645e-01
6.075439715385440032e-01 1.459747433662416105e-01 2.527800208330154286e-01
6.075333321094515959e-01 1.462367057800294523e-01 2.526522135734557972e-01
6.075187289714816252e-01 1.463500738143922453e-01 2.526122635602950917e-01
6.074745023250582854e-01 1.464116454124452238e-01 2.527090540528297291e-01
6.074152255058291594e-01 1.464159965515138273e-01 2.527366286516189442e-01
6.074024105072024504e-01 1.464885950088502531e-01 2.527632272243499623e-01
6.073473954200747649e-01 1.467667102813722257e-01 2.526801532506942616e-01
6.073195004463198821e-01 1.468676209449769621e-01 2.526957994699478016e-01
6.072198116779330412e-01 1.472331762313844328e-01 2.526621302962303028e-01
6.071952545642855803e-01 1.474572300910951261e-01 2.526136493682861195e-01
6.071307027339938323e-01 1.478682637214662199e-01 2.526094472408294545e-01
6.071219706535342375e-01 1.478852510452272062e-01 2.527405178546905384e-01
6.070594751834872405e-01 1.480892181396485929e-01 2.528184509277343617e-01
6.070121490955355803e-01 1.481044769287110929e-01 2.528376361727714405e-01
6.069685781002047698e-01 1.481272459030152921e-01 2.529138183593749867e-01
6.069408321380618254e-01 1.482390046119691496e-01 2.529238468408584461e-01
6.069309079647067229e-01 1.482903838157655363e-01 2.528673863410949574e-01
6.068688893318179289e-01 1.485148549079896574e-01 2.526579579710960255e-01
6.068479681015017668e-01 1.485459089279176359e-01 2.526157429814338551e-01
6.067933106422427336e-01 1.487403988838197355e-01 2.525383836030959950e-01
6.067233049869540373e-01 1.490508198738099699e-01 2.523628479242324696e-01
6.066974961757662932e-01 1.491470217704774504e-01 2.522723755240440235e-01
6.066329741477969328e-01 1.492640256881715421e-01 2.521432793140411244e-01
6.066161656379702727e-01 1.493325710296632414e-01 2.521310082077979908e-01
6.065670812129977385e-01 1.495688438415528898e-01 2.520439630746841297e-01
6.065213942527774016e-01 1.495333194732667570e-01 2.521342715620994435e-01
6.064617002010348479e-01 1.496224880218507414e-01 2.520426070690154896e-01
6.064379179477694670e-01 1.495397567749024992e-01 2.521653404831886158e-01
6.063068175315859953e-01 1.495901823043825907e-01 2.521469897031783924e-01
6.063242518901827971e-01 1.495133519172670011e-01 2.522248631715774403e-01
6.063350105285647551e-01 1.494256734848024015e-01 2.523607617616653309e-01
6.063948833942416350e-01 1.492379784584046964e-01 2.523698216676711903e-01
6.064243578910830657e-01 1.490914106369020109e-01 2.523591896891593800e-01
6.063691043853762785e-01 1.491054773330690031e-01 2.524277648329734669e-01
6.063715183734896819e-01 1.490666151046754484e-01 2.525213515758514271e-01
6.063438916206362883e-01 1.491374850273132768e-01 2.524822136759757862e-01
6.063516402244570891e-01 1.491178154945375089e-01 2.525801515579223500e-01
6.063172781467440764e-01 1.493238687515260343e-01 2.523478424549102650e-01
6.062539184093478362e-01 1.493148684501649504e-01 2.523629671335220204e-01
6.062567794322970549e-01 1.493303060531618875e-01 2.523585936427116261e-01
6.062662565708163420e-01 1.493518233299256925e-01 2.523635855317115650e-01
6.062839591503146330e-01 1.492955565452577238e-01 2.524478441476821766e-01
6.062763297557833830e-01 1.492996096611024504e-01 2.524188837409019337e-01
6.062871181964877287e-01 1.493467569351197843e-01 2.523432826995849476e-01
6.062923634052279631e-01 1.493947982788087492e-01 2.522506123781204090e-01
6.062985622882846037e-01 1.495270609855653410e-01 2.520880705118179188e-01
6.062940919399264494e-01 1.496093750000001554e-01 2.520830711722373829e-01
6.062170827388766448e-01 1.500350713729859953e-01 2.518711617588996754e-01
6.062011981010440032e-01 1.501260280609132414e-01 2.518434232473373280e-01
6.061799490451815764e-01 1.503501415252687101e-01 2.518794691562652455e-01
6.061698162555697600e-01 1.504233956336976652e-01 2.518214142322540150e-01
6.061663591861727873e-01 1.504028916358949308e-01 2.518548077344894276e-01
6.061329507827761809e-01 1.505265712738038664e-01 2.518869197368621693e-01
6.061267817020419280e-01 1.505519628524781828e-01 2.519768556952476368e-01
6.060686373710635344e-01 1.505745530128480558e-01 2.520635133981704579e-01
6.060748362541201750e-01 1.505471348762513761e-01 2.522046571969985829e-01
6.060852670669558684e-01 1.505336642265321379e-01 2.523794701695442066e-01
6.060843729972842375e-01 1.505549430847169523e-01 2.524521505832671986e-01
6.060793960094454924e-01 1.505370020866395597e-01 2.524671784043311940e-01
6.060639882087710539e-01 1.505856990814210539e-01 2.524480825662612782e-01
6.060466134548190276e-01 1.506133556365968351e-01 2.524842923879623280e-01
6.059893631935122649e-01 1.505765199661256437e-01 2.525037533044814930e-01
6.059611403942111174e-01 1.506876230239869718e-01 2.525047963857650624e-01
6.059239470958712737e-01 1.509272933006288175e-01 2.523964202404022084e-01
6.059039795398715178e-01 1.510089516639712137e-01 2.523533558845519886e-01
6.058511698246005217e-01 1.513039946556091753e-01 2.522275826334953175e-01
6.058343613147738616e-01 1.512892723083497648e-01 2.523678919672965870e-01
6.057372057437899748e-01 1.514244556427003507e-01 2.523594653606414662e-01
6.057123804092410246e-01 1.514763116836549406e-01 2.523355564475059376e-01
6.056608819961550871e-01 1.517173528671266203e-01 2.522757580876350270e-01
6.055921280384066741e-01 1.521175980567933683e-01 2.520767083764076100e-01
6.055768096446993987e-01 1.524533510208131437e-01 2.517964622378349171e-01
6.056040787696841399e-01 1.525327444076539640e-01 2.516553780436515675e-01
6.056790614128115813e-01 1.523764610290528898e-01 2.516973769664764271e-01
6.059839689731600920e-01 1.513082265853883390e-01 2.516237726807594166e-01
6.070726180076602141e-01 1.474318981170655851e-01 2.489939561486244068e-01
6.098834538459780852e-01 1.383386731147767668e-01 2.329751855134963856e-01
6.114191973209384123e-01 1.342392444610598368e-01 2.207289567589759693e-01
6.131773853302004973e-01 1.275883793830873136e-01 1.925198516249656544e-01
6.138902568817141692e-01 1.251224160194398527e-01 1.778832866251468525e-01
6.147800350189212004e-01 1.226292133331300382e-01 1.506969264149665699e-01
6.148282849788668791e-01 1.231309652328493875e-01 1.274052864313125477e-01
6.135414505004885832e-01 1.284106850624086027e-01 1.009730702638625965e-01
6.124971771240237395e-01 1.311340808868409757e-01 9.369607329368589976e-02
6.097688043117526213e-01 1.375080823898316984e-01 7.975231170654295543e-02
6.073217058181765715e-01 1.438256978988649015e-01 6.820221304893492320e-02
6.059946084022524992e-01 1.472880125045777921e-01 6.254731178283690074e-02
6.039528214931491057e-01 1.532647490501405363e-01 5.349610805511473277e-02
6.021465921401980559e-01 1.579487800598146086e-01 4.726456165313719371e-02
6.011283957958224455e-01 1.600167036056520109e-01 4.447023630142210582e-02
5.995548331737521330e-01 1.632463216781617765e-01 4.037810921669005015e-02
5.990473294258120696e-01 1.645435571670533781e-01 3.862753570079802135e-02
5.981026852130892912e-01 1.669267296791078214e-01 3.558260262012480357e-02
5.978769028186801116e-01 1.674791455268861418e-01 3.481163144111631969e-02
5.974933767318728606e-01 1.683957457542420988e-01 3.375610768795012095e-02
5.973409080505374114e-01 1.687434196472169523e-01 3.337596416473387340e-02
5.972344243526461760e-01 1.689501881599427824e-01 3.301735281944273570e-02
5.971731507778170744e-01 1.690013885498048429e-01 3.286014556884764293e-02
5.970830285549166838e-01 1.691482543945314054e-01 3.257796227931974986e-02
5.970031583309176604e-01 1.693441152572633390e-01 3.227743566036223033e-02
5.968545043468478362e-01 1.696823120117189054e-01 3.161422967910765269e-02
5.967740976810458342e-01 1.701473474502565031e-01 3.090024054050444224e-02
5.965377354621890227e-01 1.707541227340699796e-01 2.986963152885435679e-02
5.964908266067507903e-01 1.710044622421266203e-01 2.931411623954771617e-02
5.964487755298617522e-01 1.711435198783876066e-01 2.902408003807066539e-02
5.962673985958102385e-01 1.716420531272889738e-01 2.826054453849791148e-02
5.962259435653689543e-01 1.717530369758607511e-01 2.804882884025572398e-02
5.961790943145754973e-01 1.721114397048951750e-01 2.751629114150999644e-02
5.960927569866183440e-01 1.722984194755555754e-01 2.730764508247374156e-02
5.959037804603579680e-01 1.727814555168153410e-01 2.644376516342161754e-02
5.958184564113619963e-01 1.730659484863282804e-01 2.599023342132567027e-02
5.957794749736788908e-01 1.732696771621705656e-01 2.561417281627653697e-02
5.955014491081240813e-01 1.742529749870301847e-01 2.412863135337828258e-02
5.954176449775698821e-01 1.745869994163514738e-01 2.347409784793852427e-02
5.954388344287875334e-01 1.746632337570191984e-01 2.325113177299498179e-02
5.954112374782565276e-01 1.749329447746278410e-01 2.257075965404509166e-02
5.953339600563052336e-01 1.751677870750428800e-01 2.188184916973112681e-02
5.953612291812899748e-01 1.751738667488099699e-01 2.153866052627562144e-02
5.952656531333926360e-01 1.754721879959108000e-01 2.075161099433897594e-02
5.952646100521090666e-01 1.755443096160890226e-01 2.032487154006956676e-02
5.953965747356417815e-01 1.754630088806153898e-01 1.973840653896330455e-02
5.954860711097720305e-01 1.755991458892823820e-01 1.925291180610655406e-02
5.955755674839022795e-01 1.752299547195436125e-01 1.929767489433287242e-02
5.957019591331484953e-01 1.746486902236940031e-01 1.939047932624815562e-02
5.958040320873263518e-01 1.744019865989686613e-01 1.941126644611357310e-02
5.961241984367373625e-01 1.733274340629579191e-01 1.983228385448454478e-02
5.962069296836856047e-01 1.730081915855409269e-01 1.990719199180601695e-02
5.963234567642214934e-01 1.725323081016542082e-01 2.009639203548430064e-02
5.964650177955630461e-01 1.719033002853395109e-01 2.018044948577879527e-02
5.965238177776339690e-01 1.718168139457704191e-01 1.969148278236387828e-02
5.964914524555209319e-01 1.718797564506532316e-01 1.901574492454527476e-02
5.964952373504641692e-01 1.718907237052919035e-01 1.891139209270475963e-02
5.966294372081759612e-01 1.716875314712525968e-01 1.876100957393644908e-02
5.967357122898104826e-01 1.717204928398133879e-01 1.860538184642790416e-02
5.967955851554873625e-01 1.717086911201478605e-01 1.838994085788725474e-02
5.968591535091403166e-01 1.716402649879457121e-01 1.831643342971800426e-02
5.969173574447634856e-01 1.717253804206849699e-01 1.810173749923704722e-02
5.970199370384219328e-01 1.717325329780580168e-01 1.791800618171690562e-02
5.970490241050723235e-01 1.716884255409242277e-01 1.784968435764311412e-02
5.971654617786410491e-01 1.717753291130067472e-01 1.754567086696623424e-02
5.971975290775302092e-01 1.718600869178773527e-01 1.730136632919310191e-02
5.973225200176242033e-01 1.717831373214723234e-01 1.725126862525938609e-02
5.974729919433596770e-01 1.717303276062013273e-01 1.719348192214964488e-02
5.975545012950900237e-01 1.716031908988954191e-01 1.720140933990477183e-02
5.977308416366580168e-01 1.714865446090699796e-01 1.723851323127745250e-02
5.979398453235629241e-01 1.713990449905397062e-01 1.724705159664152720e-02
5.980211162567141692e-01 1.713156580924989347e-01 1.723776817321776011e-02
5.980885291099551360e-01 1.712589740753175382e-01 1.721374750137327769e-02
5.982500576972964446e-01 1.713427186012269621e-01 1.715299546718596080e-02
5.983335340023043791e-01 1.711571097373963957e-01 1.726247429847715953e-02
5.985157155990603606e-01 1.707571029663087492e-01 1.743914246559141734e-02
5.985621178150180022e-01 1.705888390541078214e-01 1.754115581512449840e-02
5.985547864437106291e-01 1.704732656478883390e-01 1.765532851219175914e-02
5.986149573326113860e-01 1.703039288520814543e-01 1.782448649406431773e-02
5.986005330085757414e-01 1.702093958854676847e-01 1.792442858219145396e-02
5.986128711700442473e-01 1.702096343040467863e-01 1.798270702362059215e-02
5.986666047573092619e-01 1.702110648155213957e-01 1.811404585838316539e-02
5.986261928081515471e-01 1.703904747962953214e-01 1.803813934326170543e-02
5.987488293647769133e-01 1.701260685920716886e-01 1.822586417198179820e-02
5.987954699993136565e-01 1.699859976768495207e-01 1.829458832740782359e-02
5.989248120784762541e-01 1.695741295814515714e-01 1.850257873535154918e-02
5.991309547424319426e-01 1.692401647567750578e-01 1.875132381916044810e-02
5.991560482978823821e-01 1.691430091857911711e-01 1.880370140075682261e-02
5.992137157917025725e-01 1.688808083534242277e-01 1.887504816055296519e-02
5.991997683048251311e-01 1.688241243362428312e-01 1.893663465976713756e-02
5.992045962810519377e-01 1.687081336975099211e-01 1.904682874679564097e-02
5.992177987098696867e-01 1.686897158622743254e-01 1.903037786483763316e-02
5.992335939407351653e-01 1.687379360198976164e-01 1.902532637119291881e-02
5.992939436435702483e-01 1.687118291854859953e-01 1.913300216197966197e-02
5.992916190624240080e-01 1.686733245849610929e-01 1.918317437171934703e-02
5.992708766460421721e-01 1.686602711677552824e-01 1.924143791198729136e-02
5.992271566390994231e-01 1.687674999237062101e-01 1.924918651580809215e-02
5.991144442558291594e-01 1.689627647399903898e-01 1.931484103202818492e-02
5.990215206146243254e-01 1.690722584724427824e-01 1.934263169765471080e-02
5.989822709560397307e-01 1.690903186798097257e-01 1.940344333648680308e-02
5.989769363403323332e-01 1.691505193710328703e-01 1.938961505889888470e-02
5.989253485202792326e-01 1.693453669548036222e-01 1.934517979621885875e-02
5.988932812213900725e-01 1.695134520530702238e-01 1.932071208953856090e-02
5.987503194808962981e-01 1.699513673782350187e-01 1.910582244396208385e-02
5.987390244007113616e-01 1.699735999107362394e-01 1.909647941589354136e-02
5.987914764881137053e-01 1.698942661285401945e-01 1.910154581069944957e-02
5.987990462780001799e-01 1.699440360069276457e-01 1.907861292362211802e-02
5.988309049606326262e-01 1.698412179946900968e-01 1.907499194145201304e-02
5.988885426521304289e-01 1.695842027664186125e-01 1.910348296165464976e-02
5.989296996593478362e-01 1.694480061531068449e-01 1.915575623512266734e-02
5.990133547782900969e-01 1.693973422050477629e-01 1.909570455551146129e-02
5.990604126453402678e-01 1.694332838058473234e-01 1.898501873016356090e-02
5.991829299926760832e-01 1.693373203277589445e-01 1.894189476966856578e-02
5.991538429260256926e-01 1.694421648979188566e-01 1.878075361251829722e-02
5.991833174228671233e-01 1.692640066146852140e-01 1.880629420280455211e-02
5.992593133449557463e-01 1.688605427742005949e-01 1.896132588386534312e-02
5.992965960502627532e-01 1.686946630477906828e-01 1.898638963699339488e-02
5.993100666999819914e-01 1.686669468879701261e-01 1.896305441856382945e-02
5.993866288661959807e-01 1.685407638549806242e-01 1.904378890991209605e-02
5.993851685523989836e-01 1.685258626937867765e-01 1.903431177139280894e-02
5.993925297260287444e-01 1.684933781623841886e-01 1.902146697044371226e-02
5.994144642353060881e-01 1.685554265975953703e-01 1.899598598480223277e-02
5.994455778598788420e-01 1.685767054557801847e-01 1.897968411445616344e-02
5.994436407089236418e-01 1.685782551765443449e-01 1.892022848129271129e-02
5.994434618949893157e-01 1.685840964317323332e-01 1.890720486640928844e-02
5.994747841358187834e-01 1.683823347091676359e-01 1.897889435291288951e-02
5.995300674438479582e-01 1.682627677917482023e-01 1.902733802795408824e-02
5.995274448394778410e-01 1.683149814605714445e-01 1.897658467292784312e-02
5.994955861568453948e-01 1.683582544326783781e-01 1.900626778602598765e-02
5.994684660434725920e-01 1.683065772056581144e-01 1.906265377998350719e-02
5.994069242477420012e-01 1.684623837471009855e-01 1.896514058113096812e-02
5.993973278999331633e-01 1.684314489364625578e-01 1.897925198078154185e-02
5.993864798545840422e-01 1.684642314910890226e-01 1.889425575733183482e-02
5.994535648822787444e-01 1.684267997741700773e-01 1.892887115478514293e-02
5.994507336616519133e-01 1.684175610542298918e-01 1.890131890773771861e-02
5.994694197177889983e-01 1.682358264923097257e-01 1.898992121219633677e-02
5.995229148864749114e-01 1.679198622703553800e-01 1.917739272117613414e-02
5.995087289810183684e-01 1.679309487342836027e-01 1.914110839366911510e-02
5.995319449901583830e-01 1.679814934730531339e-01 1.916171669960020640e-02
5.995364153385165373e-01 1.679082989692689543e-01 1.921154618263243297e-02
5.995115005970004241e-01 1.679317831993104582e-01 1.911844372749327281e-02
5.995010399818423430e-01 1.679300546646119718e-01 1.911510586738585094e-02
5.994757974147799651e-01 1.678930997848512296e-01 1.911635756492610638e-02
5.994560086727145354e-01 1.679317235946656828e-01 1.908662974834440806e-02
5.994772577285769621e-01 1.678160309791566496e-01 1.914556384086607554e-02
5.995058679580691496e-01 1.675849437713624601e-01 1.920273959636686900e-02
5.995153748989108244e-01 1.674854636192323332e-01 1.915232896804808238e-02
5.995190107822421233e-01 1.674169778823854093e-01 1.912589430809019664e-02
5.995501244068148772e-01 1.671147227287294035e-01 1.917164087295530894e-02
5.995337629318240324e-01 1.670815825462342863e-01 1.907797217369078258e-02
5.995165371894839446e-01 1.671132922172547941e-01 1.901890397071837047e-02
5.995106959342959563e-01 1.670002222061158781e-01 1.898007154464720347e-02
5.994903707504275481e-01 1.671007156372071867e-01 1.887622535228727916e-02
5.994262361526492278e-01 1.673266768455508036e-01 1.857505798339842418e-02
5.994301402568820158e-01 1.673532009124757414e-01 1.850606560707090953e-02
5.994388425350192229e-01 1.673346638679505949e-01 1.847727656364439586e-02
5.993979835510256926e-01 1.675010800361634855e-01 1.829113125801085094e-02
5.993898773193362395e-01 1.675186634063722257e-01 1.820723772048948863e-02
5.994559490680697600e-01 1.674522042274476652e-01 1.823575854301451304e-02
5.995565617084506194e-01 1.672958016395570402e-01 1.827775001525877574e-02
5.996005797386172453e-01 1.671323657035829191e-01 1.835720300674437144e-02
5.996955001354220549e-01 1.667514920234681730e-01 1.853530168533323863e-02
5.996955895423892180e-01 1.669421076774598722e-01 1.856952965259550670e-02
5.997222924232485930e-01 1.669899106025697355e-01 1.863113105297087291e-02
5.996319913864138762e-01 1.672985434532167082e-01 1.856578946113585094e-02
5.996019208431246916e-01 1.674228191375733976e-01 1.861076116561888316e-02
5.995953345298770110e-01 1.674798011779786711e-01 1.865924954414366344e-02
5.995515251159670989e-01 1.677511811256410246e-01 1.861372649669645885e-02
5.994694197177889983e-01 1.679871559143067961e-01 1.867161750793455699e-02
5.993998014926913420e-01 1.681805133819580522e-01 1.868441760540007213e-02
5.992613697052004973e-01 1.685452938079835539e-01 1.874139964580534556e-02
5.991957151889804045e-01 1.687900900840760832e-01 1.869063138961790660e-02
5.991328620910647551e-01 1.690714240074159269e-01 1.871331095695494273e-02
5.990079605579379241e-01 1.693882822990420145e-01 1.871861577033995250e-02
5.989569687843325774e-01 1.695546388626100187e-01 1.867951512336729625e-02
5.989393258094790617e-01 1.695846796035768156e-01 1.877774357795714000e-02
5.989472234249118010e-01 1.695747256278993254e-01 1.882430970668791392e-02
5.990506076812747160e-01 1.694645166397096281e-01 1.889781713485716441e-02
5.991079771518710295e-01 1.693311810493470793e-01 1.896189212799070933e-02
5.991561377048495451e-01 1.692940473556520109e-01 1.891227126121519664e-02
5.992705190181735198e-01 1.690271973609925871e-01 1.902149677276609996e-02
5.992993676662448088e-01 1.689264059066774015e-01 1.903457999229429820e-02
5.993912482261660735e-01 1.685098290443421964e-01 1.917918086051939586e-02
5.994549953937533537e-01 1.682424426078797941e-01 1.923726558685301402e-02
5.995450580120089690e-01 1.679431676864625578e-01 1.924938023090361217e-02
5.995649659633639494e-01 1.679724335670472746e-01 1.915375947952269176e-02
5.996118450164797942e-01 1.678334355354310636e-01 1.917211771011351207e-02
5.996185207366946379e-01 1.678293228149415617e-01 1.906284749507902720e-02
5.996544921398165862e-01 1.677519559860232157e-01 1.906071662902833475e-02
5.996545815467837492e-01 1.677491545677186613e-01 1.898573398590086558e-02
5.996982717514041106e-01 1.677116036415101652e-01 1.898573398590083783e-02
5.997422003746035735e-01 1.676275610923768644e-01 1.901598334312437633e-02
5.997865164279940764e-01 1.675860166549684171e-01 1.894824266433714488e-02
5.998512768745425383e-01 1.674319982528688078e-01 1.901620686054228404e-02
5.998700225353243987e-01 1.674049377441407804e-01 1.897524356842039683e-02
5.999107325077059905e-01 1.672524094581605558e-01 1.901766717433928111e-02
5.999455118179324309e-01 1.671069145202638273e-01 1.905052423477171519e-02
5.999470615386965910e-01 1.670648336410524015e-01 1.902030467987059215e-02
5.999442303180697600e-01 1.670824766159059171e-01 1.899071097373961070e-02
5.999601745605471770e-01 1.669353723526002531e-01 1.895026922225950816e-02
5.999424123764041106e-01 1.669432997703553800e-01 1.885132551193235972e-02
5.999603235721591155e-01 1.668491244316102629e-01 1.886843204498289683e-02
5.999740028381350676e-01 1.667753338813783293e-01 1.889500081539152720e-02
5.999500715732577483e-01 1.668437600135804777e-01 1.875232219696043590e-02
5.999570751190188567e-01 1.667997121810914640e-01 1.872320532798765758e-02
5.999675953388217131e-01 1.667532205581666593e-01 1.870848298072813609e-02
5.999867582321170012e-01 1.668124079704286222e-01 1.865075588226317027e-02
6.000046694278720061e-01 1.667691946029664640e-01 1.864479541778563121e-02
5.999832415580752532e-01 1.668326735496522550e-01 1.853562951087950328e-02
5.999803507328036467e-01 1.668261170387269621e-01 1.851055085659025767e-02
5.999679529666903655e-01 1.668265938758851652e-01 1.842199325561522105e-02
6.000227892398837248e-01 1.668121695518495207e-01 1.839177370071409801e-02
6.003646814823153655e-01 1.669673800468446379e-01 1.825611352920530894e-02
6.005924606323245207e-01 1.669587969779969816e-01 1.829297900199888804e-02
6.008612775802615324e-01 1.665746450424195890e-01 1.852691233158110240e-02
6.009228491783145110e-01 1.663972616195680265e-01 1.858459472656248668e-02
6.011511349678042571e-01 1.663622736930847612e-01 1.858256816864012340e-02
6.011799538135531584e-01 1.663319349288941984e-01 1.856167674064634898e-02
6.012309455871585051e-01 1.661749362945558195e-01 1.862902998924254039e-02
6.014102661609652678e-01 1.658304810523988371e-01 1.877473354339598277e-02
6.014842653274539153e-01 1.656308650970460539e-01 1.888282656669615367e-02
6.015268230438235442e-01 1.654474020004274015e-01 1.896941721439360240e-02
6.015979015827181975e-01 1.651247620582582121e-01 1.908980369567869761e-02
6.016237998008731047e-01 1.650866150856019621e-01 1.907052159309385875e-02
6.016586387157443205e-01 1.650047779083253507e-01 1.911626815795897105e-02
6.017579102516177336e-01 1.647393584251405363e-01 1.924939513206480601e-02
6.017608904838565032e-01 1.646903634071351652e-01 1.927350521087645152e-02
6.017670595645907561e-01 1.646560311317445402e-01 1.929359197616575816e-02
6.017962062358859221e-01 1.644650578498841886e-01 1.940731763839720347e-02
6.017751657962802092e-01 1.644687533378602629e-01 1.939618647098539927e-02
6.017409825325015227e-01 1.643605709075929289e-01 1.946030616760252574e-02
6.017641091346743742e-01 1.640428185462953214e-01 1.962976217269896129e-02
6.018198692798617522e-01 1.638206720352174406e-01 1.976676344871519664e-02
6.018189156055453459e-01 1.636868596076966886e-01 1.978336334228514293e-02
6.017917060852053801e-01 1.637324571609498625e-01 1.976279973983763316e-02
6.017825269699099699e-01 1.636503219604493742e-01 1.980751812458036998e-02
6.017513239383700530e-01 1.635925650596620207e-01 1.979933738708494761e-02
6.016884112358096282e-01 1.637803792953491655e-01 1.962415933609004681e-02
6.017108523845675627e-01 1.637691736221315031e-01 1.956246852874754527e-02
6.017008388042452971e-01 1.638034462928773527e-01 1.954732894897462381e-02
6.016434395313265959e-01 1.638914227485657182e-01 1.943732857704161265e-02
6.016323530673983733e-01 1.638997077941896086e-01 1.939450263977049449e-02
6.015801692008975188e-01 1.639480471611024504e-01 1.924523770809172252e-02
6.015185081958773772e-01 1.639844059944154386e-01 1.914726257324217418e-02
6.014867389202120940e-01 1.640449047088624601e-01 1.913167595863340953e-02
6.014256739616397063e-01 1.641055822372438078e-01 1.902522206306456187e-02
6.014268362522128264e-01 1.640335202217103605e-01 1.897646546363829234e-02
6.014347040653231780e-01 1.640443086624147062e-01 1.895321965217589000e-02
6.014494562149050871e-01 1.640321493148805265e-01 1.894646942615507701e-02
6.014596784114840666e-01 1.639872074127198820e-01 1.891267359256743052e-02
6.014476084709170500e-01 1.638683557510377531e-01 1.893101692199705699e-02
6.014181339740756194e-01 1.639440536499024992e-01 1.888121724128721812e-02
6.013780796527865569e-01 1.639804124832154875e-01 1.882450342178343394e-02
6.013612115383151213e-01 1.639770150184632902e-01 1.876354277133940318e-02
6.013450288772586028e-01 1.640201687812806730e-01 1.872702002525325482e-02
6.013218724727633635e-01 1.640310764312745695e-01 1.866571664810179332e-02
6.013204419612887541e-01 1.639805316925050382e-01 1.869164466857908824e-02
6.013242864608767668e-01 1.640341162681581144e-01 1.864884853363035777e-02
6.013095343112948576e-01 1.641081452369691496e-01 1.853315591812132457e-02
6.012793445587161223e-01 1.641747832298280363e-01 1.843752026557921031e-02
6.012812519073489348e-01 1.641307353973390226e-01 1.845009684562681773e-02
6.012715363502505461e-01 1.640825748443605070e-01 1.843522548675535777e-02
6.012591981887820403e-01 1.641397356987001066e-01 1.839858353137968638e-02
6.012554430961611907e-01 1.641953468322755461e-01 1.837241709232328990e-02
6.012733840942385832e-01 1.641387224197389250e-01 1.839453041553495982e-02
6.012718641757968108e-01 1.640807271003724699e-01 1.838402509689329722e-02
6.012462043762210051e-01 1.641026020050050382e-01 1.832634270191191295e-02
6.012177133560183684e-01 1.641698956489564543e-01 1.823453664779661754e-02
6.012159252166751067e-01 1.640443086624147062e-01 1.829995274543760875e-02
6.012245678901675383e-01 1.639315962791444425e-01 1.836025774478911021e-02
6.012137794494631926e-01 1.638753294944764738e-01 1.831606090068815806e-02
6.012252533435824553e-01 1.637146353721620207e-01 1.836593508720396617e-02
6.011970007419589201e-01 1.637819290161134367e-01 1.826421976089476207e-02
6.011824572086337248e-01 1.638112545013429289e-01 1.822187066078184703e-02
6.011985802650454680e-01 1.637401461601258879e-01 1.820845961570738414e-02
6.012099945545199553e-01 1.637192845344545011e-01 1.819510817527769664e-02
6.011858546733859221e-01 1.638000488281251554e-01 1.808248519897459605e-02
6.011858248710635344e-01 1.637347221374513273e-01 1.808930993080137828e-02
6.011923813819888274e-01 1.635123372077943449e-01 1.816777944564818004e-02
6.011891627311709563e-01 1.634452819824220304e-01 1.817114710807798961e-02
6.011594498157504241e-01 1.634369969367983622e-01 1.812507271766661265e-02
6.011251175403597991e-01 1.635414838790895109e-01 1.806168317794798472e-02
6.011199915409091155e-01 1.635213971138002043e-01 1.803730487823484996e-02
6.010985934734347502e-01 1.635308146476747160e-01 1.793338418006895640e-02
6.010971331596377532e-01 1.633946180343629484e-01 1.798804163932798961e-02
6.010591053962710539e-01 1.634866476058961515e-01 1.786492824554442027e-02
6.010270977020266692e-01 1.635545372962953214e-01 1.782351791858671763e-02
6.010183656215670744e-01 1.635121583938600187e-01 1.783920884132381146e-02
6.010089480876925627e-01 1.634715676307679777e-01 1.782365202903746226e-02
6.009957158565524260e-01 1.634936809539796476e-01 1.779909491539000133e-02
6.009928548336032073e-01 1.634602427482606535e-01 1.781910717487333873e-02
6.009705924987795989e-01 1.634397983551026945e-01 1.776994824409483531e-02
6.009703242778781096e-01 1.633767366409303312e-01 1.779286623001097301e-02
6.009694600105288664e-01 1.633139729499818449e-01 1.780171751976011851e-02
6.009680593013766448e-01 1.633347153663636808e-01 1.776285529136656383e-02
6.010025703907015959e-01 1.633575439453126554e-01 1.775120258331297496e-02
6.010081732273104826e-01 1.632568717002870207e-01 1.781463682651518443e-02
6.009940767288211028e-01 1.632717728614808683e-01 1.781049430370329478e-02
6.009615921974185149e-01 1.632938265800477629e-01 1.776823461055754283e-02
6.009358727931979338e-01 1.633357286453248625e-01 1.774001181125636761e-02
6.008760595321658293e-01 1.634261488914491300e-01 1.774068236351011851e-02
6.008353197574618498e-01 1.634927272796632414e-01 1.773323178291319469e-02
6.007632279396060149e-01 1.635955452919007902e-01 1.771077573299406627e-02
6.006199681758883635e-01 1.638104796409608488e-01 1.768477320671080211e-02
6.005306208133700530e-01 1.639950156211854582e-01 1.764564275741575816e-02
6.004510486125949065e-01 1.641594648361207609e-01 1.758331120014189342e-02
6.003305578231814543e-01 1.643709421157838468e-01 1.753301978111265758e-02
6.002674961090090910e-01 1.644523620605470304e-01 1.754079818725584605e-02
6.001823210716250578e-01 1.645660281181337004e-01 1.749961137771605113e-02
6.001773142814639250e-01 1.645827174186708097e-01 1.749509632587428754e-02
6.002610588073733489e-01 1.646268844604493742e-01 1.750476717948912242e-02
6.002659165859225432e-01 1.645551800727845793e-01 1.751594305038450816e-02
6.002747380733493010e-01 1.643682003021241789e-01 1.758439898490904429e-02
6.003009343147280852e-01 1.641437888145448332e-01 1.766489505767820933e-02
6.003830397129061858e-01 1.640736937522889738e-01 1.769302845001219371e-02
6.004041993618014494e-01 1.640290498733522062e-01 1.767148137092589000e-02
6.004105770587924162e-01 1.640039563179017668e-01 1.768757462501524547e-02
6.004338526725772063e-01 1.639269471168519621e-01 1.773004293441771129e-02
6.004816555976870696e-01 1.636566996574403410e-01 1.781965851783751109e-02
6.005030536651614348e-01 1.635342717170716886e-01 1.785700082778929332e-02
6.005615258216860930e-01 1.634378314018251066e-01 1.785393118858336070e-02
6.005920135974887053e-01 1.633785843849183683e-01 1.787398815155027965e-02
6.006120407581332366e-01 1.633010983467103605e-01 1.789526700973509410e-02
6.006315612792971770e-01 1.632935285568238859e-01 1.785545110702513316e-02
6.006427371501925627e-01 1.633006215095521574e-01 1.785723924636839488e-02
6.007578039169314543e-01 1.632599711418153410e-01 1.788328647613524058e-02
6.007634663581851164e-01 1.633288741111756925e-01 1.779590606689451793e-02
6.008022689819338957e-01 1.633409142494203214e-01 1.775403380393980601e-02
6.008111500740054289e-01 1.633649945259095793e-01 1.770021080970762828e-02
6.008209848403933684e-01 1.633889555931091753e-01 1.767064690589900677e-02
6.008573436737063567e-01 1.633352518081666593e-01 1.768858790397642711e-02
6.008661651611331145e-01 1.633334040641786222e-01 1.766510367393492320e-02
6.009004974365237395e-01 1.632953763008119230e-01 1.763691067695616344e-02
6.009229385852816741e-01 1.632758259773255949e-01 1.764278173446653941e-02
6.009370052814486662e-01 1.633564114570619230e-01 1.756040811538694957e-02
6.009672844409945647e-01 1.633301258087159757e-01 1.755593776702879527e-02
6.010591351985934416e-01 1.632661700248719816e-01 1.759247541427610972e-02
6.010681951045993010e-01 1.632833361625672941e-01 1.757548809051512340e-02
6.010639631748202483e-01 1.633118867874147062e-01 1.749284625053404429e-02
6.010769271850588957e-01 1.632486462593080168e-01 1.747955441474913219e-02
6.010662579536441008e-01 1.633044958114625578e-01 1.741792321205137828e-02
6.010717713832858244e-01 1.633848428726197843e-01 1.735444426536558726e-02
6.011173987388613860e-01 1.633317351341249113e-01 1.738964080810545543e-02
6.011443996429446379e-01 1.633466362953187589e-01 1.736040472984312633e-02
6.011336708068850676e-01 1.634093999862672453e-01 1.727275609970091441e-02
6.010950469970706145e-01 1.635019659996034269e-01 1.709513425827025035e-02
6.011032426357272307e-01 1.634778857231141691e-01 1.710163116455076793e-02
6.011154913902285735e-01 1.634096384048463468e-01 1.712371468544005015e-02
6.011058056354525725e-01 1.634493350982667570e-01 1.707933902740477183e-02
6.010996961593630949e-01 1.634161949157716398e-01 1.705329179763792613e-02
6.011024081707003752e-01 1.633572459220887785e-01 1.708136558532713511e-02
6.010900998115542571e-01 1.633530139923097257e-01 1.702834725379942515e-02
6.010973417758944670e-01 1.632977008819581632e-01 1.706411004066465953e-02
6.011012160778048674e-01 1.633092641830445890e-01 1.706714987754820445e-02
6.011239552497866789e-01 1.631976246833802824e-01 1.711671113967894176e-02
6.011806094646456877e-01 1.630170226097108488e-01 1.719589591026304820e-02
6.012614035606387297e-01 1.627985715866090421e-01 1.734326839447020152e-02
6.012760961055758635e-01 1.627620339393617277e-01 1.737748146057127574e-02
6.012811625003817717e-01 1.627374172210694914e-01 1.739911794662474254e-02
6.013064348697665373e-01 1.625484108924867277e-01 1.752179920673369029e-02
6.012985074520114104e-01 1.625438809394837980e-01 1.751361846923826793e-02
6.013120973110201994e-01 1.624645471572877531e-01 1.757147967815397838e-02
6.013121867179873625e-01 1.624655604362489347e-01 1.758201479911802867e-02
6.013326311111453215e-01 1.624119758605958586e-01 1.764349699020384410e-02
6.013625526428225676e-01 1.623601198196412687e-01 1.769344568252562144e-02
6.013748013973239104e-01 1.623162508010865812e-01 1.773224830627440074e-02
6.013765895366671721e-01 1.622568845748902921e-01 1.772733092308043101e-02
6.013761723041537444e-01 1.622461557388307218e-01 1.774205327033995250e-02
6.013791823387149016e-01 1.622032999992372160e-01 1.778662264347075084e-02
6.013704800605776946e-01 1.622017502784730558e-01 1.781143307685850719e-02
6.013146305084231535e-01 1.622942566871644621e-01 1.784560143947597211e-02
6.012918019294741789e-01 1.623283505439759855e-01 1.786375105381010631e-02
6.012583637237551848e-01 1.623798489570619230e-01 1.788865089416502574e-02
6.011719667911532561e-01 1.625305891036988859e-01 1.785545110702513316e-02
6.011245214939120451e-01 1.626090884208680754e-01 1.789371728897093394e-02
6.011205577850344817e-01 1.625840544700624113e-01 1.793174505233763316e-02
6.011242830753329436e-01 1.625308871269227629e-01 1.798142552375792125e-02
6.011331343650820891e-01 1.624317049980165129e-01 1.808025002479551890e-02
6.011231207847598235e-01 1.624770641326905851e-01 1.807753801345823863e-02
6.011269354820254485e-01 1.624184727668763761e-01 1.811958909034727672e-02
6.011157000064852873e-01 1.624452352523805265e-01 1.806184709072111705e-02
6.011659467220309416e-01 1.624544739723207121e-01 1.805295109748839000e-02
6.012648010253909270e-01 1.624001741409303312e-01 1.810202062129973033e-02
6.012900137901309172e-01 1.623768687248231535e-01 1.809923410415648082e-02
6.014111006259921233e-01 1.623483180999758524e-01 1.809819102287291148e-02
6.014993751049044768e-01 1.623510599136354093e-01 1.811371803283690074e-02
6.015722119808200041e-01 1.623618483543398661e-01 1.812508761882783426e-02
6.016315782070162932e-01 1.622462153434754972e-01 1.819603204727171519e-02
6.016621553897860686e-01 1.621510267257691984e-01 1.824750065803526500e-02
6.016836130619052092e-01 1.621177673339845304e-01 1.821281075477595990e-02
6.017056965827944914e-01 1.620704412460328703e-01 1.824061632156370738e-02
6.017665529251101653e-01 1.620086312294007902e-01 1.829759836196898082e-02
6.017942690849307219e-01 1.619078397750856046e-01 1.836168825626371959e-02
6.018244886398318449e-01 1.618019819259645109e-01 1.842987596988676646e-02
6.018364989757540862e-01 1.618165850639344816e-01 1.842010080814360240e-02
6.018429064750674407e-01 1.617851734161378507e-01 1.841262042522429088e-02
6.018541717529299895e-01 1.617321848869325285e-01 1.842449665069578746e-02
6.018563771247866789e-01 1.617248535156251554e-01 1.842945873737333873e-02
6.018798613548281828e-01 1.616397380828858976e-01 1.848293900489805797e-02
6.018874013423922698e-01 1.616346716880799894e-01 1.849100053310392955e-02
6.018901729583743254e-01 1.616573810577394132e-01 1.848301351070402720e-02
6.019182467460635344e-01 1.616341948509217863e-01 1.849426388740538219e-02
6.020019316673281828e-01 1.616712689399720793e-01 1.844476222991942027e-02
6.021630132198336760e-01 1.616895675659182352e-01 1.845736861228941539e-02
6.022415721416476408e-01 1.617516160011293058e-01 1.842109918594359019e-02
6.023094618320468108e-01 1.618510365486146574e-01 1.832281112670897105e-02
6.024919116497042815e-01 1.618552088737489347e-01 1.836858749389647105e-02
6.025985145568850676e-01 1.618923425674440031e-01 1.833081305027006724e-02
6.026634240150454680e-01 1.619317412376405363e-01 1.828488767147062877e-02
6.027097964286807219e-01 1.620219826698304777e-01 1.813609957695005992e-02
6.028663778305056731e-01 1.620770573616029386e-01 1.811637043952940562e-02
6.029032433032992522e-01 1.621118664741517668e-01 1.810443460941313365e-02
6.029233002662661711e-01 1.621106147766114836e-01 1.804612636566160777e-02
6.030093991756442229e-01 1.620875477790834074e-01 1.807738900184630015e-02
6.030006670951846282e-01 1.621077537536622648e-01 1.807171165943144420e-02
6.029965245723727385e-01 1.620551228523255949e-01 1.808179974555967906e-02
6.029790902137759367e-01 1.620625138282777433e-01 1.803307294845579722e-02
6.029619240760806242e-01 1.620658516883851652e-01 1.802744030952455057e-02
6.029544734954837004e-01 1.620440363883973722e-01 1.804690122604368785e-02
6.029453241825106780e-01 1.619956374168397550e-01 1.805524587631224254e-02
6.029172205924990813e-01 1.619830608367921476e-01 1.800251066684721568e-02
6.029158496856692473e-01 1.618825078010560636e-01 1.805423259735106090e-02
