5.201815651647188066e-01 -1.590299080934524101e-01 1.763494215007206378e-01
5.173316349632437472e-01 -1.559564060085825710e-01 1.747394978139940047e-01
5.200871537338871420e-01 -1.604368661043084898e-01 1.774168801052320443e-01
5.196477453768078014e-01 -1.525132989981360376e-01 2.028448201065597978e-01
5.199858389429692362e-01 -1.602295300555787727e-01 1.777562936269811988e-01
5.200027754538875113e-01 -1.605313889388702842e-01 1.769748847031216155e-01
5.160215594546009310e-01 -1.440508294534049716e-01 2.293434888374339398e-01
5.163657095719724754e-01 -1.514724622444733049e-01 2.053098196310274570e-01
5.201930171469725250e-01 -1.589599522629081552e-01 1.765394668255646504e-01
5.202552007428169478e-01 -1.573606423647030961e-01 1.764886470938122898e-01
5.199577127621024530e-01 -1.601641974865495865e-01 1.780406420802249645e-01
5.226314467554912246e-01 -1.524582079073786289e-01 2.040503595434004502e-01
5.195728912859812754e-01 -1.503453790759592956e-01 2.045329943551235097e-01
5.204741617448650493e-01 -1.562732038035988535e-01 1.745859495612633872e-01
5.202254844474826223e-01 -1.590446769102402125e-01 1.762089982562524693e-01
5.227417617732487143e-01 -1.526905761445984111e-01 2.033318067053424549e-01
5.241713758771654463e-01 -1.661982891007475482e-01 1.485582668314784360e-01
5.235929353758759230e-01 -1.561645711629316147e-01 1.757407894192288822e-01
5.242965576669488259e-01 -1.629366331279240021e-01 1.478374003699605144e-01
5.264020231221906432e-01 -1.608809994863196757e-01 1.773422360443266399e-01
5.230563464622877135e-01 -1.514941614560484651e-01 2.017786646024386510e-01
5.207887968661274458e-01 -1.547386900723837222e-01 1.739313922815890479e-01
5.244355164960432525e-01 -1.615408542995787899e-01 1.470798057458138075e-01
5.235095011302232093e-01 -1.577579233934878755e-01 1.757378466599823774e-01
5.254165096652313460e-01 -1.434729770917594072e-01 2.286004010019770938e-01
5.232765002439603297e-01 -1.484955183059648021e-01 2.007887670119090640e-01
5.267244011896281553e-01 -1.579198217260688042e-01 1.760942846617667978e-01
5.237188932387191187e-01 -1.563191015730388267e-01 1.748465810938810705e-01
5.231688548842478026e-01 -1.481611276748068251e-01 2.018079716056844219e-01
5.222790298875331638e-01 -1.330685694008915954e-01 2.511336319939507788e-01
5.217242987326889958e-01 -1.274833372581302970e-01 2.741294393680318020e-01
5.264474792701997474e-01 -1.468793418422266184e-01 2.013569269927555361e-01
5.223027858000185430e-01 -1.331994273389466021e-01 2.503042323581377016e-01
5.229823569865923449e-01 -1.393842890113852484e-01 2.251722412734369350e-01
5.230339097457143982e-01 -1.377539594068414863e-01 2.253891492590589518e-01
5.221612596976067389e-01 -1.345216160271502925e-01 2.512726014410666675e-01
5.352538738859631273e-01 -1.535801506156548868e-01 2.037767004956718697e-01
5.284523311963684744e-01 -1.449933725837393994e-01 2.293924501624149404e-01
5.322085524335548046e-01 -1.514178135519250734e-01 2.042770811724425872e-01
5.251829032018251464e-01 -1.348811215835138411e-01 2.511106532145093162e-01
5.221910112653155300e-01 -1.346614368893169211e-01 2.508914606482772758e-01
5.227088768333826296e-01 -1.421597919270284338e-01 2.264976010497878889e-01
5.222226406469807625e-01 -1.347637348821162928e-01 2.506177382432990264e-01
5.228006168111014595e-01 -1.406035796517543512e-01 2.262894245451478881e-01
5.262524481191263037e-01 -1.482009299721792350e-01 2.024938664983495507e-01
5.234343896780230265e-01 -1.469220592700764827e-01 2.002579035113956074e-01
5.256304516208321065e-01 -1.421541519708484080e-01 2.274155822509258407e-01
5.255746571405888190e-01 -1.436314280063062665e-01 2.281455964623795296e-01
5.261051298664360942e-01 -1.513299910378158308e-01 2.028109194769427415e-01
5.254002417749523701e-01 -1.449672637276500364e-01 2.286073157223535990e-01
5.247543306474506952e-01 -1.390663921578377260e-01 2.528292225116832714e-01
5.246221338839195392e-01 -1.385377695812359256e-01 2.548598768760865774e-01
5.262916841884344166e-01 -1.500451243581399086e-01 2.019292912492893777e-01
5.019777680632597772e-01 -1.134514810701748033e-01 2.686081732191361038e-01
4.809457487597206815e-01 -1.240452934515979266e-01 2.148323027085234926e-01
4.714731629632912258e-01 -1.324467070851773065e-01 1.303336001995887283e-01
4.975724397927831499e-01 -1.374980487609072100e-01 1.323542567013544780e-01
5.276287377426914782e-01 -1.194133923221071814e-01 1.585928751986769303e-01
5.559317751678390929e-01 -1.355220383676751239e-01 1.019346520605226569e-01
5.779024541534492077e-01 -1.576102942564213127e-01 8.072080310194351682e-03
5.785513743250056962e-01 -1.428720782448574811e-01 -3.567459413239060240e-02
5.787746884517892543e-01 -1.413672262996100160e-01 -3.740977529846190031e-02
5.683135588611378797e-01 -1.253956542354895953e-01 2.990968954191797202e-02
5.630809766320258314e-01 -1.183109245205000160e-01 6.282496095459522145e-02
5.839951892345264239e-01 -1.542607405120469677e-01 -7.117967495661936539e-02
5.867967372115283631e-01 -1.236212263653129195e-01 6.429506043877308841e-02
6.077926052630309162e-01 -1.463798487464049169e-01 7.896968667673331943e-02
6.070657511433109610e-01 -1.507268804593868139e-01 8.258881136178120030e-02
6.048632915239497976e-01 -1.673371870032139275e-01 9.214235337777165746e-02
6.022324343774646538e-01 -1.632767134278341747e-01 1.239034188635699252e-01
6.142866565105318255e-01 -1.761566285711675395e-01 9.593015007892091717e-02
6.198108706423550718e-01 -1.546016500983834197e-01 1.529141717776014708e-01
6.108704024872941840e-01 -1.459406636119852663e-01 8.160008794403084131e-02
5.832692402114495467e-01 -1.077874527641981550e-01 1.244526365179960958e-01
5.858657292058497834e-01 -1.076271223201788474e-01 9.153145774145832192e-02
5.962274313849835750e-01 -1.066825565177872415e-01 1.268019394822366142e-01
4.953299999999999925e-01 2.731419999999999959e-01 1.578349999999999920e+00
6.269527927347630092e-01 -1.242875969309061301e-01 2.639935826414641085e-03
6.502590746999591387e-01 -1.006687498648613510e-01 6.415118568577771185e-02
6.660319607899813921e-01 -8.083499275262651107e-02 5.674256145955314246e-02
6.665476264313697774e-01 -7.783202624057233843e-02 5.480240862789309553e-02
6.346428559698015226e-01 -8.589634412059188318e-02 1.208978930692896636e-01
6.121685906006439915e-01 -1.106315188246779213e-01 9.590467099657762340e-02
6.140146984321609436e-01 -1.212993462083078455e-01 6.835612519594769232e-02
6.119836798212915374e-01 -1.121510198966078065e-01 9.690573808713298654e-02
6.215566532033562908e-01 -1.118241854785680389e-01 1.009470880518852365e-01
6.157396005583778420e-01 -5.141897892189017938e-02 1.974861087448542829e-01
6.203337481951280985e-01 -1.395355922448632269e-02 1.792241745683393894e-01
5.838841288789391459e-01 6.737636499762533759e-02 2.770341219968379676e-01
5.624107745186573970e-01 9.998611576154081693e-02 1.479031411379809757e-01
5.229478908788720570e-01 1.343468767159665123e-01 2.095997233732465048e-01
4.965935207405849927e-01 1.741723232795149845e-01 2.400358166259863868e-01
4.766252630942292567e-01 2.107519510180577704e-01 1.994021092541005125e-01
4.378001460167809666e-01 2.393509561677724107e-01 1.851004843038177583e-01
4.094012881032392248e-01 2.407113771783263578e-01 1.568905859931388758e-01
3.577279921724081380e-01 2.468803438461423250e-01 1.801279158737361108e-01
3.140323586014002744e-01 2.556644555687607179e-01 2.665055149703696724e-01
2.309574235090494643e-01 2.825590817962289059e-01 2.773058671009243081e-01
4.953299999999999925e-01 2.731419999999999959e-01 1.578349999999999920e+00
4.953299999999999925e-01 2.731419999999999959e-01 1.578349999999999920e+00
-1.179034284708502245e-02 3.761224596394300845e-01 2.958068132863760358e-01
4.953299999999999925e-01 2.731419999999999959e-01 1.578349999999999920e+00
4.953299999999999925e-01 2.731419999999999959e-01 1.578349999999999920e+00
4.953299999999999925e-01 2.731419999999999959e-01 1.578349999999999920e+00
4.953299999999999925e-01 2.731419999999999959e-01 1.578349999999999920e+00
4.953299999999999925e-01 2.731419999999999959e-01 1.578349999999999920e+00
4.953299999999999925e-01 2.731419999999999959e-01 1.578349999999999920e+00
4.953299999999999925e-01 2.731419999999999959e-01 1.578349999999999920e+00
4.953299999999999925e-01 2.731419999999999959e-01 1.578349999999999920e+00
4.953299999999999925e-01 2.731419999999999959e-01 1.578349999999999920e+00
4.953299999999999925e-01 2.731419999999999959e-01 1.578349999999999920e+00
4.953299999999999925e-01 2.731419999999999959e-01 1.578349999999999920e+00
4.953299999999999925e-01 2.731419999999999959e-01 1.578349999999999920e+00
-3.589635467112073375e-02 3.540779808143973972e-01 2.873783159624871963e-01
3.105600634748933997e-02 2.836592684353590466e-01 2.871511263763903976e-01
1.851124643332660580e-01 1.707741948253810871e-01 3.227484969091474198e-01
3.000586944751829632e-01 5.404680287930374583e-02 6.936831735240356345e-02
4.346173821242839130e-01 9.862608700782093951e-03 1.793435934661551379e-01
4.884983969738807552e-01 -2.050849288622658140e-02 1.397805540488201714e-01
5.595716373741217442e-01 -4.761931102875621713e-02 1.570489618137205223e-01
5.906392386304081255e-01 -6.771315250605342007e-02 1.088751808620600503e-01
5.916578780969559137e-01 -5.464340141670404050e-02 6.718519121184773901e-02
5.706083775705843575e-01 -4.984959382988507492e-02 3.120277263399362511e-02
5.919952402246564382e-01 -6.355205970413985161e-02 -3.581691934112618547e-02
5.903340238777995408e-01 -3.719524212984737233e-02 5.840147409721763161e-02
5.907800377603530384e-01 -3.221363462284199120e-02 5.746566954757859058e-02
5.962182912496210019e-01 -3.695995126758511162e-02 2.641210148498585042e-02
5.938903673386245474e-01 -5.354523112659154149e-02 -3.451406924709576884e-03
5.938785624824538534e-01 -5.355656452600654482e-02 -3.496276147673560430e-03
5.984841512747898218e-01 -6.248551277209812849e-02 -7.346694620921701002e-02
5.774243078240185456e-01 -4.228944784186777772e-02 -8.782472427103060753e-03
5.723558135681853232e-01 -3.591097478961940981e-02 2.188153527111347252e-02
5.738064199414030231e-01 -4.403170059394834190e-02 -1.038302317592432189e-02
5.687839747455648576e-01 -3.915211166057730452e-02 2.151408691912459759e-02
5.687527846257350861e-01 -3.883745057358595210e-02 2.296049685892653791e-02
5.736974395083055400e-01 -4.566546119421716066e-02 -9.670893957502313398e-03
5.771567724854842485e-01 -4.595664768420154589e-02 -9.569289448998263836e-03
5.724295375757366688e-01 -3.780696908074615559e-02 2.051990591622732119e-02
5.826585404227166975e-01 -5.146119444529712039e-02 -4.425450091114924156e-02
5.771844231167122530e-01 -4.581359673810003752e-02 -8.830664660958387202e-03
5.772629310230389388e-01 -4.596830967998499773e-02 -9.558550718831160253e-03
5.772535235920682739e-01 -4.599651095189150052e-02 -9.709875266391776449e-03
5.825188470573843258e-01 -5.307241518387195711e-02 -4.297994150537265412e-02
5.825010351491779481e-01 -5.307742820812760831e-02 -4.278781137642573285e-02
5.771886019766450104e-01 -4.580666601158678297e-02 -8.334223436994747658e-03
5.771820634924084148e-01 -4.581164836759860082e-02 -8.538631659317008626e-03
5.771658603948011113e-01 -4.566935682415956821e-02 -8.026119179212365395e-03
5.824301119901150736e-01 -5.287824229404325393e-02 -4.179210343507366865e-02
5.824394095411047356e-01 -5.294928519885239160e-02 -4.226586354441574933e-02
5.824314314678520343e-01 -5.275995229783647655e-02 -4.142830311068146365e-02
5.824715409398286692e-01 -5.281627941949662564e-02 -4.168419467349959717e-02
5.824724404319450155e-01 -5.282523487263912632e-02 -4.182860763527518344e-02
5.773721759843438717e-01 -4.412862255181371207e-02 -9.279643800708559098e-03
5.806812752134948852e-01 -4.605606284333763067e-02 -8.715383868938886280e-03
5.879968607115253487e-01 -6.019728113828598515e-02 -7.692614173367551267e-02
5.860017785257487510e-01 -5.309676151427622504e-02 -4.196808790055683858e-02
5.807805881239056500e-01 -4.621506978020073486e-02 -9.432935262945418842e-03
5.915905335781693752e-01 -6.053387547384198042e-02 -7.678461439726791404e-02
5.860209639759494937e-01 -5.312120795004066087e-02 -4.169950453651027900e-02
5.860351254455163916e-01 -5.316014683143793773e-02 -4.206289308378186043e-02
5.859883840219006768e-01 -5.303655338916174466e-02 -4.138568926275176807e-02
5.860716281635820479e-01 -5.312009404560918968e-02 -4.178147823547728734e-02
5.862730528099894256e-01 -5.158926161073140726e-02 -4.328031310806745857e-02
5.806832856239496632e-01 -4.601205803152913498e-02 -8.535003674232877202e-03
5.806405586884930692e-01 -4.591643434429165671e-02 -8.040039370592833023e-03
5.861771751569897493e-01 -5.147301197299364306e-02 -4.278521254354861192e-02
5.807730041934862086e-01 -4.434047382487354971e-02 -8.470847836232975325e-03
5.860232312110289499e-01 -5.302394870953253125e-02 -4.174730765748546624e-02
5.863215066073760307e-01 -5.166444830095767715e-02 -4.389305697664114270e-02
5.809021092552602017e-01 -4.452332125426822218e-02 -1.005601022027002855e-02
5.826951066973418136e-01 -5.108239893016214284e-02 -4.255611205111620166e-02
5.862572166384771855e-01 -5.154073966565719811e-02 -4.341486640881830894e-02
5.859852984065755388e-01 -5.301037167215338908e-02 -4.163804385271752118e-02
5.881536897098212924e-01 -5.835949454540012571e-02 -7.721633395697913294e-02
5.827310028137281384e-01 -4.932393732132017705e-02 -4.247726902419701744e-02
5.881345938508316662e-01 -5.832426739868512566e-02 -7.708375268467726471e-02
5.862637479783475714e-01 -5.152080542662734741e-02 -4.325105925279282282e-02
5.810898788452625308e-01 -4.293535087379812820e-02 -1.052579239555306856e-02
5.862907833746984210e-01 -5.154582857963441178e-02 -4.333995395283607444e-02
5.860364505555153425e-01 -5.304618565499780170e-02 -4.182821056669938642e-02
5.881327171957910771e-01 -5.834296525005994161e-02 -7.719564763885289338e-02
5.881611542295739348e-01 -5.834552294163397601e-02 -7.722430139134761617e-02
5.885171093537405751e-01 -5.503987198348342380e-02 -7.866161655583159273e-02
5.885469135396524942e-01 -5.511867346660792588e-02 -7.906334451223240301e-02
5.884289791805729086e-01 -5.679579674613471907e-02 -7.873369795609197475e-02
5.863781566940025058e-01 -4.986399515961104090e-02 -4.358447712141955144e-02
5.866357681744738262e-01 -4.833394547742603242e-02 -4.511647617259395560e-02
5.863885262803837373e-01 -4.981355817288157795e-02 -4.314339299301872543e-02
5.863450516097857834e-01 -4.975126593771572736e-02 -4.297939729106947659e-02
5.918169868188292160e-01 -5.874283376365896370e-02 -7.764667804112312943e-02
5.864136364732190909e-01 -4.973291599372020588e-02 -4.273416974582744388e-02
5.830419824439838639e-01 -4.779877867981791040e-02 -4.403811423028636263e-02
5.884152324390471422e-01 -5.681106098219751432e-02 -7.902128947941644554e-02
5.864712205346898077e-01 -4.997795195090770637e-02 -4.403203894226792592e-02
5.884012898437113170e-01 -5.683266919916868387e-02 -7.891679104030280278e-02
5.880749205837145777e-01 -5.828910885964333488e-02 -7.673929841704141275e-02
5.863963565020023916e-01 -5.174877041450137716e-02 -4.438287629110226895e-02
5.918814661344841133e-01 -5.895006646052003418e-02 -7.852104455633668323e-02
5.883758545290366238e-01 -5.673439531926804946e-02 -7.827740685080675220e-02
5.809122988615438299e-01 -4.450919307814538151e-02 -9.749592551644870042e-03
5.826757295820846894e-01 -5.115921750582752559e-02 -4.269590247243715275e-02
5.881461960188238969e-01 -5.841498654147980751e-02 -7.745523960017419718e-02
5.917851355854765183e-01 -5.879079602983589004e-02 -7.755483690638165228e-02
5.883899542084798373e-01 -5.680063615040481517e-02 -7.859586453944977791e-02
5.864854245054275106e-01 -5.003807438895102599e-02 -4.472264270287307220e-02
5.863296618105173774e-01 -5.160767319302256295e-02 -4.350148484508231661e-02
5.940799431323334767e-01 -6.438653918358677730e-02 -1.148717095098978902e-01
5.884126791853800942e-01 -5.688012329590313998e-02 -7.910498427612711048e-02
5.864329410680875210e-01 -4.994316734914477918e-02 -4.431975255088138610e-02
5.920400095859572609e-01 -5.726375108075137943e-02 -7.921952745641847038e-02
5.862914005144178597e-01 -5.156749176378544464e-02 -4.322319069782931678e-02
5.918564439155667989e-01 -5.898290068294104183e-02 -7.845786180873814963e-02
5.864562565186530740e-01 -4.995487101706858057e-02 -4.436965115453772590e-02
5.862352619237780615e-01 -5.150382280091941878e-02 -4.319494076505736579e-02
5.809223846190005869e-01 -4.452105614076556916e-02 -9.960756514784785409e-03
5.920289749901905818e-01 -5.727444277122617500e-02 -7.935052288949728805e-02
5.882967327741399632e-01 -5.664938151909404418e-02 -7.776802217680867102e-02
5.864962248884557638e-01 -5.004034525512157661e-02 -4.471250132825832502e-02
5.863167344632507216e-01 -5.162174573583899750e-02 -4.359859484298400645e-02
5.862843249866276363e-01 -5.158629976387318905e-02 -4.350425503603827515e-02
5.883688038020015165e-01 -5.676684143327170862e-02 -7.849735462933038477e-02
5.883551846022516685e-01 -5.675514592124514257e-02 -7.855154586057078170e-02
5.881209443291395278e-01 -5.834511565381284015e-02 -7.714939110363294716e-02
5.864211165160178041e-01 -4.990064846822617195e-02 -4.415492392852016224e-02
5.808760131507486602e-01 -4.446224478776750200e-02 -9.609960824909835608e-03
5.864883019661560892e-01 -4.998592845468224910e-02 -4.448963147323503620e-02
5.827342492732108248e-01 -4.926081814990929120e-02 -4.258190306447295903e-02
5.882676798706530930e-01 -5.659629660555715036e-02 -7.757915851242258576e-02
5.862684362606077615e-01 -5.160598223304740939e-02 -4.346709268494697298e-02
5.809352867873728288e-01 -4.454668113076681868e-02 -1.000307659133370386e-02
5.883697338879376737e-01 -5.679204446111618676e-02 -7.847744250105326280e-02
5.808108881021692982e-01 -4.452300743833181862e-02 -9.513598713289939113e-03
5.806589048525124808e-01 -4.599836297819015485e-02 -8.124911326189421246e-03
5.806522084846764686e-01 -4.600805814120167980e-02 -8.135883393187937074e-03
5.807262865112499117e-01 -4.624213105800745183e-02 -9.143016730593922503e-03
5.805560073349833594e-01 -4.584340645895895738e-02 -7.234609089748600397e-03
5.756939582635104413e-01 -3.761528074264525179e-02 2.331168891161383705e-02
5.807055222955972429e-01 -4.616146113111074811e-02 -8.837242707085746218e-03
5.806687220911548319e-01 -4.604572231766584922e-02 -8.367841880501103446e-03
5.807987897675588318e-01 -4.450007582788167992e-02 -9.407565093834113767e-03
5.826153386835127845e-01 -5.119236873383820052e-02 -4.264924022162563944e-02
5.826988763760463375e-01 -5.121946676893529560e-02 -4.280738051129073796e-02
5.881314477589294487e-01 -5.852460592575364773e-02 -7.749994575284024911e-02
5.806004356374531161e-01 -4.593926314638546726e-02 -7.793602442499825145e-03
5.734295603849888234e-01 -2.349570538203415992e-02 1.194930235458211421e-01
5.705694818462982987e-01 -2.220551633928713464e-02 1.165418463243506064e-01
5.774277257997513235e-01 -4.441623283417522883e-02 -1.048634021726391197e-02
5.772509138719946753e-01 -4.409868332393462875e-02 -9.058856489300826098e-03
5.826431819059580963e-01 -5.141155785426493319e-02 -4.374618336742974734e-02
5.827598014998316422e-01 -5.153711834706364847e-02 -4.440199343564077417e-02
5.826941830112561949e-01 -5.149375137452771867e-02 -4.410385845183673048e-02
5.823951195326745323e-01 -5.282307222342491615e-02 -4.180239666767437967e-02
5.826201590135752229e-01 -5.120578326532243540e-02 -4.283060069216482191e-02
5.826778771754637098e-01 -5.146131138792636728e-02 -4.414958888075570798e-02
5.826637188463137385e-01 -5.128652715219556013e-02 -4.335070807763274914e-02
5.826161230284065962e-01 -5.122824220626054359e-02 -4.302508879719990631e-02
5.826080163560971581e-01 -5.124353758610783460e-02 -4.308258802705045021e-02
5.879595918115825270e-01 -6.025848998752236785e-02 -7.695595073384486895e-02
5.826158181441798423e-01 -5.119056575781100182e-02 -4.316433877404857178e-02
5.833182927986919619e-01 -4.655197523342069488e-02 -4.687894766711742101e-02
5.777984958053379305e-01 -4.121039267766474223e-02 -1.228082115269768515e-02
5.828595051776795932e-01 -4.966723799349359592e-02 -4.477135664064268994e-02
5.826682414896279250e-01 -5.129579345712059757e-02 -4.360469623108675918e-02
5.827504952085167389e-01 -5.137382981286936490e-02 -4.395405949930264455e-02
5.827030771576314772e-01 -5.133641330453753149e-02 -4.395401152664568656e-02
5.774638796077191660e-01 -4.435648384718599013e-02 -1.071177651403698583e-02
5.883502138010263671e-01 -5.694710412812231670e-02 -7.941101693698193742e-02
5.827083341146558348e-01 -5.130653593587869432e-02 -4.372497378447826044e-02
5.828032109339341682e-01 -5.155017074973877733e-02 -4.477937847599622323e-02
5.827310419365748784e-01 -5.135613402596106436e-02 -4.387539583386557140e-02
5.774376822475566495e-01 -4.435806250068535794e-02 -1.062494425928228736e-02
5.774403985640124137e-01 -4.431777539357539819e-02 -1.049196767383753226e-02
5.828564911758125078e-01 -4.970341303116077025e-02 -4.460954794254012867e-02
5.827435480388463152e-01 -5.132348186759644326e-02 -4.374453615325823996e-02
5.827169190052002845e-01 -5.131856961585579135e-02 -4.342901588689396242e-02
5.826467980016901693e-01 -5.123094916164872004e-02 -4.297824192169530377e-02
5.826157406387134641e-01 -5.113968877580754580e-02 -4.268844113751124603e-02
5.826728366903245471e-01 -5.126722354574497764e-02 -4.326242963297244337e-02
5.881851423077374408e-01 -5.863409509380163032e-02 -7.833260900354988010e-02
5.883284543213262996e-01 -5.889951321937142437e-02 -7.960889183513009115e-02
5.882418949089914806e-01 -5.872519743369514211e-02 -7.867798422800609259e-02
5.879803582992360056e-01 -6.021686216929555968e-02 -7.698101299956516819e-02
5.824079584849491953e-01 -5.280346256883439171e-02 -4.162848814290232013e-02
5.879914014416187662e-01 -6.032053218764066305e-02 -7.706606499360346696e-02
5.825528996605440213e-01 -5.303923101864754797e-02 -4.293366249401797674e-02
5.879568326056092697e-01 -6.022845161831374972e-02 -7.682873105475440667e-02
5.878787863605946518e-01 -6.003679691971841592e-02 -7.589817908175300332e-02
5.879823855610802896e-01 -6.015116836303469050e-02 -7.659186426580189000e-02
5.882458293710738362e-01 -5.856236438392103949e-02 -7.785385747428841263e-02
5.882966888650417170e-01 -5.863019710782163552e-02 -7.838559750740836662e-02
5.884629044709682733e-01 -5.699199611298738644e-02 -7.956614707595544012e-02
5.884401124054059462e-01 -5.701232906217867935e-02 -7.962033114574773585e-02
5.882252232979789941e-01 -5.861279620394105327e-02 -7.837041628631569168e-02
5.881941164952799728e-01 -5.869997779524321890e-02 -7.866821453132999409e-02
5.827440126261442810e-01 -5.141655470280342977e-02 -4.421963568499709396e-02
5.774461999962091641e-01 -4.435909901060158811e-02 -1.041828661778132492e-02
5.827563050844803971e-01 -5.140385345353182256e-02 -4.401829478458263445e-02
5.827236299770712780e-01 -5.138949450466034907e-02 -4.399457032389930689e-02
5.882744627091557321e-01 -5.879680540513987363e-02 -7.907869031649061853e-02
5.883277744733854675e-01 -5.884591162493818528e-02 -7.947804172975514447e-02
5.827278188512772239e-01 -5.136819787265356485e-02 -4.378013144647208144e-02
5.881771497649609381e-01 -5.857365743342041187e-02 -7.818003276628848752e-02
5.773833907740786309e-01 -4.435411346331241678e-02 -1.044517852541138048e-02
5.689074679359867881e-01 -3.556843677407506288e-02 2.212073596135155640e-02
5.672059784631983126e-01 -3.857970716218650509e-02 -1.309431335925825834e-02
5.595786816040344558e-01 -4.981754021979123426e-02 -8.425234136269121876e-02
5.421923446358732912e-01 -2.749153036091472879e-02 1.522015002078580537e-02
5.429060125516556035e-01 -3.361943841458109317e-02 -1.664332727130912737e-02
5.383272191035862742e-01 -4.190993565360823236e-02 -9.108115855975418285e-02
5.427064246209963860e-01 -5.095050401221212777e-02 -1.273832991163126316e-01
5.429186443172164811e-01 -4.915306476960329407e-02 -1.276202470510396925e-01
5.389430951415654647e-01 -2.591289434024318661e-02 1.233848037800044928e-02
5.454625239322528074e-01 -2.768768583783504100e-02 1.515568510169007510e-02
5.501161755136594333e-01 -3.429909168316419565e-02 -1.700054627169578225e-02
5.686499079433068315e-01 -4.505476210449632646e-02 -4.606156894506163724e-02
5.658522555983886981e-01 -3.399435249526794323e-02 1.949785853661678559e-02
5.691655144342839812e-01 -3.411285347473619334e-02 2.060357786849453809e-02
5.675687483721331139e-01 -2.961816356663399263e-02 5.194527600113674204e-02
5.723069747456088763e-01 -3.568536188998816527e-02 2.254384936805142736e-02
5.774967221524774930e-01 -4.255161893932518646e-02 -1.006790035625848567e-02
5.775045072127207302e-01 -4.238516685923932048e-02 -9.189790524778640446e-03
5.777346041071250715e-01 -4.094710437321663621e-02 -1.093467418383586853e-02
5.774894867593303172e-01 -4.247126071088014321e-02 -9.550840272734228975e-03
5.774385080127164560e-01 -4.246796452859041837e-02 -9.497476761723300243e-03
5.827419126024588891e-01 -4.954931766822934236e-02 -4.324999062810319650e-02
5.772777008447199654e-01 -4.416405873841044993e-02 -9.209448425202104715e-03
5.772890496556609685e-01 -4.417217730948325149e-02 -9.120661720483091983e-03
5.773187649205148153e-01 -4.407280381704864469e-02 -9.180600886945500250e-03
5.771770225109189578e-01 -4.578582292354105299e-02 -8.898582300539414902e-03
5.771300796070426564e-01 -4.574590653353927117e-02 -8.317045785285692716e-03
5.771084919570148575e-01 -4.568730503433937606e-02 -8.097183055147727515e-03
5.770954175267979380e-01 -4.573572127011416022e-02 -8.279227994997251372e-03
5.770602523247048143e-01 -4.565058416976031097e-02 -8.000620624416310278e-03
5.824620348726883279e-01 -5.293022187744078622e-02 -4.247450801089791561e-02
5.824180052743836988e-01 -5.292351934538774838e-02 -4.247034219761713913e-02
5.771356993152052528e-01 -4.573782260005171407e-02 -8.511385257848891328e-03
5.771718541831404314e-01 -4.591327059769623187e-02 -9.232618026892902563e-03
5.771377015422091139e-01 -4.584387606820461425e-02 -8.956417893401624752e-03
5.771882477655545518e-01 -4.583094744676352583e-02 -8.776317576449477187e-03
5.771482012311874854e-01 -4.588455378921324490e-02 -9.367629159413359830e-03
5.772135361433312628e-01 -4.592260204108056243e-02 -9.497025168287098751e-03
5.772788266738966279e-01 -4.602372090713674480e-02 -9.976634017700547474e-03
5.771947564232722261e-01 -4.588003967079518075e-02 -9.397919994159842361e-03
