4.379144796729089739e-01 4.990656554698945091e-01 3.352742573618888722e-01
4.379144126176836016e-01 4.990659534931183861e-01 3.352743169665336476e-01
4.379144126176836016e-01 4.990659534931183861e-01 3.352743169665336476e-01
4.379144126176834906e-01 4.990659534931183861e-01 3.352743169665336476e-01
4.379144126176836016e-01 4.990659534931183861e-01 3.352743169665336476e-01
4.379144126176834906e-01 4.990659534931183861e-01 3.352743169665336476e-01
4.379144126176836016e-01 4.990659534931183861e-01 3.352743169665336476e-01
4.379144796729089739e-01 4.990656554698945091e-01 3.352742573618888722e-01
4.379144126176836016e-01 4.990659534931183861e-01 3.352743169665336476e-01
4.379144796729089739e-01 4.990656554698946201e-01 3.352742573618888722e-01
4.379144796729089739e-01 4.990656554698945091e-01 3.352742573618888722e-01
4.379144126176836016e-01 4.990659534931183861e-01 3.352743169665336476e-01
4.379144126176836016e-01 4.990659534931183861e-01 3.352743169665336476e-01
4.379144796729089739e-01 4.990656554698946201e-01 3.352742573618888722e-01
4.379144126176836016e-01 4.990659534931183861e-01 3.352743169665336476e-01
4.379144126176836016e-01 4.990659534931183861e-01 3.352743169665336476e-01
4.379144126176836016e-01 4.990659534931183861e-01 3.352743169665336476e-01
4.379144126176836016e-01 4.990659534931183861e-01 3.352743169665336476e-01
4.379144796729089739e-01 4.990656554698945091e-01 3.352742573618888722e-01
4.379144126176836016e-01 4.990659534931183861e-01 3.352743169665336476e-01
4.379144796729089739e-01 4.990656554698945091e-01 3.352742573618888722e-01
4.379144126176836016e-01 4.990659534931183861e-01 3.352743169665336476e-01
4.379144126176836016e-01 4.990659534931183861e-01 3.352743169665336476e-01
4.379144126176836016e-01 4.990659534931183861e-01 3.352743169665336476e-01
4.379144796729089739e-01 4.990656554698945091e-01 3.352742573618888722e-01
4.379144126176836016e-01 4.990659534931183861e-01 3.352743169665336476e-01
4.379144126176836016e-01 4.990659534931183861e-01 3.352743169665336476e-01
4.379144796729089739e-01 4.990656554698945091e-01 3.352742573618888722e-01
4.379144126176836016e-01 4.990659534931183861e-01 3.352743169665336476e-01
4.379144796729089739e-01 4.990656554698945091e-01 3.352742573618888722e-01
4.379144126176836016e-01 4.990659534931183861e-01 3.352743169665336476e-01
4.379144796729089739e-01 4.990656554698945091e-01 3.352742573618888722e-01
4.379144126176836016e-01 4.990659534931183861e-01 3.352743169665336476e-01
4.379144796729089739e-01 4.990656554698945091e-01 3.352742573618888722e-01
4.379144796729088629e-01 4.990656554698945091e-01 3.352742573618888722e-01
4.379144126176836016e-01 4.990659534931183861e-01 3.352743169665336476e-01
4.379144796729089739e-01 4.990656554698945091e-01 3.352742573618888722e-01
4.379144126176836016e-01 4.990659534931183861e-01 3.352743169665336476e-01
4.379144796729089739e-01 4.990656554698945091e-01 3.352742573618888722e-01
4.379144126176834906e-01 4.990659534931183861e-01 3.352743169665336476e-01
4.379144126176836016e-01 4.990659534931183861e-01 3.352743169665336476e-01
4.379144126176836016e-01 4.990659534931183861e-01 3.352743169665336476e-01
4.379144126176836016e-01 4.990659534931183861e-01 3.352743169665336476e-01
4.379144796729089739e-01 4.990656554698945091e-01 3.352742573618888722e-01
4.379144796729089739e-01 4.990656554698945091e-01 3.352742573618888722e-01
4.379144126176836016e-01 4.990659534931183861e-01 3.352743169665336476e-01
4.379144126176836016e-01 4.990659534931183861e-01 3.352743169665336476e-01
4.379144796729089739e-01 4.990656554698945091e-01 3.352742573618888722e-01
4.379144796729089739e-01 4.990656554698945091e-01 3.352742573618888722e-01
4.379144796729089739e-01 4.990656554698945091e-01 3.352742573618888722e-01
4.379144126176836016e-01 4.990659534931183861e-01 3.352743169665336476e-01
4.379144796729089739e-01 4.990656554698945091e-01 3.352742573618888722e-01
4.379144126176836016e-01 4.990659534931183861e-01 3.352743169665336476e-01
4.379144796729089739e-01 4.990656554698945091e-01 3.352742573618888722e-01
4.379144796729089739e-01 4.990656554698945091e-01 3.352742573618888722e-01
4.379144126176836016e-01 4.990659534931183861e-01 3.352743169665336476e-01
4.379144796729088629e-01 4.990656554698943981e-01 3.352742573618888722e-01
4.379144796729089739e-01 4.990656554698945091e-01 3.352742573618888722e-01
4.379144796729089739e-01 4.990656554698945091e-01 3.352742573618888722e-01
4.379144126176836016e-01 4.990659534931183861e-01 3.352743169665336476e-01
4.379144126176836016e-01 4.990659534931183861e-01 3.352743169665336476e-01
4.379144796729089739e-01 4.990656554698945091e-01 3.352742573618888722e-01
4.379144126176836016e-01 4.990659534931183861e-01 3.352743169665336476e-01
4.379144126176836016e-01 4.990659534931184971e-01 3.352743169665336476e-01
4.379145914316179278e-01 4.990659832954407737e-01 3.352742797136306629e-01
4.379144796729089739e-01 4.990656554698943981e-01 3.352742573618888722e-01
4.379144796729089739e-01 4.990656554698945091e-01 3.352742573618888722e-01
4.379144126176836016e-01 4.990659534931183861e-01 3.352743169665336476e-01
4.379144796729089739e-01 4.990656554698945091e-01 3.352742573618888722e-01
4.379144126176836016e-01 4.990659534931183861e-01 3.352743169665336476e-01
4.387363755702974322e-01 4.983757317066193626e-01 3.352449542284011708e-01
4.507602268457413519e-01 4.874304413795472191e-01 3.324356606602668629e-01
4.667912536859514239e-01 4.673443615436554954e-01 3.254441773891448841e-01
4.863732868433000567e-01 4.402376294136048362e-01 3.132909765839576588e-01
4.965499454736711504e-01 4.249798536300660179e-01 3.052769979834556446e-01
5.270523542165758135e-01 3.781663656234742210e-01 2.764538383483886586e-01
5.349898749589921954e-01 3.664789676666261320e-01 2.659104919433593617e-01
5.414386951923372271e-01 3.575751364231111173e-01 2.559578201174735890e-01
5.501760357618333819e-01 3.462639331817628507e-01 2.376093050837516651e-01
5.542201662063601653e-01 3.423782169818879728e-01 2.216941422224044667e-01
5.567610377073289873e-01 3.418373048305513029e-01 2.084454154968261586e-01
5.570980721712114336e-01 3.433794558048249845e-01 2.025758481025695668e-01
5.576276743412019732e-01 3.448179543018342619e-01 1.976315534114837513e-01
5.588972234725954058e-01 3.453723073005677824e-01 1.879550895094871388e-01
5.590352231264116289e-01 3.473816394805909757e-01 1.809370598196983204e-01
5.597528481483461382e-01 3.473341047763826017e-01 1.756618587672710285e-01
5.594489389657976153e-01 3.481986105442048673e-01 1.735657086968421803e-01
5.583024585247041705e-01 3.497922003269197111e-01 1.717421418428420887e-01
5.461531841754915240e-01 3.626052320003511076e-01 1.644082000851631031e-01
5.410369151830675127e-01 3.651490986347200041e-01 1.605436658859252796e-01
5.342158192396165850e-01 3.599038898944856291e-01 1.548251068592071400e-01
5.335028135776521685e-01 3.397678613662721281e-01 1.526738113164901600e-01
5.347536915540698210e-01 3.271568298339845304e-01 1.527283942699432517e-01
5.409703367948535124e-01 2.900587201118470793e-01 1.560065752267837391e-01
5.428199136257174651e-01 2.805747270584108000e-01 1.573328828811645375e-01
5.460985565185549895e-01 2.674116373062135343e-01 1.601423925161361561e-01
5.472072625160220305e-01 2.626911282539369230e-01 1.607967323064803944e-01
5.482090377807620207e-01 2.577698111534120207e-01 1.612510612607002125e-01
5.502736234664920012e-01 2.472900629043580656e-01 1.613929426670074330e-01
5.510190689563754241e-01 2.443317651748658781e-01 1.609844198822975025e-01
5.517268443107608000e-01 2.420554637908937101e-01 1.604434704780578480e-01
5.534282737970354082e-01 2.358758330345155363e-01 1.599203652143478260e-01
5.538976752758029143e-01 2.341526627540589933e-01 1.594156330823898182e-01
5.554233604669573943e-01 2.310981035232545500e-01 1.587247034907340593e-01
5.563421064615252654e-01 2.290516972541810636e-01 1.588284379243850575e-01
5.572391116619113127e-01 2.274881482124330168e-01 1.587010031938552723e-01
5.580090695619586150e-01 2.261600971221925382e-01 1.589277541637420521e-01
5.591123664379122893e-01 2.239612817764283781e-01 1.584773963689803944e-01
5.593225026130679289e-01 2.236997365951539640e-01 1.578058755397796498e-01
5.601733738183978240e-01 2.220560789108277921e-01 1.566603785753249989e-01
5.602213853597644011e-01 2.219230413436891203e-01 1.560622534155845509e-01
5.603825712203982512e-01 2.215976595878602629e-01 1.557920283079147206e-01
5.607919359207156340e-01 2.208372831344606046e-01 1.557707941532134877e-01
5.611950570344927947e-01 2.201262593269349699e-01 1.552684015035629139e-01
5.616416597366336028e-01 2.193109273910524015e-01 1.547235405445098744e-01
5.620337986946108977e-01 2.186387658119203214e-01 1.545455461740493641e-01
5.620747172832492033e-01 2.187541604042054777e-01 1.543309694528579301e-01
5.625105911493304411e-01 2.178057312965394621e-01 1.541950857639312611e-01
5.625210964679721037e-01 2.176647663116456632e-01 1.539461171627044545e-01
5.624059253931047442e-01 2.177511334419250932e-01 1.535760766267776078e-01
5.622695350646975676e-01 2.168939590454103117e-01 1.530143177509307728e-01
5.617900305986407439e-01 2.166129231452943449e-01 1.523836559057235585e-01
5.615662747621539275e-01 2.167518019676210050e-01 1.519555008411407337e-01
5.614661091566088835e-01 2.170001149177552824e-01 1.516056215763091908e-01
5.611751788854602019e-01 2.166826009750367765e-01 1.510754755139350758e-01
5.609724634885790984e-01 2.166828989982606535e-01 1.510702079534530506e-01
5.607437455654147307e-01 2.164748787879945402e-01 1.507679826021194325e-01
5.604511612653734209e-01 2.166750907897950773e-01 1.500597900152206288e-01
5.602794700860980193e-01 2.168217778205873136e-01 1.497847667336463795e-01
5.600351804494860808e-01 2.170057773590089445e-01 1.492756164073943959e-01
5.597498381137850920e-01 2.173194766044618254e-01 1.482516533136367665e-01
5.594955796003344695e-01 2.174613952636720304e-01 1.470738208293914662e-01
5.593582355976107756e-01 2.173259139060975675e-01 1.463007485866546498e-01
5.591136479377749602e-01 2.171616435050964800e-01 1.451741835474967546e-01
5.587293171882631304e-01 2.171220064163209562e-01 1.440604707598686085e-01
5.585169160366061369e-01 2.172610044479371671e-01 1.434928929805755482e-01
5.581987315416339079e-01 2.166834354400636320e-01 1.424070751667022572e-01
5.580035859346392790e-01 2.167237877845765714e-01 1.416226482391357289e-01
5.578693711757662932e-01 2.159873127937318449e-01 1.413543826341628895e-01
5.578311347961428801e-01 2.155661463737489347e-01 1.413760638236999378e-01
5.577444994449618498e-01 2.151576757431031828e-01 1.407292193174362049e-01
5.577515774965289275e-01 2.148332476615907316e-01 1.405725634098052845e-01
5.579178893566134612e-01 2.139912128448487882e-01 1.403618013858795033e-01
5.579926484823229949e-01 2.133337736129762296e-01 1.401530212163925038e-01
5.580363982915881316e-01 2.128510355949403410e-01 1.398174619674682484e-01
5.581444317102435271e-01 2.122333526611329679e-01 1.396878144145011769e-01
5.582377129793170134e-01 2.118787050247193937e-01 1.396080708503723011e-01
5.584453159570696990e-01 2.110773801803590421e-01 1.396793356537818775e-01
5.557713174819949309e-01 2.208769202232362394e-01 1.378550535440444813e-01
5.539985710382464568e-01 2.299561381340028410e-01 1.350805318355560170e-01
5.587047153711320879e-01 2.294826388359071379e-01 1.359793251752852983e-01
5.630639755725863616e-01 2.268625378608705168e-01 1.387755429744720326e-01
5.655510687828066985e-01 2.259321689605714445e-01 1.407029783725738115e-01
5.736488664150241057e-01 2.167143106460572843e-01 1.473356491327285633e-01
5.845777058601382414e-01 2.052419662475587492e-01 1.525126403570175038e-01
5.933378005027774016e-01 1.938193321228028898e-01 1.557170531153678761e-01
5.959657692909243742e-01 1.872720003128053312e-01 1.558946675062179432e-01
6.022499167919161955e-01 1.704339265823365812e-01 1.605585372447967396e-01
6.078729295730593840e-01 1.536852598190309171e-01 1.669648146629333363e-01
6.128129327297213713e-01 1.390853404998780851e-01 1.749169310927390919e-01
6.137973630428317229e-01 1.327229619026185636e-01 1.783781728148460255e-01
6.118840837478640715e-01 1.247648477554322843e-01 1.841377621889114247e-01
6.146312618255618254e-01 1.161499500274659757e-01 1.911537876725196705e-01
6.179337465763095061e-01 1.046534061431886320e-01 1.910222327709197865e-01
6.195188426971438567e-01 1.012381792068483000e-01 1.872080421447753773e-01
6.217679345607760588e-01 9.808390140533451707e-02 1.757440982758998738e-01
6.222899818420413176e-01 9.748231172561661051e-02 1.709089359641075001e-01
6.208932363986972014e-01 1.034484982490541105e-01 1.390336161851882801e-01
6.206187272071841399e-01 1.053130507469178800e-01 1.318345820903777943e-01
6.198967957496646086e-01 1.079175353050233488e-01 1.248765146732330189e-01
6.184329056739810149e-01 1.127925395965577726e-01 1.119857287406921253e-01
6.177286469936373869e-01 1.147993087768556242e-01 1.065423941612243519e-01
6.159366929531100432e-01 1.198782801628114347e-01 9.643475770950316051e-02
6.147516632080081145e-01 1.236476182937623625e-01 8.765423357486723521e-02
6.136119627952578703e-01 1.270280957221986418e-01 8.147306799888609508e-02
6.129815244674685637e-01 1.293194174766542082e-01 7.554371714591978648e-02
6.127754414081576506e-01 1.300524353981019621e-01 7.383327245712278941e-02
6.120590531826022307e-01 1.320997357368470793e-01 6.936457812786100963e-02
6.115866863727572600e-01 1.338030576705934171e-01 6.532259345054625133e-02
6.112608277797701994e-01 1.345673084259034757e-01 6.366688072681425670e-02
6.110745632648471037e-01 1.352283239364625578e-01 6.197653770446776011e-02
6.108789110183718840e-01 1.359398841857911711e-01 6.021712779998777965e-02
6.020584368705752532e-01 1.587809801101686125e-01 2.434830427169798472e-02
6.018695795536044280e-01 1.592767715454103117e-01 2.334000229835508922e-02
6.015555226802828948e-01 1.579764366149903898e-01 2.349829733371733287e-02
5.995118284225466887e-01 1.521543145179750089e-01 2.617566347122191051e-02
5.855048263072970549e-01 1.279788494110108976e-01 3.874386906623839000e-02
5.586272442340853850e-01 9.288458824157730387e-02 6.364299416542051890e-02
5.128728115558627287e-01 5.479215383529678629e-02 1.004711842536926136e-01
4.839722776412967442e-01 3.881220817565933512e-02 1.208689740300178395e-01
4.087885358929637669e-01 1.722060441970829636e-02 1.646151325106620655e-01
3.626796064525846242e-01 1.629351377487187058e-02 1.813689625263213978e-01
3.142340277880433796e-01 2.113829851150517136e-02 1.952074027061462269e-01
1.763982290029529332e-01 7.038049697875981003e-02 2.201152077317237721e-01
1.345050299167636354e-01 9.706466197967522636e-02 2.229620298743247853e-01
2.931943178176910081e-02 1.993495702743529607e-01 2.213190799951553211e-01
-1.948821902275060802e-02 2.717867374420165349e-01 2.176325103640556202e-01
-5.137324690818761974e-02 3.376989841461180419e-01 2.143736338615417347e-01
-7.227775812149028756e-02 3.913325846195219726e-01 2.125439277291297779e-01
-7.967213153839092232e-02 4.140185296535490722e-01 2.117220690846443043e-01
-9.076917529106121041e-02 4.469025313854216308e-01 2.115616133809089527e-01
-9.905892968177776314e-02 4.724744737148283136e-01 2.131743139028549061e-01
-1.025627887248991010e-01 4.806941926479337823e-01 2.139063706994056568e-01
-1.102791464328765070e-01 4.947612464427946222e-01 2.171653440594673024e-01
-1.159414088726042347e-01 5.043777704238889825e-01 2.195319464802741871e-01
-1.214015519618986683e-01 5.113140821456907403e-01 2.219975373148918019e-01
-1.232422029972075062e-01 5.141176164150236261e-01 2.232303625345229969e-01
-1.285791730880735950e-01 5.158724069595335138e-01 2.259763336181640492e-01
-1.307446396350859241e-01 5.169688045978544366e-01 2.271606257557868824e-01
-1.345978116989134388e-01 5.180606424808500421e-01 2.290941855311393605e-01
-1.361586487293242054e-01 5.181377410888670099e-01 2.296148172020912037e-01
-1.383552289009092884e-01 5.181951105594633233e-01 2.306324025988578663e-01
-1.392529046535490589e-01 5.177247703075407159e-01 2.310497543215751515e-01
-1.400492823123930530e-01 5.176734209060667169e-01 2.314198395609855519e-01
-1.400459444522856312e-01 5.177953124046323907e-01 2.315089261531829701e-01
-1.406041717529295521e-01 5.175540924072264959e-01 2.318267232179641868e-01
-1.407448089122770862e-01 5.176349759101865899e-01 2.319634413719177113e-01
-1.409399545192717706e-01 5.183919548988340509e-01 2.320304369926452226e-01
-1.407607531547545032e-01 5.186828553676604558e-01 2.319409853219985829e-01
-1.408202087879179554e-01 5.188623845577238214e-01 2.319663321971893177e-01
-1.409350669384001331e-01 5.191600501537321222e-01 2.319967454671859608e-01
-1.412992215156553821e-01 5.192651927471159112e-01 2.321576929092407093e-01
-1.415269112586973743e-01 5.193438708782194269e-01 2.322478374838828907e-01
-1.420683896541594105e-01 5.192975282669065606e-01 2.324883720278739796e-01
-1.426117157936094837e-01 5.191658914089201105e-01 2.327426230907440052e-01
-1.427896356582640247e-01 5.192799746990202081e-01 2.328998973965644703e-01
-1.431067323684691028e-01 5.191034555435178888e-01 2.331307908892631398e-01
-1.437785363197325306e-01 5.186637520790098321e-01 2.335307157039642201e-01
-1.437975203990934925e-01 5.186475098133085382e-01 2.335538274049758778e-01
-1.438363528251646595e-01 5.185788750648496759e-01 2.335611438751220570e-01
-1.439794635772703724e-01 5.184357941150663507e-01 2.335860437154769764e-01
-1.440987920761107044e-01 5.183254063129423272e-01 2.335945299267769004e-01
-1.442306077480314808e-01 5.181993424892423761e-01 2.337044334411620961e-01
-1.444857752323149280e-01 5.177526652812955987e-01 2.340110471844673024e-01
-1.446007823944090442e-01 5.175957262516019952e-01 2.341175830364227162e-01
-1.445006167888640003e-01 5.175672948360441339e-01 2.340669712424278126e-01
-1.444340085983275013e-01 5.174799740314481866e-01 2.340876689553260670e-01
-1.448190248012541370e-01 5.169433534145353448e-01 2.343454888463020191e-01
-1.448715066909789240e-01 5.168241143226621759e-01 2.344287416338920460e-01
-1.448370850086210804e-01 5.167699635028837335e-01 2.344260743260383473e-01
-1.451112961769102649e-01 5.163102328777311456e-01 2.347293800115585194e-01
-1.452165579795836048e-01 5.160077989101408136e-01 2.347330456972122059e-01
-1.454534268379210071e-01 5.158384025096891534e-01 2.348988658189773426e-01
-1.459083294868467884e-01 5.158608734607694757e-01 2.351623257994651661e-01
-1.459770834445952015e-01 5.155213654041288507e-01 2.352336353063583241e-01
-1.461846566200254993e-01 5.152899205684660089e-01 2.353386735916137562e-01
-1.461472845077513294e-01 5.152634859085081231e-01 2.352926960587501393e-01
-1.463442778587339954e-01 5.147931158542631280e-01 2.353956034779548512e-01
-1.467191016674039838e-01 5.143334746360777032e-01 2.356285011768340931e-01
-1.467551326751707630e-01 5.140943706035612237e-01 2.357008090615272389e-01
-1.465983724594114856e-01 5.139780223369596612e-01 2.356639733910560475e-01
-1.467777526378630237e-01 5.137690782546995294e-01 2.357405579090118275e-01
-1.467877662181852894e-01 5.136221528053281915e-01 2.354556477069854326e-01
-1.470058298110960004e-01 5.134632468223570001e-01 2.355440488457679615e-01
-1.471549606323240833e-01 5.132176458835600030e-01 2.355953535437583790e-01
-1.473858690261840021e-01 5.130329906940458429e-01 2.355771443247794972e-01
-1.477378344535826282e-01 5.127867937088010919e-01 2.355781129002570973e-01
-1.479330396652220880e-01 5.125480175018308771e-01 2.354569813609123097e-01
-1.484130060672758655e-01 5.120764553546904851e-01 2.355775839090347434e-01
-1.484640276432035444e-01 5.118017077445982110e-01 2.355818903446197654e-01
-1.488322055339811878e-01 5.113669514656065118e-01 2.356550028920173512e-01
-1.492631769180296497e-01 5.109955549240110528e-01 2.357637441158294545e-01
-1.497546470165251331e-01 5.105097472667692315e-01 2.358886456489562855e-01
-1.505070662498473322e-01 5.098224759101865899e-01 2.362169107794761524e-01
-1.509203350543974476e-01 5.095237970352171075e-01 2.363888850808143482e-01
-1.515583133697508411e-01 5.088913917541503240e-01 2.366304627060890065e-01
-1.516500449180601673e-01 5.088650763034818780e-01 2.367198696732520924e-01
-1.523376142978666858e-01 5.083725035190580499e-01 2.370161867141723500e-01
-1.526137030124662397e-01 5.081492543220518243e-01 2.370231828093528614e-01
-1.526428198814390735e-01 5.080703675746915948e-01 2.369912943243980274e-01
-1.534040307998655872e-01 5.075986564159391534e-01 2.372630915045738087e-01
-1.537484264373777942e-01 5.072473764419553888e-01 2.373674890398979054e-01
-1.539621686935423450e-01 5.069870531558988702e-01 2.374195015430450306e-01
-1.539114451408384876e-01 5.069444060325620782e-01 2.373913532495498524e-01
-1.560835278034208851e-01 5.036824524402616632e-01 2.382511055469512529e-01
-1.561589574813840864e-01 5.036204636096952569e-01 2.382459422945976124e-01
-1.537985241413115101e-01 5.056861221790311944e-01 2.379520913958549366e-01
-1.418924367427824573e-01 5.133339345455167901e-01 2.394297203421592579e-01
-1.186613774299620228e-01 5.229538559913633478e-01 2.510192474722862110e-01
-1.074008977413176136e-01 5.253635823726652276e-01 2.610085016489028797e-01
-8.174598574638353154e-02 5.259511053562162530e-01 2.975067353248596058e-01
-7.570821404457078740e-02 5.246749699115751397e-01 3.085918581485748158e-01
-7.128969192504869268e-02 5.235920429229734552e-01 3.189809551835059986e-01
-6.621781349182115362e-02 5.201293110847471368e-01 3.389140745997428761e-01
-6.345555543899522588e-02 5.155136168003080499e-01 3.550014501810073719e-01
-6.305975079536424444e-02 5.135752737522123468e-01 3.621490454673766957e-01
-6.296658873558030889e-02 5.113298475742338312e-01 3.693000978231429920e-01
-6.405660867691026494e-02 5.077208757400510919e-01 3.806846892833709584e-01
-6.491405129432664678e-02 5.040872871875761163e-01 3.908488905429839955e-01
-6.561896562576280401e-02 5.012341916561124933e-01 3.991432642936706410e-01
-6.641540288925157354e-02 4.992224156856535644e-01 4.055260276794433461e-01
-6.668639540672288701e-02 4.983505189418791503e-01 4.082408255338668690e-01
-6.738868713378898256e-02 4.973370313644407958e-01 4.128243184089660511e-01
-6.793374180793748662e-02 4.963011622428892822e-01 4.170140779018401966e-01
-6.811201930046062447e-02 4.962807774543760986e-01 4.174840903282165394e-01
-6.830019116401658819e-02 4.960933208465574951e-01 4.181040531396865711e-01
-6.888515114784227178e-02 4.957798600196837158e-01 4.196135258674621449e-01
-6.948113799095140264e-02 4.957099735736845703e-01 4.200066781044006214e-01
-6.998765826225267217e-02 4.953302621841429443e-01 4.206007575988769398e-01
-7.054981946945171334e-02 4.951433420181273193e-01 4.214769160747527943e-01
-7.064277291297899053e-02 4.951152682304381103e-01 4.219674921035766468e-01
-7.068512201309190557e-02 4.950687468051909179e-01 4.227892613410949574e-01
-7.068971157073961065e-02 4.950670480728148193e-01 4.233994340896606312e-01
-7.060990095138536260e-02 4.951015889644621581e-01 4.234973049163818226e-01
-7.038092970848069951e-02 4.951459050178526611e-01 4.239159083366393910e-01
-7.030392050743089483e-02 4.952155232429503173e-01 4.243199682235717640e-01
-7.000318527221660592e-02 4.953283250331877441e-01 4.245016580820083485e-01
-6.996831655502305791e-02 4.953747272491453857e-01 4.245224750041961537e-01
-6.976494550704942510e-02 4.954374015331267089e-01 4.247875070571899281e-01
-6.954443812370286748e-02 4.955038309097288818e-01 4.250658011436462269e-01
-6.934756398200980776e-02 4.955975890159605712e-01 4.250192499160766468e-01
-6.921419858932481572e-02 4.956370174884794921e-01 4.252539432048797474e-01
-6.916532278060899541e-02 4.956586837768552356e-01 4.252770549058914051e-01
-6.889871120452867315e-02 4.957665979862211914e-01 4.253636157512664662e-01
-6.854260325431810186e-02 4.958750784397124023e-01 4.254218494892120228e-01
-6.810868144035325811e-02 4.961302161216734619e-01 4.255467808246612416e-01
-6.754622220993028447e-02 4.964041590690611572e-01 4.256925439834594593e-01
-6.746420621871934697e-02 4.963861286640166015e-01 4.259441947937011586e-01
-6.694221854209880807e-02 4.965857446193693847e-01 4.261770999431609974e-01
-6.672031044960008428e-02 4.966513693332670898e-01 4.265296763181686268e-01
-6.658020973205552862e-02 4.967302560806273193e-01 4.266887760162353382e-01
-6.631684660911546514e-02 4.968231797218321533e-01 4.270470595359802113e-01
-6.610462427139268682e-02 4.968286037445067138e-01 4.273421770334243641e-01
-6.596470236778245733e-02 4.968877911567686767e-01 4.274068480730056629e-01
-6.591529011726365850e-02 4.969000399112700195e-01 4.275733387470245228e-01
-6.580758452415452764e-02 4.969409286975859374e-01 4.276765888929366932e-01
-6.563413500785814092e-02 4.970342099666594238e-01 4.279225921630859242e-01
-6.558859705924974248e-02 4.970795392990111083e-01 4.279365694522857533e-01
-6.554746985435472295e-02 4.971304714679716796e-01 4.279349750280380116e-01
-6.553909540176378057e-02 4.971431374549864501e-01 4.279352879524230824e-01
-6.553593635559068487e-02 4.971524059772490234e-01 4.279353177547454701e-01
-6.553689002990703560e-02 4.971711218357084960e-01 4.279353773593902455e-01
-6.554252266883836553e-02 4.971824169158934326e-01 4.279354965686797962e-01
-6.555229783058152959e-02 4.971946060657499999e-01 4.279367780685424671e-01
-6.557077527046190069e-02 4.972036361694334716e-01 4.279415166378021107e-01
-6.560734272003160283e-02 4.972097158432005615e-01 4.279551362991332875e-01
-6.564340353012071416e-02 4.971986591815947265e-01 4.279752528667449818e-01
-6.566095709800706670e-02 4.971995830535887451e-01 4.279819285869598255e-01
-6.570184588432304018e-02 4.972040235996245117e-01 4.279956078529357777e-01
-6.572538971900926397e-02 4.972163617610930175e-01 4.279991543292999134e-01
-6.574151277542100713e-02 4.972274780273436279e-01 4.279990351200103627e-01
-6.575206279754625127e-02 4.972325444221496471e-01 4.279977238178253041e-01
-6.575760602951036260e-02 4.972315907478331298e-01 4.279956078529357777e-01
