5.860289227392241340e-01 -9.558174700531363310e-02 5.462169356756141347e-02
5.841957812077984702e-01 -8.826994551010425294e-02 8.483884946549924422e-02
5.842765510981767774e-01 -8.842750268469007358e-02 8.417706659064361219e-02
5.795148826006606413e-01 -8.145532287887480294e-02 1.118107269820569627e-01
5.842269583448589376e-01 -8.831515896217523309e-02 8.468762523934092457e-02
5.860692674979894878e-01 -9.561923901507252133e-02 5.451470619897968994e-02
5.795166961988329479e-01 -8.145053574346744485e-02 1.117402762950250317e-01
5.859620257573947555e-01 -9.540502801797534627e-02 5.526756965698154112e-02
5.842524253138020596e-01 -8.836079422321163612e-02 8.437571291738898971e-02
5.859563168882205852e-01 -9.542970982219273202e-02 5.540897432669011913e-02
5.842501240886032177e-01 -8.838961465562877873e-02 8.427371926083715437e-02
5.843004086174861111e-01 -8.845152604866024504e-02 8.387721050652330312e-02
5.860121968908638124e-01 -9.549116027630860648e-02 5.501988327929097089e-02
5.860419131426423123e-01 -9.556995282907781997e-02 5.478968991255461773e-02
5.860639285164848111e-01 -9.557145257386562287e-02 5.463217916401408303e-02
5.859884485663637843e-01 -9.557161787499485195e-02 5.465692363176710700e-02
5.810968080972969130e-01 -8.818683885136241463e-02 8.400054838395121237e-02
5.859818300685361026e-01 -9.548670811139792214e-02 5.508432931808671107e-02
5.811088426373570703e-01 -8.826402812237293949e-02 8.363898564401628377e-02
5.810848225316778137e-01 -8.817484198173131116e-02 8.402506927209940635e-02
5.860422143665373618e-01 -9.566734959538275573e-02 5.431390771767641290e-02
5.860172619678795103e-01 -9.561775075402106916e-02 5.446173246787844313e-02
5.860423596980541827e-01 -9.566832117398826885e-02 5.451843468376638135e-02
5.859982655423476849e-01 -9.576676962271329918e-02 5.449103478450245674e-02
5.810474923347979104e-01 -8.847741355860228030e-02 8.361017988333840911e-02
5.825902405975162957e-01 -9.545413106143474380e-02 5.469121624443817886e-02
5.810569355239405542e-01 -8.850522543058542135e-02 8.315436093616201951e-02
5.860208951442853476e-01 -9.582402393053468526e-02 5.400578492520091700e-02
5.810783025868698770e-01 -8.836703185558314466e-02 8.366890809478388924e-02
5.810971987114280646e-01 -8.835925973020486435e-02 8.373426507241110706e-02
5.859783461454555198e-01 -9.569471934192624873e-02 5.466885346792649258e-02
5.859626766134365949e-01 -9.566687886638186589e-02 5.501029641793220293e-02
5.811286120726361082e-01 -8.849012625394758746e-02 8.320781806900146016e-02
5.811363932743921490e-01 -8.845719202280044602e-02 8.334378058122471344e-02
5.811307061736121771e-01 -8.844208378589896169e-02 8.353554904522297875e-02
5.860344356606275174e-01 -9.577879571687425431e-02 5.459215757243840450e-02
5.811234978281274444e-01 -8.844921221784501908e-02 8.341767427872714968e-02
5.811306278415411253e-01 -8.842227375963329639e-02 8.354377297694237647e-02
5.811345800733342948e-01 -8.845860143494604921e-02 8.342677841511436654e-02
5.860045508867576247e-01 -9.574519620700183697e-02 5.458301678806742885e-02
5.859380024646833052e-01 -9.557677272941172975e-02 5.539279561247445471e-02
5.794952244806289565e-01 -8.151937208785858813e-02 1.119945004163482860e-01
5.859836898243933057e-01 -9.564224736813453642e-02 5.500354191369782875e-02
5.860337195892288964e-01 -9.576519409022477003e-02 5.447708162719600011e-02
5.860051810296028618e-01 -9.568805719143147481e-02 5.475020785794693090e-02
5.860673725045293381e-01 -9.584655197939279114e-02 5.403628572171448319e-02
5.859510143552675299e-01 -9.559938656865801798e-02 5.510995347627556384e-02
5.859323857805192048e-01 -9.556628220418833530e-02 5.536129643874665440e-02
5.861162061952784885e-01 -9.594293045907464901e-02 5.361501626366238504e-02
5.859858845539659411e-01 -9.565766718900198251e-02 5.483556346579021579e-02
5.859975143435358635e-01 -9.567015305074305642e-02 5.481352075907963695e-02
5.859623900212675984e-01 -9.560938609154523427e-02 5.498547613210669205e-02
5.859595799538522831e-01 -9.560141251584136635e-02 5.510878671510144322e-02
5.860839576061724898e-01 -9.587945773397388294e-02 5.385737834330939222e-02
5.861048476501986570e-01 -9.591218530570710943e-02 5.369967123270935616e-02
5.860515803110315503e-01 -9.588712217064948584e-02 5.374059553567911429e-02
5.860130546535193830e-01 -9.567604978088289913e-02 5.474586002363479587e-02
5.860573558348596279e-01 -9.586651565870640823e-02 5.385939017847762855e-02
5.859970075190991112e-01 -9.567908641044042817e-02 5.474060421121795805e-02
5.860217614251628238e-01 -9.580756345103674798e-02 5.413977211930354194e-02
5.860253057860046466e-01 -9.570715557231751491e-02 5.478640642670917771e-02
5.860944960174516716e-01 -9.583306533715124642e-02 5.415259594079913086e-02
5.860433042634620726e-01 -9.577286682267482920e-02 5.446003149099865048e-02
5.859476108384639170e-01 -9.552632353829593193e-02 5.538940996859298416e-02
5.861337763727560990e-01 -9.599115310220418529e-02 5.340036575613837933e-02
5.860108854243710752e-01 -9.573618080299345356e-02 5.449475722893315499e-02
5.859877042722538842e-01 -9.568699726316326482e-02 5.475915479582615930e-02
5.860566051538615984e-01 -9.583156090745326150e-02 5.416707015017130367e-02
5.860516707570314621e-01 -9.584434065481273191e-02 5.392636699393160704e-02
5.860504996443554049e-01 -9.579949025100464866e-02 5.429793332660426408e-02
5.860153502838210127e-01 -9.565456867659832829e-02 5.489207562317521827e-02
5.860646724647253780e-01 -9.580093679198620205e-02 5.423585846623324436e-02
5.859652595560133070e-01 -9.563470931362361149e-02 5.492774441887515735e-02
5.860206719705417511e-01 -9.569137805850053136e-02 5.471889907344884563e-02
5.859942821418508974e-01 -9.564454002974182023e-02 5.492489459863447721e-02
5.859442425095602314e-01 -9.551332133967432858e-02 5.544911647330663662e-02
5.860724466706483948e-01 -9.564911551637944598e-02 5.453835657623096189e-02
5.897503290463581571e-01 -9.454814669227595836e-02 5.284795558481270028e-02
5.792087099892287982e-01 -8.271344900221372365e-02 1.137098245812064867e-01
5.526938520032762536e-01 -1.575276546260706567e-02 2.559476953535289034e-01
5.180365118424552495e-01 9.583686674520469628e-02 2.546533970116777734e-01
4.800962605221695823e-01 1.862356695372090476e-01 1.865448129014697365e-01
4.466906924730613682e-01 2.309575280355661286e-01 2.117208145027182908e-01
4.337314403402804941e-01 2.403346783745885507e-01 1.594411413262901700e-01
4.306513933448419262e-01 2.391927945630102914e-01 1.605819254344289515e-01
4.304231408740014087e-01 2.377139784044920989e-01 1.594904962631298329e-01
4.305729319858118131e-01 2.391143752243071741e-01 1.597274249277151892e-01
4.327045608535021737e-01 2.411785383962691265e-01 1.344126994050636181e-01
4.338503356933086641e-01 2.418460984682738735e-01 1.590577851432635192e-01
4.338544272109136068e-01 2.418723502345830334e-01 1.593525144315666164e-01
4.340354050178527601e-01 2.432671667776107327e-01 1.570787072098731585e-01
4.340136802679597783e-01 2.433155417857766900e-01 1.569441840640155572e-01
4.340070706331878303e-01 2.433186868890225285e-01 1.575269684143110194e-01
4.321172115728393326e-01 2.440637179481834895e-01 1.805918067697933616e-01
4.156939916527062073e-01 2.445440510081350882e-01 2.052584012278482195e-01
3.874161788325726219e-01 2.445596970103979806e-01 1.794877145676940788e-01
3.527444128054172401e-01 2.438879943462908817e-01 2.487123776531503516e-01
3.134168307443111479e-01 2.456511937855184735e-01 2.907609699784472479e-01
2.497739311224519976e-01 2.525835185506343228e-01 2.685432096376687561e-01
1.818154897782862656e-01 2.654123490372895522e-01 2.438157293968348238e-01
1.571245784222006781e-01 2.814246060359478219e-01 3.402370934029996796e-01
1.043304721500515897e-01 3.167565805405378465e-01 3.674014599457680053e-01
4.953299999999999925e-01 2.731419999999999959e-01 1.578349999999999920e+00
4.953299999999999925e-01 2.731419999999999959e-01 1.578349999999999920e+00
4.953299999999999925e-01 2.731419999999999959e-01 1.578349999999999920e+00
4.953299999999999925e-01 2.731419999999999959e-01 1.578349999999999920e+00
4.953299999999999925e-01 2.731419999999999959e-01 1.578349999999999920e+00
4.953299999999999925e-01 2.731419999999999959e-01 1.578349999999999920e+00
4.953299999999999925e-01 2.731419999999999959e-01 1.578349999999999920e+00
4.953299999999999925e-01 2.731419999999999959e-01 1.578349999999999920e+00
4.953299999999999925e-01 2.731419999999999959e-01 1.578349999999999920e+00
4.953299999999999925e-01 2.731419999999999959e-01 1.578349999999999920e+00
4.953299999999999925e-01 2.731419999999999959e-01 1.578349999999999920e+00
4.953299999999999925e-01 2.731419999999999959e-01 1.578349999999999920e+00
4.953299999999999925e-01 2.731419999999999959e-01 1.578349999999999920e+00
4.953299999999999925e-01 2.731419999999999959e-01 1.578349999999999920e+00
4.953299999999999925e-01 2.731419999999999959e-01 1.578349999999999920e+00
4.953299999999999925e-01 2.731419999999999959e-01 1.578349999999999920e+00
4.953299999999999925e-01 2.731419999999999959e-01 1.578349999999999920e+00
-1.407459253636836882e-01 4.327484773172736721e-01 1.894847121843992177e-01
4.953299999999999925e-01 2.731419999999999959e-01 1.578349999999999920e+00
4.953299999999999925e-01 2.731419999999999959e-01 1.578349999999999920e+00
4.953299999999999925e-01 2.731419999999999959e-01 1.578349999999999920e+00
4.953299999999999925e-01 2.731419999999999959e-01 1.578349999999999920e+00
4.953299999999999925e-01 2.731419999999999959e-01 1.578349999999999920e+00
4.953299999999999925e-01 2.731419999999999959e-01 1.578349999999999920e+00
4.953299999999999925e-01 2.731419999999999959e-01 1.578349999999999920e+00
4.953299999999999925e-01 2.731419999999999959e-01 1.578349999999999920e+00
-1.007757847133159412e-01 4.248324479309917301e-01 2.703688863338411519e-01
-9.425935289082520985e-02 4.188638564711809620e-01 2.923334412327169840e-01
-9.174296693015093762e-02 4.186291771029234665e-01 2.922653275190472133e-01
-8.953582917741531588e-02 4.198680092000962039e-01 2.904149354765710456e-01
-1.536026617438912556e-01 3.955049525895118490e-01 1.122667285724341379e-01
-8.592836863335373554e-02 3.051024204768538750e-01 2.084118118025781730e-01
-4.229257550835607837e-02 2.367320137810706715e-01 2.302816518035173399e-01
1.207435403575301547e-01 9.255695608451969258e-02 2.736587892104118680e-01
1.929970626343608386e-01 6.009330565571785465e-02 3.256134472147642622e-01
3.115187370659381338e-01 -6.132508905678513145e-04 2.080173558359681429e-01
4.429057199115700727e-01 -3.446898054693636748e-02 1.991214489989714398e-01
5.499202665407583179e-01 -6.424907977834337647e-02 7.033302092407867079e-02
6.126107263340354603e-01 -4.773176430323716746e-02 6.751287098681024723e-02
6.484103056436001378e-01 -3.673738488453626161e-02 -4.847332354089628481e-03
5.908864504499823367e-01 -5.600828822702130783e-03 8.040691209964578867e-02
5.779892531347856632e-01 -1.476021258477866471e-02 1.469116793015667888e-02
5.816807650546192976e-01 -1.351450392895936492e-02 1.269215238769061393e-02
5.814323388227790046e-01 -1.482336119398469654e-02 1.501471115612540430e-02
5.938535680180758725e-01 -2.195687329772111340e-02 -1.795936350663152048e-02
5.950690890889018814e-01 -1.752220034870499710e-02 1.639203421122581439e-02
5.931424981139287178e-01 -1.347555199860034358e-02 4.694413898466898161e-02
5.982367894188627133e-01 -1.912188704122602667e-02 1.891458088345898680e-02
5.982910743038937218e-01 -1.933633248375349334e-02 1.812748584351298042e-02
5.981565663523330523e-01 -1.915730460010461877e-02 1.926760229598523111e-02
5.981830649035557723e-01 -1.925233590801056494e-02 1.884457339136980103e-02
5.982959724462940665e-01 -1.946756159104406914e-02 1.750859454586728425e-02
5.982278117264225870e-01 -1.937638287095722056e-02 1.775451551259665806e-02
5.981729760512664029e-01 -1.930889623422921142e-02 1.831412950576760679e-02
5.982479930899903264e-01 -1.942717080022393628e-02 1.758465181347812489e-02
5.931184922514051161e-01 -1.354987617734071392e-02 4.709030225879096143e-02
5.981564083895622996e-01 -1.924288346508140624e-02 1.835601189755786677e-02
5.981930222235782857e-01 -1.932571372787650343e-02 1.807777063455051625e-02
5.982278936623379728e-01 -1.933135194812712898e-02 1.800550209775941823e-02
5.982627914761826649e-01 -1.941528381364038269e-02 1.773558342562098211e-02
5.981570064036860757e-01 -1.927106713555742923e-02 1.823458515135878422e-02
5.982498557117597038e-01 -1.942390437920393786e-02 1.750102805647180126e-02
5.983205303855345658e-01 -1.938232706831394259e-02 1.750903453886865080e-02
5.967407911944508925e-01 -1.049171808871618428e-02 4.678242039799385132e-02
5.983774299976005739e-01 -1.747683280886713764e-02 1.863674966455608484e-02
5.967665737400635884e-01 -1.047911222751435334e-02 4.661541796002754978e-02
6.019571554734438612e-01 -1.606943673881883194e-02 1.824161783293654082e-02
5.967168239707038024e-01 -1.047792053274809732e-02 4.683644421296473404e-02
5.964333742190300880e-01 -1.178320584303133023e-02 4.847220116669226364e-02
5.964011510976180430e-01 -1.175492577512565751e-02 4.888833726047647765e-02
5.963931776952877684e-01 -1.176012566889816924e-02 4.902051452840483492e-02
5.964214528670191973e-01 -1.180395859503741152e-02 4.836961416026963612e-02
5.964080063390329034e-01 -1.180268039618426190e-02 4.878543078886199424e-02
5.983686028284728176e-01 -1.736142096367471188e-02 1.893746438366772367e-02
5.965517473409742699e-01 -1.201642441362138491e-02 4.763212366258939845e-02
5.964065426748215160e-01 -1.178836385753750937e-02 4.896889909247770234e-02
5.966200876355900462e-01 -1.041279985089599291e-02 4.729980853525339590e-02
5.965097884526968652e-01 -1.192490189126133027e-02 4.797469238804286107e-02
5.964189688179268867e-01 -1.184542944978178580e-02 4.847296079078544651e-02
5.964502743171572474e-01 -1.181348903408646622e-02 4.846646822624500750e-02
5.963673542288556728e-01 -1.174088502581416282e-02 4.885842485845004468e-02
5.983269365916863425e-01 -1.731536768643554547e-02 1.920626025384297719e-02
5.963257993996411432e-01 -1.168996330812566153e-02 4.932917935442771018e-02
5.963138254002302574e-01 -1.164978362643714904e-02 4.952921984368408026e-02
5.966372987263037775e-01 -1.044703882209951917e-02 4.700678135000990743e-02
5.964203166170537473e-01 -1.184854691877956778e-02 4.841823298645620000e-02
5.987321210469960242e-01 -1.614902838173509769e-02 1.666589609985025255e-02
5.964815344176291889e-01 -1.189354129675029847e-02 4.823698874633008948e-02
5.963780209181561709e-01 -1.174931265957651627e-02 4.892753458392529176e-02
5.964226735723718864e-01 -1.180948851726942861e-02 4.883817770423370952e-02
5.965239081057682746e-01 -1.193476695455608638e-02 4.784474927326343163e-02
5.962740194521382042e-01 -1.162105515773598219e-02 4.955707157383804073e-02
5.964593859449713875e-01 -1.183273721843952631e-02 4.857320607735982065e-02
5.965155961355462777e-01 -1.194490629975497598e-02 4.818339090291479110e-02
5.963659411992638937e-01 -1.169168588787311558e-02 4.935762126172615893e-02
5.964270345896393044e-01 -1.183849761071797957e-02 4.861954142747371144e-02
5.964344683292372995e-01 -1.182806129787861149e-02 4.859017766001882954e-02
5.963805126428485259e-01 -1.177756656685463588e-02 4.879810263667394565e-02
5.984173989745915634e-01 -1.744873833811283470e-02 1.869219590225501548e-02
5.963676911217435928e-01 -1.176599644766745945e-02 4.870973800559696976e-02
5.966115835726946148e-01 -1.204821743413803103e-02 4.743137378344686184e-02
5.964333262328311847e-01 -1.182296756012735095e-02 4.857471878774832774e-02
5.964196933687389013e-01 -1.182117632001639107e-02 4.851629180702254907e-02
5.963286351851657674e-01 -1.171594271345433036e-02 4.897523266619074889e-02
5.988772158853709060e-01 -1.640307133638851944e-02 1.556523802177611771e-02
5.987158824263364432e-01 -1.612651129779218984e-02 1.680241536556925652e-02
5.964383294926418611e-01 -1.189642036373911305e-02 4.821966679775635534e-02
5.962828754421055644e-01 -1.162975830999019022e-02 4.948089708714498158e-02
5.985919288361876145e-01 -1.601494205534459425e-02 1.730589946276395175e-02
5.988195387711152673e-01 -1.621252344013751623e-02 1.588975310262208396e-02
5.987288385183527906e-01 -1.612420480962095670e-02 1.619976513372289872e-02
5.985728153493776738e-01 -1.589520339547095817e-02 1.732508867435678113e-02
5.933285862821460199e-01 -1.024299517759680311e-02 4.615393707729276151e-02
5.958093028205468933e-01 -1.656108600641781337e-02 5.070784122542959516e-02
4.953299999999999925e-01 2.731419999999999959e-01 1.578349999999999920e+00
6.458031676939487431e-01 -5.807768557910614193e-02 5.546331734676668290e-03
6.478825284915089577e-01 -6.417607381252943277e-02 4.441992868096966696e-02
6.606882594826788413e-01 -7.841396900013086757e-02 1.723005793985277201e-02
6.779711299484699749e-01 -9.014079551057513351e-02 -1.298894235216985216e-02
6.779613152847379087e-01 -9.200065505270660360e-02 -1.302375595570826050e-02
6.678160851444959745e-01 -8.610804165686664069e-02 -1.558083429105439066e-02
6.452901873920590115e-01 -5.600444572460649972e-02 7.380569902070321930e-02
6.522354383951276535e-01 -6.503066244803362705e-02 -2.607615506183513787e-02
6.201474481189340748e-01 -3.829629307727511200e-02 6.520521162270287441e-02
6.023536033368602771e-01 -2.018217588897047721e-02 5.295582974095269790e-02
5.873253394519523107e-01 -8.734479648545401265e-03 8.066344694703442286e-02
5.690766534283175915e-01 -1.305649164859951084e-02 4.827714901528579183e-02
5.658235024058148044e-01 -1.148229110915954809e-02 4.619125209845376112e-02
5.625106147089296016e-01 -1.130989209600530288e-02 4.503007109299650423e-02
5.447967251019023571e-01 -2.786509639851719733e-03 7.424782453133338400e-02
5.459913943156041727e-01 -7.117705380506766932e-03 4.164700769157825277e-02
5.414958591258450804e-01 6.626322615027435692e-03 1.601103151554965631e-01
6.185445640428424152e-01 -1.422571687564266885e-03 1.428764645035578429e-01
6.912553369266569714e-01 1.166544746109247077e-01 2.147660874467760550e-01
6.892073471051544109e-01 1.812139451588095085e-01 2.345567658640519415e-01
6.397475180352791835e-01 1.958649366933256641e-01 2.175384207985644469e-01
5.737060437471411811e-01 1.937658457979634652e-01 1.885149334393012577e-01
4.787488587579085686e-01 2.005586293879598747e-01 2.012468001213274515e-01
3.332693345236509841e-01 2.088253134115636289e-01 2.425956187212778836e-01
1.821601687626838162e-01 2.693782037224173309e-01 3.433543002464711780e-01
4.953299999999999925e-01 2.731419999999999959e-01 1.578349999999999920e+00
4.953299999999999925e-01 2.731419999999999959e-01 1.578349999999999920e+00
4.953299999999999925e-01 2.731419999999999959e-01 1.578349999999999920e+00
4.953299999999999925e-01 2.731419999999999959e-01 1.578349999999999920e+00
-3.256825490444903437e-02 4.136245319025517175e-01 2.844708965923608002e-01
4.953299999999999925e-01 2.731419999999999959e-01 1.578349999999999920e+00
4.953299999999999925e-01 2.731419999999999959e-01 1.578349999999999920e+00
4.953299999999999925e-01 2.731419999999999959e-01 1.578349999999999920e+00
4.953299999999999925e-01 2.731419999999999959e-01 1.578349999999999920e+00
4.953299999999999925e-01 2.731419999999999959e-01 1.578349999999999920e+00
-4.373888255953795046e-02 4.189044649798274733e-01 2.234652118402897791e-01
4.953299999999999925e-01 2.731419999999999959e-01 1.578349999999999920e+00
4.953299999999999925e-01 2.731419999999999959e-01 1.578349999999999920e+00
4.953299999999999925e-01 2.731419999999999959e-01 1.578349999999999920e+00
4.953299999999999925e-01 2.731419999999999959e-01 1.578349999999999920e+00
4.953299999999999925e-01 2.731419999999999959e-01 1.578349999999999920e+00
4.953299999999999925e-01 2.731419999999999959e-01 1.578349999999999920e+00
4.953299999999999925e-01 2.731419999999999959e-01 1.578349999999999920e+00
4.953299999999999925e-01 2.731419999999999959e-01 1.578349999999999920e+00
1.392572223557232980e-01 2.612659909914732959e-01 2.670321670183419815e-01
2.632011385120391900e-01 2.226897199130654648e-01 1.874839606150686677e-01
3.449790190873235352e-01 2.340956857058108520e-01 1.574691667023015995e-01
3.851541839533835776e-01 2.666425327146947355e-01 1.947375175641761214e-01
3.980813402153730030e-01 2.652915371783375886e-01 1.709254683991132673e-01
4.173908816814005385e-01 2.452013786357641334e-01 1.803411929569631589e-01
4.373429780070200446e-01 2.458599836807102146e-01 1.566550439339751133e-01
4.426126477809816384e-01 2.463938955485522331e-01 1.298066678638025717e-01
4.482893705406039708e-01 2.414600291268527710e-01 1.318485437897458645e-01
4.840551823988341051e-01 1.959567083227709561e-01 1.536203061792360547e-01
4.893981285588979158e-01 8.812275912991174298e-02 1.197686933449060298e-01
4.550080794375978566e-01 6.340741946370159754e-02 1.288236981290480365e-01
4.363616056212216709e-01 1.365941843217909901e-01 2.060512936949894236e-01
4.277206390630706734e-01 1.519955261574834626e-01 1.717603146337427500e-01
4.256164086645528588e-01 1.623506304405480938e-01 1.676668403700924959e-01
4.251043475389644222e-01 1.690822770214229220e-01 1.390358438748993120e-01
4.264968173207104307e-01 1.710021869558692176e-01 1.630098689359755770e-01
4.285330223830819407e-01 1.590519460523724948e-01 1.673367874515652165e-01
4.354106349415421406e-01 1.445553806864618984e-01 1.492127572522639056e-01
4.392879128603621730e-01 1.457719857165366562e-01 6.099776542082802067e-02
4.344959531110181850e-01 1.908908847700208633e-01 1.558283466840735265e-01
4.278540278580024170e-01 2.208938316733092266e-01 1.425446914001247123e-01
4.252776745573297879e-01 2.269258637328595007e-01 1.361358067836635488e-01
4.195674700664535628e-01 2.268598075679987280e-01 8.198629681945956982e-02
4.132959859847530337e-01 2.307766302487999632e-01 1.344578697680300916e-01
4.118333777400642326e-01 2.332176504610479206e-01 1.581027083725019544e-01
4.083393687549784490e-01 2.277813442807049560e-01 1.643517248888515248e-01
3.385374598381936107e-01 1.910991004816889882e-01 1.763347793928056184e-01
2.482961281436562584e-01 2.204582803482413866e-01 3.440937388293980881e-01
1.159262209363580154e-01 3.135661031348705996e-01 3.492865674506246965e-01
4.953299999999999925e-01 2.731419999999999959e-01 1.578349999999999920e+00
4.953299999999999925e-01 2.731419999999999959e-01 1.578349999999999920e+00
4.953299999999999925e-01 2.731419999999999959e-01 1.578349999999999920e+00
4.953299999999999925e-01 2.731419999999999959e-01 1.578349999999999920e+00
4.953299999999999925e-01 2.731419999999999959e-01 1.578349999999999920e+00
4.953299999999999925e-01 2.731419999999999959e-01 1.578349999999999920e+00
4.953299999999999925e-01 2.731419999999999959e-01 1.578349999999999920e+00
4.953299999999999925e-01 2.731419999999999959e-01 1.578349999999999920e+00
4.953299999999999925e-01 2.731419999999999959e-01 1.578349999999999920e+00
4.953299999999999925e-01 2.731419999999999959e-01 1.578349999999999920e+00
4.953299999999999925e-01 2.731419999999999959e-01 1.578349999999999920e+00
5.328115780861369943e-02 3.284109683077931496e-01 2.474977520678938170e-01
1.210074807430744914e-01 2.390127027080654609e-01 2.553892798087178395e-01
2.270903754149318221e-01 1.297077840103209034e-01 2.278442621514646937e-01
3.449189371988057307e-01 4.993432067866621082e-02 2.376414013284757765e-01
4.434170661883533038e-01 -4.484471219049390722e-02 8.566420176184008639e-02
5.074368660491255234e-01 -7.378118365081487440e-02 1.032952095823154171e-01
5.667059267647742704e-01 -9.738243484105169046e-02 -2.264655121222891587e-02
5.421704540508315295e-01 -4.027387530371545621e-02 -1.360207462135631928e-02
5.412671998430642617e-01 1.413177937142184870e-02 3.194506781422323805e-02
5.490631845791690280e-01 -4.398573009004441703e-02 -1.104750734079451568e-02
