4.472987701392143745e-01 -1.419290195749364769e-01 6.362427663315428639e-02
4.479809811230666683e-01 -1.354228059167284504e-01 9.346852019369622511e-02
4.472237700402751370e-01 -1.420185552852805677e-01 6.360577623944596581e-02
4.448714358614392350e-01 -1.338615094189345434e-01 9.224650506748899303e-02
4.446661344939723537e-01 -1.351624276609550979e-01 9.330324243595256029e-02
4.445988576881170218e-01 -1.352161798889804367e-01 9.323295919404750443e-02
4.445190803140528502e-01 -1.370088263333346656e-01 9.320676590099452596e-02
4.475873468296751034e-01 -1.384558979900181175e-01 9.551495709716317783e-02
4.465105996906071351e-01 -1.477795202514678441e-01 6.807114103291644902e-02
4.442727173837944799e-01 -1.397324853405579881e-01 9.585906993843318347e-02
4.443916746072731905e-01 -1.381028993385191583e-01 9.584053358135258271e-02
4.443810567929707411e-01 -1.383471847392916398e-01 9.479292516920079237e-02
4.443982894062444289e-01 -1.382208003234862703e-01 9.517703753214101781e-02
4.442947003276981333e-01 -1.397584878502413086e-01 9.568978855538334827e-02
4.466660747729510050e-01 -1.463903133149426217e-01 6.678135124993178628e-02
4.467168089075334581e-01 -1.464324875245000546e-01 6.680136764550326234e-02
4.464684685122400354e-01 -1.480815852562263335e-01 6.704072184034082227e-02
4.440661853315956975e-01 -1.414206043296716842e-01 9.610633456356598714e-02
4.441018444680608912e-01 -1.415085891712605792e-01 9.557656498720246141e-02
4.463016682385101963e-01 -1.496500301429666280e-01 6.767395134391795963e-02
4.462012648891195976e-01 -1.510046165412254338e-01 6.905079020183424454e-02
4.461790674897238573e-01 -1.510834182962961236e-01 6.870726800861981509e-02
4.461893737161107265e-01 -1.511613717429674542e-01 6.867428740731473802e-02
4.460489926033638364e-01 -1.527495369129255320e-01 6.915704327350580272e-02
4.460304939910001987e-01 -1.527108273573405395e-01 6.932326230281726787e-02
4.460296147085949792e-01 -1.526353156080245688e-01 6.945374055082442766e-02
4.461007591233856484e-01 -1.526553878308161694e-01 6.946299306376690907e-02
4.460540823828071377e-01 -1.527827196132130472e-01 6.905797106064204272e-02
4.460347763967506540e-01 -1.525416370501071484e-01 6.984964735673160341e-02
4.460533856989689072e-01 -1.527481728468723654e-01 6.905072101089793080e-02
4.461866203846014955e-01 -1.512106723142117026e-01 6.855597599611895632e-02
4.461787305895336120e-01 -1.510714351189396676e-01 6.890902961039602204e-02
4.463546396466053778e-01 -1.499302530960217039e-01 6.686958045460666966e-02
4.460844793171874767e-01 -1.528505211122259122e-01 6.865684888309275813e-02
4.460432630863435666e-01 -1.528826289703547614e-01 6.860261013077528780e-02
4.461610423893362376e-01 -1.512710993337444410e-01 6.830429762643919211e-02
4.439768281617268997e-01 -1.430932703724987487e-01 9.637332016956245972e-02
4.461787954472675732e-01 -1.512169680562093776e-01 6.860076726664310343e-02
4.439705938175015354e-01 -1.431396575020663087e-01 9.619011982742375899e-02
4.439655884631611427e-01 -1.431716599951572411e-01 9.606601240815515474e-02
4.439786809276670132e-01 -1.430677860890291475e-01 9.646201371709306471e-02
4.461952381275117174e-01 -1.512302890249080933e-01 6.849115211828471494e-02
4.439795020076453547e-01 -1.431044301171041644e-01 9.632768659401502731e-02
4.461527787658267075e-01 -1.513381243658847852e-01 6.807604487740182009e-02
4.439297303321085852e-01 -1.431230291278063893e-01 9.612306410961557468e-02
4.461604416898525827e-01 -1.512754437256120243e-01 6.834857264650096020e-02
4.439556995826825503e-01 -1.432941583180687983e-01 9.568580032273810154e-02
4.439520868904620610e-01 -1.432894869892671896e-01 9.578999669225285452e-02
4.439580381043515822e-01 -1.431953726806938221e-01 9.618726883436834463e-02
4.460540474037952285e-01 -1.529058554501794287e-01 6.855655014039641060e-02
4.461916517833762197e-01 -1.512951816766820445e-01 6.840484536271684846e-02
4.461790416173211926e-01 -1.512431122947930917e-01 6.854967527814181949e-02
4.460415572022132236e-01 -1.527616640174760954e-01 6.899211000587524012e-02
4.439858397014357361e-01 -1.430813465991392364e-01 9.638258147929112951e-02
4.439800024404458312e-01 -1.431264992133937652e-01 9.613779327837246313e-02
4.439653432903669650e-01 -1.431868886375128880e-01 9.604790344477986963e-02
4.439386858651846457e-01 -1.431140498605705247e-01 9.620030440796112359e-02
4.440737176146968834e-01 -1.417904927305504437e-01 9.500135626802452826e-02
4.439565183626175138e-01 -1.430959025873951851e-01 9.624741502545663963e-02
4.440428156205296628e-01 -1.416438348883464760e-01 9.543436623387857587e-02
4.440658869845949264e-01 -1.416062796194888507e-01 9.558441684766783020e-02
4.460243889387242588e-01 -1.529800379648915687e-01 6.834724187277108065e-02
4.460085317526258364e-01 -1.526906182663701483e-01 6.918289931219456790e-02
4.461721631665594989e-01 -1.512693863105811221e-01 6.837807384153316015e-02
4.463213133841358315e-01 -1.495580711206234703e-01 6.834525111199707403e-02
4.461846045647867021e-01 -1.511719969122446439e-01 6.865850677249718537e-02
4.440803840291254190e-01 -1.416864174130483822e-01 9.522180354251608136e-02
4.440876583466880079e-01 -1.415191982208788279e-01 9.578330598431206155e-02
4.461692597660206205e-01 -1.512853527704029477e-01 6.818331268021116109e-02
4.439644109945654615e-01 -1.431945526407137348e-01 9.611864006288284301e-02
4.461705470710530808e-01 -1.511134759118221149e-01 6.888964178482681611e-02
4.439794007267154341e-01 -1.431318477087988872e-01 9.620086453754428391e-02
4.461729598455525525e-01 -1.512772694285698383e-01 6.827029610152224315e-02
4.440822025994471955e-01 -1.416980452863685347e-01 9.529398776264041970e-02
4.463075269565425773e-01 -1.496521617721207065e-01 6.793845052756308789e-02
4.461935010007970215e-01 -1.512741140371263171e-01 6.822761032342850029e-02
4.462934352884649902e-01 -1.496020275618284989e-01 6.807441592190421886e-02
4.440899881554908890e-01 -1.416421610672324860e-01 9.534976538795403300e-02
4.461982262231245500e-01 -1.512109442626013989e-01 6.850098891529143863e-02
4.463114750346489634e-01 -1.496411235456504008e-01 6.795127762163288843e-02
4.461782757730349824e-01 -1.512012477961555135e-01 6.849783851668989065e-02
4.460546208250366074e-01 -1.528778976850695970e-01 6.882623616924221643e-02
4.460311670036472553e-01 -1.526403440531007294e-01 6.972296848782666423e-02
4.455601194318056235e-01 -1.574143609550259226e-01 7.139306160344216501e-02
4.436114049601949660e-01 -1.462039339172802044e-01 9.760780757149367659e-02
4.437149633274808380e-01 -1.447174472254551536e-01 9.678744910405900903e-02
4.462995470137283149e-01 -1.497929059056341550e-01 6.729444969046016745e-02
4.462889096781946230e-01 -1.497339096727557384e-01 6.733527650750881222e-02
4.465064346482001123e-01 -1.481876506125666126e-01 6.656228343975323369e-02
4.465303648481682153e-01 -1.481690448933354887e-01 6.648837651530170589e-02
4.465182632651224504e-01 -1.481943958284817620e-01 6.657301976711260671e-02
4.466491203637272256e-01 -1.466592935216110005e-01 6.590849415607591411e-02
4.464949669842414592e-01 -1.480150918146707073e-01 6.710798477229085179e-02
4.444344903878815201e-01 -1.383997166020031200e-01 9.440759160216138923e-02
4.505560146939999733e-01 -1.439276837717145541e-01 6.413251557893651089e-02
4.860531157932732604e-01 -1.332644205898660394e-01 6.142720464762430055e-02
5.319051450726762775e-01 -1.094081191171854539e-01 8.719197988399463028e-02
6.010120991538837609e-01 -9.127943967808777037e-02 1.214790597245178905e-01
5.914173446249008093e-01 -1.103641435731053111e-01 6.148091026450974717e-02
5.576800446160755653e-01 -1.200428804338481426e-01 9.515787740769288128e-02
5.593039634097948243e-01 -1.406399435102269058e-01 3.783306454160961785e-02
5.551250517181396393e-01 -1.382856219662763064e-01 -3.543804398677297129e-03
5.554441105260178313e-01 -1.327926495359092463e-01 -4.156189693885314895e-03
5.469132556902848163e-01 -1.115834986243322002e-01 5.562134338641211428e-02
5.497716922609008350e-01 -1.396034039706214869e-01 -4.008446000576926238e-02
5.495167407259583525e-01 -1.413975606814920627e-01 -3.936411531828332144e-02
5.484980190103970754e-01 -1.328640503768734327e-01 -6.363116359117571008e-03
5.520078809276036669e-01 -1.330084498215317601e-01 -5.730347492653553587e-03
5.484042345845274724e-01 -1.324572208084202618e-01 -4.830849148670601778e-03
5.531530944894962332e-01 -1.414646185624338637e-01 -3.871341421965746044e-02
5.484848041979722977e-01 -1.326359734624474873e-01 -5.515918614422021804e-03
5.485372651033438851e-01 -1.327712694005854233e-01 -6.242926564353767915e-03
5.519422261786960382e-01 -1.328503174855522606e-01 -5.257028322386503305e-03
5.439047938455074949e-01 -1.238173708060980038e-01 2.742954095625727007e-02
5.484576694340229652e-01 -1.325705110990479385e-01 -5.472052068240307321e-03
5.484345016339636780e-01 -1.324817352328077069e-01 -5.125375027211331869e-03
5.439058213786192031e-01 -1.241191213466152354e-01 2.632253901784231687e-02
5.449163291451938340e-01 -1.321723119439109917e-01 -5.133212908797535334e-03
5.449019018593698194e-01 -1.321654439347944576e-01 -5.000853833292184802e-03
5.531995015695861939e-01 -1.418202465224526754e-01 -4.016328632412258237e-02
5.531580283038086687e-01 -1.415511518087573251e-01 -3.905517050067341955e-02
5.531626884322882187e-01 -1.415133280056640186e-01 -3.894313612569488825e-02
5.532367698421545299e-01 -1.416550742163173449e-01 -3.954375502079798821e-02
5.531775134004198735e-01 -1.415413219130820521e-01 -3.916536445714902115e-02
5.483967150907381738e-01 -1.324378966021835802e-01 -4.955759013608895813e-03
5.485619739628910807e-01 -1.329066828116773902e-01 -6.694055995881686982e-03
5.439235761941469960e-01 -1.238155583366006840e-01 2.733386505684887169e-02
5.531610465375915719e-01 -1.413802037369496500e-01 -3.843219462213931514e-02
5.531312722255877778e-01 -1.414513403765819688e-01 -3.877125802319358883e-02
5.532093973434001333e-01 -1.414835721519775436e-01 -3.880637353673033196e-02
5.531382130063682290e-01 -1.414495920191555789e-01 -3.882716989995249612e-02
5.532196989599228454e-01 -1.415903031857795868e-01 -3.928245399142693550e-02
5.473449054610773912e-01 -1.240863313546068381e-01 2.765477147667749769e-02
5.544347457252323252e-01 -1.505279499912969277e-01 -7.416096138583250230e-02
5.485165573469332756e-01 -1.326183621428571047e-01 -5.636842992770674243e-03
5.532252100301094933e-01 -1.416260874385721347e-01 -3.950567687010031470e-02
5.531285473603293479e-01 -1.414286492336503387e-01 -3.870021715242155658e-02
5.531674047891519397e-01 -1.414316009242906902e-01 -3.868144798908801363e-02
5.519481313935391542e-01 -1.328207885348684503e-01 -5.152750574298980979e-03
4.953299999999999925e-01 2.731419999999999959e-01 1.578349999999999920e+00
5.520036631096608692e-01 -1.328517389907687973e-01 -5.492545953310612461e-03
5.483903138770580554e-01 -1.144084596389233766e-01 2.298191453737308265e-02
5.566428495342969907e-01 -9.647809367937593139e-02 8.445740729830775173e-02
5.578595064360953870e-01 -7.899821348231289564e-02 1.425444104186979200e-01
5.869276741216837845e-01 -7.750962107727671357e-02 1.453569587308398692e-01
6.273235055747911071e-01 -7.663928349956827812e-03 2.598566144095457719e-01
6.794790789816468335e-01 3.965719251462823669e-02 2.455583055888788113e-01
6.925474174716234055e-01 1.751202855733037800e-01 2.095885694820820433e-01
6.858312780951887344e-01 2.221069704590738492e-01 2.135522527085944589e-01
6.764862691218763713e-01 2.383838506792485545e-01 2.041765523928089632e-01
6.744863785302399606e-01 2.456212837837338792e-01 2.005097181947645968e-01
6.804588766668736577e-01 2.477254678415059530e-01 1.772757968796103700e-01
6.807836744461357448e-01 2.462987118629814121e-01 1.755320861353726336e-01
6.803824197249799255e-01 2.448205508263409103e-01 1.776417302694186517e-01
6.796612113938151900e-01 2.423394011899233647e-01 2.035401403780250362e-01
6.734999319283603292e-01 2.137243400607108379e-01 1.917845351933060716e-01
5.920265293454021194e-01 1.935130470683276704e-01 3.311660329343093512e-01
5.233261147452921147e-01 1.720523303500963719e-01 3.108641537735783444e-01
3.517446106576054832e-01 2.070292711119652296e-01 4.866119005541964526e-01
2.380536401582121209e-01 2.538648125025331770e-01 5.118181676255075807e-01
9.809571478025325142e-02 3.158445135688781602e-01 4.012717254328579397e-01
4.953299999999999925e-01 2.731419999999999959e-01 1.578349999999999920e+00
4.953299999999999925e-01 2.731419999999999959e-01 1.578349999999999920e+00
4.953299999999999925e-01 2.731419999999999959e-01 1.578349999999999920e+00
4.953299999999999925e-01 2.731419999999999959e-01 1.578349999999999920e+00
4.953299999999999925e-01 2.731419999999999959e-01 1.578349999999999920e+00
4.953299999999999925e-01 2.731419999999999959e-01 1.578349999999999920e+00
4.953299999999999925e-01 2.731419999999999959e-01 1.578349999999999920e+00
4.953299999999999925e-01 2.731419999999999959e-01 1.578349999999999920e+00
4.953299999999999925e-01 2.731419999999999959e-01 1.578349999999999920e+00
4.953299999999999925e-01 2.731419999999999959e-01 1.578349999999999920e+00
4.953299999999999925e-01 2.731419999999999959e-01 1.578349999999999920e+00
4.953299999999999925e-01 2.731419999999999959e-01 1.578349999999999920e+00
4.953299999999999925e-01 2.731419999999999959e-01 1.578349999999999920e+00
4.953299999999999925e-01 2.731419999999999959e-01 1.578349999999999920e+00
-5.496065580731623879e-02 3.664193626393675851e-01 3.048702088630557139e-01
9.867644860732549539e-03 2.939859236533046150e-01 3.256438481699586163e-01
1.202594651165663775e-01 2.023642783143520529e-01 3.333753671712249567e-01
2.533740969954311195e-01 9.649706796315316026e-02 2.191974871181665563e-01
3.380595768799900536e-01 6.085450464740399523e-02 1.817912557202547852e-01
4.232862269167095848e-01 4.599277432745696448e-02 1.910903331592692656e-01
5.370071394852924396e-01 3.437585186223313105e-02 2.332083989576030358e-01
5.869762006324932280e-01 9.251332899525732678e-03 1.047959424383737570e-01
6.126897904333650224e-01 2.335498982414607738e-02 1.888478415067076366e-01
6.196207850302368758e-01 3.513098503562817054e-02 1.878573453764362799e-01
6.169101993144988638e-01 6.106312039887906717e-02 1.720327036647200103e-01
6.213725066699892219e-01 5.293063631373645661e-02 1.190672973056927653e-01
6.187775282952964195e-01 5.418502772781252919e-02 1.473542749255476458e-01
6.187654679001435287e-01 5.578008745558560300e-02 1.479378996096079035e-01
6.211317415976091993e-01 4.992702942426502366e-02 1.201698986358081811e-01
6.211017107057049680e-01 4.989927314139902537e-02 1.202318226182632621e-01
6.211069392246126863e-01 4.985535861721634987e-02 1.202381570652810705e-01
6.211393544294327995e-01 4.983200527888537179e-02 1.198136487896368507e-01
6.210967338563248008e-01 4.991695709668103609e-02 1.200081927683658289e-01
6.210324502282380532e-01 4.998306786274908653e-02 1.202794279821277623e-01
6.211066155908480102e-01 4.986272994635998490e-02 1.198701171378009356e-01
6.210892800543874603e-01 4.985156243437538492e-02 1.198984276460035581e-01
6.235032893110037389e-01 4.558559866923095338e-02 9.195556365171064783e-02
6.235260033976346428e-01 4.554897394359114227e-02 9.175717214576173397e-02
6.234690715614169543e-01 4.559116514316202684e-02 9.218901608221097277e-02
6.234752245621965061e-01 4.555139001668989662e-02 9.197971785601155581e-02
6.234732972740590906e-01 4.558543346294763321e-02 9.201804884465336620e-02
6.235039469140558621e-01 4.555389826101063910e-02 9.181421766176955934e-02
6.234774142123236107e-01 4.556716219906509213e-02 9.184195335891165435e-02
6.235158053886920015e-01 4.551391711866864531e-02 9.148272259171141840e-02
6.183015434327066018e-01 4.988059079909323845e-02 1.178063375713795935e-01
6.237281697855263651e-01 4.693863687947397167e-02 9.041336700721225306e-02
6.234985392295480100e-01 4.556554628652337291e-02 9.168718952400678468e-02
6.234950841610610306e-01 4.553689538869271081e-02 9.160219067685004823e-02
6.182797991723403275e-01 4.989266741321979337e-02 1.178678700213409147e-01
6.237399699124976937e-01 4.691485591728988824e-02 9.023692252747772535e-02
6.185791547398343804e-01 5.114371102561060534e-02 1.160136547398529228e-01
6.182913418363034097e-01 4.984221420305967598e-02 1.179015479899077068e-01
6.234990987900972392e-01 4.552656715935471388e-02 9.159955818422460538e-02
6.183229354814454570e-01 4.982835138063140823e-02 1.175439989757367520e-01
6.183265185825079779e-01 4.978722254797818270e-02 1.174738733499003374e-01
6.182770490699485144e-01 5.147269425965850242e-02 1.181420192456057450e-01
6.207726574282407261e-01 4.864563759395484910e-02 8.940472667351673230e-02
6.181797155646383546e-01 4.996278606650234044e-02 1.180886870480775119e-01
6.205323109128221271e-01 4.564212407059969889e-02 9.029822322400882229e-02
6.205436846349821067e-01 4.562104105825726119e-02 9.015636808729854401e-02
6.207746579612731797e-01 4.699484913647178352e-02 8.898016312886469770e-02
6.205638168673589528e-01 4.558470722983781753e-02 9.026799428822629423e-02
6.206057067616834733e-01 4.553087835197155986e-02 8.998463078438567742e-02
6.208063065135702718e-01 4.698457190500204828e-02 8.886246283545840008e-02
6.205659931759969217e-01 4.555959379632767980e-02 9.021576203435288654e-02
6.205447180751144653e-01 4.562821178781989451e-02 9.037944066624925554e-02
6.205196364477545412e-01 4.566781281495091438e-02 9.042413379972691345e-02
6.182497006354272795e-01 4.982115764874228692e-02 1.177357643129257614e-01
6.207993412815436818e-01 4.698663690577453700e-02 8.892549357033741053e-02
6.208005023424595370e-01 4.698801757463810791e-02 8.884645435030025240e-02
6.208015896721303939e-01 4.700318580517176548e-02 8.877640427120336852e-02
6.205124972290233520e-01 4.567146538425986835e-02 9.050019581311263828e-02
6.208338056889772805e-01 4.690637798693780836e-02 8.864618250423950130e-02
6.208161927820146087e-01 4.694746700203422662e-02 8.876717672699396822e-02
6.208095517180353129e-01 4.695313890504837495e-02 8.886183513558632008e-02
6.207987393805950438e-01 4.700789763498308682e-02 8.884749376424405654e-02
6.205963398281305610e-01 4.555883460399506868e-02 9.004954319943925256e-02
6.208318734070077394e-01 4.696316209979356504e-02 8.864872060873718596e-02
6.205279857206373872e-01 4.560637159079317104e-02 9.039384461451316355e-02
6.208058440464884198e-01 4.697219208928943290e-02 8.892768399181827377e-02
6.205448508590758472e-01 4.559932039973146889e-02 9.034082407429222528e-02
6.205931132727474653e-01 4.553826762360335678e-02 9.005609133865655203e-02
6.207836749715626157e-01 4.697924112150075882e-02 8.897402763284434357e-02
6.205844454134702426e-01 4.554892429259421727e-02 9.006554318908732704e-02
6.207833196020871025e-01 4.697457801392673771e-02 8.898010526855437696e-02
6.208133255151808694e-01 4.695757601979377860e-02 8.870095915768749784e-02
6.208004988534092661e-01 4.696380356287965796e-02 8.883213568900205637e-02
6.208214164794743084e-01 4.692810762298105232e-02 8.858705510049147414e-02
6.208264424445435470e-01 4.695204341258113478e-02 8.867209745059967396e-02
6.205903449586600562e-01 4.555378781473640171e-02 8.999334954119753149e-02
6.208174851232782787e-01 4.694163590057198743e-02 8.873788251513459180e-02
6.207963314214364203e-01 4.692513208948073666e-02 8.876182644513752606e-02
6.205983869276359144e-01 4.551386557899417262e-02 8.993204345221150753e-02
6.207765553857743646e-01 4.698949939510232987e-02 8.889232562941917770e-02
6.205985375719725861e-01 4.553442028871179659e-02 8.995587384512404583e-02
6.205331559852793610e-01 4.561725418965517642e-02 9.038337490717984757e-02
6.208536008295669761e-01 4.687957187108698909e-02 8.850391382844957633e-02
6.208066881632670064e-01 4.693690159751473523e-02 8.884794674546792059e-02
6.208227446420073736e-01 4.691710025748618840e-02 8.867129680102170397e-02
6.205630625336662209e-01 4.557687390027942431e-02 9.020206598349123084e-02
6.206322563378184887e-01 4.546268324926494575e-02 8.969364454911499251e-02
6.208205950706183751e-01 4.690237808018926646e-02 8.870615133465831192e-02
6.207787149661629922e-01 4.699176751586803258e-02 8.894420156752014250e-02
6.206101016735910969e-01 4.552895154836777980e-02 8.986425591351698827e-02
6.208496392243058049e-01 4.690054998046161439e-02 8.854972888026391153e-02
6.208241061921209170e-01 4.693724319484837704e-02 8.869289415449643776e-02
6.208482114206895774e-01 4.686925180901591048e-02 8.842173180160584067e-02
6.208941795549258735e-01 4.681460266377029944e-02 8.833149902305659218e-02
6.208243717945456375e-01 4.694307792511587252e-02 8.857955104337622565e-02
6.208346429882779516e-01 4.692958060286939181e-02 8.854555363176386251e-02
6.207688314855173140e-01 4.697997806765141782e-02 8.905247150530737343e-02
6.208299287141144651e-01 4.692574517431857828e-02 8.884470524809962022e-02
6.205960124044418436e-01 4.551567137378459416e-02 8.999576930159913779e-02
6.208593260823100923e-01 4.693906929719443566e-02 8.854475521229954182e-02
6.208664058119162110e-01 4.699821412239968410e-02 8.865065357218759878e-02
6.208174091998323041e-01 4.704616144560286317e-02 8.885902897395259181e-02
6.207635968797400317e-01 4.704187899656603333e-02 8.911413307676241402e-02
6.207624650299757851e-01 4.705091830855612223e-02 8.917306313460304779e-02
6.208363455819204679e-01 4.694044090302290639e-02 8.867512974985158891e-02
6.207680261639059172e-01 4.702790600982309499e-02 8.915040107094052146e-02
6.207451187148138594e-01 4.705735007174310924e-02 8.903322490243081866e-02
6.207287366059048850e-01 4.707294223694502566e-02 8.921150730645432958e-02
6.204710114510282315e-01 4.568451271568241268e-02 9.067900240011583790e-02
6.207475973180636153e-01 4.861327663485714989e-02 8.917892211989530971e-02
6.204443268965825764e-01 4.730162346000965634e-02 9.107941821337406374e-02
6.207432863319799488e-01 4.862561599467701834e-02 8.927103913364486942e-02
4.953299999999999925e-01 2.731419999999999959e-01 1.578349999999999920e+00
6.207184277448773990e-01 4.705595087701086587e-02 8.892154832347642923e-02
6.204328589786782810e-01 4.573383958800136817e-02 9.071338558970909460e-02
6.207172063209638324e-01 4.864591693206132827e-02 8.925673487413576801e-02
6.204753694538847064e-01 4.726174424003065644e-02 9.066061457312613037e-02
6.207723036752447188e-01 4.856202619080252081e-02 8.899980519716499394e-02
6.206782884888306651e-01 4.705599462352694218e-02 8.919390509585078952e-02
6.206884924087241462e-01 4.716505973891921277e-02 8.954663151236408325e-02
6.211055395101919840e-01 4.836785760946576973e-02 8.705792245741705848e-02
6.207559307328477383e-01 4.709991204033797674e-02 8.899739638261117136e-02
6.207357095154762971e-01 4.715787016922240449e-02 8.939934632454504815e-02
6.208598639486119231e-01 4.861511813260621651e-02 8.904127843780296203e-02
6.208521229325473234e-01 4.698259295505291533e-02 8.870487359369083613e-02
6.181766346979588045e-01 4.994530358901627665e-02 1.182822394942775190e-01
6.207680516777440705e-01 4.702487182746833971e-02 8.900549585849115708e-02
6.207202783685877856e-01 4.707959329424799000e-02 8.921166968103877437e-02
6.208448814118265879e-01 4.857401977080111344e-02 8.872189760009052684e-02
6.207157982958674269e-01 4.869267868289350876e-02 8.958777062430667293e-02
6.206862115841000893e-01 4.708440137591962671e-02 8.929984826834935774e-02
6.208093646970480606e-01 4.860403464135532037e-02 8.900492324682041101e-02
6.207760288287014205e-01 4.862470850616695817e-02 8.911746101666562225e-02
6.207653805767625599e-01 4.864207575041062936e-02 8.938159674863666027e-02
6.208202819917797433e-01 4.862481067225343789e-02 8.897795410147013584e-02
6.185362093652442272e-01 5.129262890328462055e-02 1.163203136813335536e-01
6.239333118269487777e-01 4.853120350645484526e-02 8.961967211116017573e-02
6.239391405943959246e-01 4.850510081371667281e-02 8.945582534694818122e-02
6.213583962381721282e-01 5.154129734313495081e-02 8.641979661613108377e-02
6.187802515432521133e-01 5.434494898612796110e-02 1.154740060661054724e-01
6.183601671570255753e-01 5.305464528377351607e-02 1.177524861889591712e-01
6.184769016194745506e-01 5.288016239406168051e-02 1.169824659480369622e-01
6.180571022484482313e-01 5.174164310625201102e-02 1.197181835137246519e-01
6.206963868696570019e-01 4.883950579324364272e-02 8.997073729961813093e-02
6.207027810185983263e-01 4.878148517312114185e-02 8.997360444456248274e-02
6.207093891769990268e-01 4.875681208233539898e-02 8.990619364582652651e-02
6.206954807441964483e-01 4.881235520012677798e-02 8.996449812036955151e-02
6.207117121411264149e-01 4.876773613554236109e-02 8.988854525769052195e-02
6.207252587745770711e-01 4.878983126099406542e-02 8.978169147149994700e-02
6.183494506564960469e-01 5.300716552297773942e-02 1.176712121234573249e-01
6.207115666703030277e-01 4.875803841097658964e-02 8.981892355826270880e-02
6.207032128304212915e-01 4.875033838465814284e-02 8.989533867311627624e-02
6.207265874549269258e-01 4.870602480444319315e-02 8.980795308747580030e-02
6.206997518431142113e-01 4.714224490858615058e-02 8.945365559167184344e-02
6.206576210219979517e-01 4.885528145337103556e-02 9.018956400404576357e-02
6.206882623564198287e-01 4.882467366315423885e-02 8.987421117178739927e-02
6.207067817074447547e-01 4.879315898314118272e-02 8.999292846633055731e-02
6.206946409728676395e-01 4.882383876010781831e-02 9.002758361868101744e-02
6.205993270362512026e-01 4.888093300320217605e-02 9.050300196631178018e-02
6.207300267246201875e-01 4.872028236885372898e-02 8.976594006687310667e-02
6.206701746031090261e-01 4.717022949291765910e-02 8.963276197309277826e-02
6.207186069095461667e-01 4.874619241112476686e-02 8.989673268081976865e-02
6.207220880479573655e-01 4.875143691664940437e-02 8.979578072015659274e-02
6.183887793801710053e-01 5.294609930597243830e-02 1.174403130855208310e-01
6.183338518838360498e-01 5.138691444323961743e-02 1.172829388189218225e-01
6.206940195321277720e-01 4.878178758637607970e-02 8.992954343354320201e-02
6.181226663873404803e-01 5.161809139895440213e-02 1.189874014646752354e-01
6.206666727770701053e-01 4.881120333270727585e-02 9.018359927048003044e-02
6.206513771464541307e-01 4.716466664464774583e-02 8.967140917292759639e-02
6.206458538044855588e-01 4.721700644366449984e-02 8.984816316325150432e-02
6.207429360084085745e-01 4.870630552211407949e-02 8.955683466256103564e-02
6.207263622220098309e-01 4.871174796429272869e-02 8.978936146437499488e-02
6.206965348277017069e-01 4.879892151178422122e-02 8.999518081204072040e-02
6.207516022719800075e-01 4.866669089454417341e-02 8.951483536147164521e-02
6.207238668904557777e-01 4.872426966337861653e-02 8.983573825787227740e-02
6.207031111735492601e-01 4.712518329477310974e-02 8.934293187231578948e-02
6.206791698419957815e-01 4.880239853131773664e-02 9.005756549520027576e-02
6.184205207281648908e-01 5.290095293694740963e-02 1.172447362514821290e-01
6.207821864501565923e-01 4.868274413490303321e-02 8.925687867850506940e-02
6.207605816843524416e-01 4.870077372749154199e-02 8.942090833893057145e-02
6.206970529940754044e-01 4.876683770856266031e-02 8.987764974003287222e-02
6.206942842231750745e-01 4.879005749326947861e-02 9.003153738394376049e-02
6.207204973240568746e-01 4.874201463149491209e-02 8.987835376734931714e-02
6.206976593681589049e-01 4.875430843479933163e-02 8.995760921069595462e-02
6.206767664466440459e-01 4.717388674435024631e-02 8.955595599688281894e-02
6.207072059989572343e-01 4.871686074659226096e-02 8.989538896966275949e-02
6.206447963239044574e-01 4.720486561572556639e-02 8.983144025532441290e-02
6.207441362699120946e-01 4.872575023555758555e-02 8.959998565057980535e-02
6.207646568985462077e-01 4.871184691911933928e-02 8.942668685734855849e-02
6.207329791838348543e-01 4.876270097097756828e-02 8.958823961910589162e-02
6.206971669684618886e-01 4.876968340849874295e-02 8.997839430465526256e-02
6.207690650165811341e-01 4.868491683419051697e-02 8.954339955841517096e-02
6.207807030174091745e-01 4.866313831023871828e-02 8.942457997895703059e-02
6.184501733843683624e-01 5.288636453041439811e-02 1.170729962066918706e-01
6.207341907870590481e-01 4.872898510968692865e-02 8.978075796158613286e-02
6.209378538190186703e-01 5.020649030938745261e-02 8.841763102250688178e-02
6.183332543936774783e-01 5.309055328656736572e-02 1.176594886853792321e-01
6.206274226814270101e-01 4.890257252511381880e-02 9.029008789435333249e-02
6.206206566661253143e-01 4.890838100682209921e-02 9.034037376527725982e-02
6.205974682802661846e-01 4.892708754168456631e-02 9.055225794326426936e-02
6.206339848277926396e-01 4.892185268887883076e-02 9.036466036105461619e-02
6.206288716870620448e-01 4.890418283413355827e-02 9.028286218057490764e-02
6.206278372617423100e-01 4.889533619314434532e-02 9.033749357058096230e-02
6.206517358434915366e-01 4.885895309445265067e-02 9.012952935381823849e-02
6.206925810136988408e-01 4.878681349514429888e-02 8.983913983335711784e-02
6.183210297079622109e-01 5.306180512741209832e-02 1.178360682174024454e-01
6.183753928433463054e-01 5.296206101097172825e-02 1.174809248678421181e-01
6.207058725477859751e-01 4.880206232149902901e-02 8.990283496224660276e-02
6.206329833176046362e-01 4.890713316172368152e-02 9.035493368108427070e-02
6.183468873747647310e-01 5.304615528595452156e-02 1.176764649054795608e-01
6.206641960852876672e-01 4.884190781633562795e-02 9.007735357611101890e-02
6.183088998995454055e-01 5.309338490459325488e-02 1.180013865274831542e-01
6.183133999959901095e-01 5.306258185316625742e-02 1.179961445233514983e-01
6.206091208050295016e-01 4.887468257184335307e-02 9.040023096053961815e-02
6.207118045907318304e-01 4.874919801509386419e-02 8.963026650398076001e-02
6.207444713167860062e-01 4.866377796436849312e-02 8.930789023581064967e-02
6.207884269544259315e-01 4.867238067306584037e-02 8.919374588562489770e-02
6.207377343662082714e-01 4.870833238923555353e-02 8.944710647507014833e-02
6.207124581939607033e-01 4.874651384764910889e-02 8.980191357165723254e-02
6.181430575294419860e-01 5.000478826741877603e-02 1.189186456065960407e-01
5.656666240151166924e-01 4.780676619684698370e-02 2.276287403870582704e-01
4.752904885963507020e-01 1.469744718683513307e-02 2.608310774208795202e-01
4.686956792420544082e-01 3.572164996571092210e-02 2.747114716753478181e-01
4.651392933893561121e-01 3.192781618241968822e-02 2.528800510352833264e-01
4.623145943409838199e-01 3.063544996043293667e-02 2.765530983696828926e-01
4.946178390226509403e-01 2.227517611804979980e-02 2.058025236622751386e-01
5.301826396790876306e-01 4.320556486470999991e-02 2.011211496649227826e-01
5.654800572850375850e-01 3.970397982791074032e-02 1.187385823456272860e-01
5.692007567516446098e-01 4.404054763787990101e-02 1.171507928438662027e-01
5.708865012261741256e-01 4.261236096400772277e-02 8.775120735144947837e-02
5.675206923844292595e-01 3.960930438496174100e-02 8.765928692933844246e-02
5.675319587004847843e-01 4.139108395224067038e-02 8.841447062020280079e-02
5.675524570822522152e-01 4.134347594602405529e-02 8.845937248216029225e-02
5.678653121155351480e-01 4.258953223529460264e-02 8.590074419251214621e-02
5.675591530957788677e-01 4.131487291041019416e-02 8.814343810013069991e-02
5.672296030978798420e-01 4.007193605920678081e-02 9.078974228864034046e-02
5.675201905547484493e-01 4.135875394646826297e-02 8.863042767116202647e-02
5.675060354096718163e-01 4.138014190720767926e-02 8.864054809005206259e-02
5.678284517815731514e-01 4.084701507083327021e-02 8.531804019255817551e-02
5.675366630996979689e-01 4.132161484789104167e-02 8.849094968172122044e-02
5.678039702844135395e-01 4.262091059423245287e-02 8.618805163060772045e-02
5.672474223605558086e-01 3.830973607860505004e-02 8.992445896622025536e-02
5.677179273545094329e-01 4.099794144021717823e-02 8.627820830155563669e-02
5.677018269978097997e-01 4.100541450244932218e-02 8.611314395895042217e-02
5.675444673971965504e-01 4.131112474645676214e-02 8.815381415848677626e-02
5.675012038503065570e-01 3.961169948177040157e-02 8.799587696997424047e-02
5.675354991025611806e-01 3.958450908119981460e-02 8.757895540492310893e-02
5.675017356890283970e-01 3.960559581542766328e-02 8.768248898027741767e-02
5.675149581779770358e-01 3.961299269086870911e-02 8.774917321366104694e-02
5.674529853185296124e-01 4.139935792252424918e-02 8.911467653258120514e-02
5.674963132427588430e-01 3.964801706670223469e-02 8.783636324397248174e-02
5.675244863902285664e-01 3.960251419542726303e-02 8.764408797712541777e-02
5.675470037177756666e-01 3.952028698389226102e-02 8.720746104428389600e-02
5.675196934270120286e-01 3.954494317521906055e-02 8.736487186064523236e-02
5.674897332591541943e-01 4.134544061454387132e-02 8.859791948913886550e-02
5.675088152794606211e-01 3.958535329928247748e-02 8.744049043377599695e-02
5.674563543219223183e-01 3.963516837172215146e-02 8.782273234844706344e-02
5.675136566132195082e-01 4.131711418559408378e-02 8.819771349691718498e-02
5.677005621939330560e-01 4.094029249289632411e-02 8.591723783604954257e-02
5.676612543099366359e-01 4.101363417050984950e-02 8.615988178446176704e-02
5.674550002654805692e-01 4.136857827760281880e-02 8.854776038480616229e-02
5.674381626964993819e-01 3.963560815223310385e-02 8.791446533690949749e-02
5.676760353188574637e-01 4.098064330998063554e-02 8.616475783225885365e-02
5.676371589489027647e-01 4.101805055893964491e-02 8.636377569923192610e-02
5.674034222415939022e-01 3.967708970241251576e-02 8.809225745496673809e-02
5.689808942944787340e-01 3.666121900273122680e-02 5.856033560845141928e-02
5.689946487329557989e-01 3.665553308959307310e-02 5.845729480828554259e-02
5.674412283920093891e-01 4.135689283911886394e-02 8.853089350696885518e-02
5.676683628885157429e-01 4.096034422665090213e-02 8.612133349109529767e-02
5.674693785729690854e-01 3.959450858266655437e-02 8.770643086927298882e-02
5.690877627655595017e-01 3.652656211847066237e-02 5.778507970899182666e-02
5.674793577207767337e-01 3.960919324196132685e-02 8.759577218372993634e-02
5.690870008540719338e-01 3.658310443314916061e-02 5.780818563347001060e-02
5.689411100068182403e-01 3.494159757179027270e-02 5.819459009023741913e-02
5.674345500847011170e-01 3.965448900979762215e-02 8.772287001003165052e-02
5.674511121826008031e-01 3.960678536976874886e-02 8.772913680941973880e-02
5.676913800261974563e-01 4.094040025624634538e-02 8.596609845579550324e-02
5.690555891512818487e-01 3.655407549538464140e-02 5.799567756812229469e-02
5.674509658674351531e-01 3.962690185315165259e-02 8.784187955010280824e-02
5.677084217756330764e-01 4.093587491592765026e-02 8.588349644099468883e-02
5.690131364997967900e-01 3.664336967094244946e-02 5.829451310343225501e-02
5.690123318349949999e-01 3.664160641384867079e-02 5.832858007647723220e-02
5.677295303576611607e-01 4.267443967760364831e-02 8.642550232391243981e-02
5.676877465730562067e-01 4.098318819458784956e-02 8.602898271751047155e-02
5.677474653907798041e-01 4.265458442274489004e-02 8.660787542869630151e-02
5.677035085100912148e-01 4.274702648053319010e-02 8.684373776810350165e-02
5.676039680009276056e-01 4.107867055365443942e-02 8.650786370268304104e-02
5.674599784863986196e-01 3.963446401634068694e-02 8.774833675106874509e-02
5.689925572975031987e-01 3.668950999332221130e-02 5.827717757605044291e-02
5.689864268046767037e-01 3.665003325861693195e-02 5.841060587208390942e-02
5.676943657231949825e-01 4.100016095472130973e-02 8.594202827325947425e-02
5.690605168700478833e-01 3.660276317430294357e-02 5.794472067231404289e-02
5.689157253665334535e-01 3.498207479115578167e-02 5.816111910793742013e-02
5.674579010568097104e-01 3.950058518154919707e-02 8.700912415990758042e-02
5.673096637333124859e-01 3.801516381332281647e-02 8.779009645390045691e-02
5.674742832019119554e-01 3.945970166617635000e-02 8.681236874101894152e-02
5.556822614764154178e-01 5.205630667290095381e-02 1.413573765997946374e-01
5.416823729183789515e-01 8.224849026357011761e-02 1.556471336353304480e-01
5.052673628672592621e-01 1.610415719922557720e-01 3.381805092211249697e-01
4.659334687691628618e-01 2.304513035485745154e-01 4.375252545482606337e-01
4.319877895793571843e-01 2.850960365211219205e-01 4.584756083231618096e-01
4.164171079900205741e-01 3.108095945311188935e-01 4.321875783546000882e-01
4.144774717673480602e-01 3.157954483432173776e-01 4.638008778540401167e-01
4.188419600535586151e-01 3.253324694252461291e-01 4.430791667707048020e-01
4.507386201637326728e-01 3.053022692391276216e-01 4.041642552353830187e-01
4.724652370847389204e-01 2.527786310135275438e-01 3.919179552036324843e-01
5.251634671263842868e-01 1.929154674517547519e-01 2.103377045303076454e-01
5.965306651243998948e-01 1.198622838964611970e-01 1.706705353063455721e-01
6.243909444506957618e-01 7.063709708465643056e-02 1.668270389294377321e-01
6.157221623120934240e-01 7.195961285802732199e-02 1.931836984033985516e-01
6.210265825070976353e-01 7.170753287735581738e-02 1.377376076889722523e-01
6.183695601029038924e-01 7.644794892251488561e-02 1.366274869339167974e-01
6.207635740987464956e-01 7.026033554433286366e-02 1.387940680695183282e-01
6.229501339642196100e-01 6.486646038314702878e-02 1.119563057204648882e-01
6.232806529247283400e-01 6.794968122684957867e-02 1.110094017703651126e-01
6.231414751965135279e-01 6.644329557687050913e-02 1.113213398206456262e-01
6.232576620412394464e-01 6.793380243320762402e-02 1.107533296705760506e-01
6.229080735718472983e-01 6.498881469275052947e-02 1.125320910680718267e-01
6.232871387100785698e-01 6.795184096598627654e-02 1.111394876115008312e-01
6.233593209915727629e-01 6.782977435556059032e-02 1.103179147840573915e-01
6.230719275451586103e-01 6.645778864784540607e-02 1.116500051003195271e-01
6.254851727922156046e-01 6.082115409801908124e-02 8.346611659147962214e-02
6.227411883479162524e-01 6.354981537045539808e-02 1.132440330600239520e-01
6.229900238011598645e-01 6.495053056192401364e-02 1.119180607863066168e-01
