7.265344569071799929e-01 -2.719877186691760373e-01 8.858258305374522301e-02
7.348548627636849462e-01 -2.837870682538747857e-01 5.735566540554470905e-02
7.264339985510617215e-01 -2.737105449777245125e-01 8.898822625243196782e-02
7.348264455730408873e-01 -2.838242108862101265e-01 5.770652120493791060e-02
7.264081087987721563e-01 -2.737747435020208009e-01 8.896023279693410224e-02
7.345431089648157830e-01 -2.870693840386270845e-01 5.851961445046804933e-02
7.346663014616847676e-01 -2.873410151069313301e-01 5.782763824366776717e-02
7.346816032543868058e-01 -2.873810110141932772e-01 5.785355272224101952e-02
7.345939670204699734e-01 -2.872418795431256333e-01 5.810276748306453243e-02
7.344973138858525985e-01 -2.870776831093430070e-01 5.855154821819508193e-02
7.262646672792136826e-01 -2.754193926426916628e-01 8.924758258439435821e-02
7.344195177074730463e-01 -2.868631293219029432e-01 5.901760722518534230e-02
7.344589496105164983e-01 -2.870541417326777367e-01 5.873023713835467952e-02
7.343863262712091444e-01 -2.868117030193805261e-01 5.920876541163178075e-02
7.343642502071678901e-01 -2.867570069520622433e-01 5.923986946929837849e-02
7.344083042829007146e-01 -2.868389943011849796e-01 5.904625459959511602e-02
7.266274447657168345e-01 -2.722369455060362764e-01 8.821731904402674296e-02
7.266513748248368820e-01 -2.721636393360346018e-01 8.808229884394114251e-02
7.404844912781298749e-01 -2.925704050023704705e-01 2.293313291716714275e-02
7.237444791082173756e-01 -2.689803965968936006e-01 8.595650271783172869e-02
7.082160039347350500e-01 -2.434203352954387722e-01 1.445786074947685851e-01
7.166647580653549010e-01 -2.462805922541022041e-01 1.127807396060227507e-01
7.101537053873777650e-01 -2.302591499499976602e-01 1.370004033276468469e-01
7.076194163110525182e-01 -2.257235914367139440e-01 1.344602499475882063e-01
7.074339230025052938e-01 -2.236702274343073116e-01 1.346790026021689179e-01
7.009270992309033499e-01 -2.097036310937404058e-01 1.594322384078710186e-01
7.014558531587720136e-01 -2.051369881308078846e-01 1.575361645052730797e-01
7.017853968230008954e-01 -2.021581622238903808e-01 1.563470501081987152e-01
7.012479715586901197e-01 -2.031047623463123619e-01 1.585165249709441504e-01
7.012477787792623651e-01 -2.048437090453952281e-01 1.586039966004595403e-01
7.010693459610461975e-01 -2.080874175402223913e-01 1.589200367428391658e-01
7.008296837587415506e-01 -2.095175427509397004e-01 1.599223932460711595e-01
7.006880757675796323e-01 -2.111020116370022071e-01 1.606365680014536501e-01
7.006245395893513361e-01 -2.110163533704131344e-01 1.609219038863642925e-01
7.075651571660727113e-01 -2.221422832052409313e-01 1.344674251451267732e-01
7.003452916033446884e-01 -2.157958796018361602e-01 1.617508110960215184e-01
7.073748014777153648e-01 -2.236844633200317789e-01 1.352351598784058417e-01
7.033267101977676017e-01 -2.159154802085459235e-01 1.625256855282919410e-01
7.074819462729036168e-01 -2.255176440638303470e-01 1.349934998560100574e-01
7.103763422667950245e-01 -2.288249810671209861e-01 1.363061609896107917e-01
7.097262826092511911e-01 -2.313786617814749258e-01 1.388883459060996639e-01
7.090594302759170020e-01 -2.375204907384067254e-01 1.414191497886880811e-01
7.047227142260015231e-01 -2.308936638804375829e-01 1.698244597963214364e-01
7.082170859225184190e-01 -2.452415532883554516e-01 1.445336022522629715e-01
7.189849451541751035e-01 -2.578608340145051026e-01 1.164906711901620984e-01
7.267556410110354026e-01 -2.705295359358190765e-01 8.777933779387447899e-02
7.265840216757535330e-01 -2.720859167658537525e-01 8.852550545324833209e-02
7.265179721673935553e-01 -2.740792020280957142e-01 8.830749819019301228e-02
7.341973665758222412e-01 -2.905645798620432041e-01 5.941656364870073759e-02
7.333475309793919816e-01 -2.949154146464168513e-01 6.274012433796682942e-02
7.331108407518237557e-01 -2.944718110353350404e-01 6.370437200683221057e-02
7.333620039810151425e-01 -2.948160078191757183e-01 6.286243266302182775e-02
7.336777860416741071e-01 -2.916247250302135274e-01 6.165273051662589765e-02
7.342721039905697467e-01 -2.906891615177690791e-01 5.905755384753197390e-02
7.290253916631073139e-01 -2.783770620181709177e-01 9.188129713561843381e-02
7.347524511206686704e-01 -2.856444118814467914e-01 5.749871990630928131e-02
7.266718904247402300e-01 -2.722471087874174245e-01 8.817086648494587564e-02
7.220199982430308694e-01 -2.613216909822523304e-01 1.179400733989848238e-01
7.351854597827880422e-01 -2.823496460686474863e-01 5.626799880249788721e-02
7.270994581865788398e-01 -2.691736844305991916e-01 8.644219618241777425e-02
7.272994573358892989e-01 -2.695699382107555331e-01 8.522623284420061118e-02
7.158642176777004762e-01 -2.559899916826635091e-01 1.158836199536965594e-01
7.160384039080351926e-01 -2.544212612995058187e-01 1.150502603175489469e-01
7.086807672374427769e-01 -2.425531579463630072e-01 1.424718773606372668e-01
7.092591739651888938e-01 -2.359910699381679300e-01 1.409249706931114954e-01
7.098885590546488711e-01 -2.316273937485515688e-01 1.386088913408427548e-01
7.023974535402477404e-01 -2.230424415199011579e-01 1.667267976880950631e-01
7.026336190190970443e-01 -2.217894143078326941e-01 1.654894268999904661e-01
7.030645169653266802e-01 -2.206421109210700005e-01 1.638755424508926417e-01
7.102971844230682175e-01 -2.287493353924006101e-01 1.365342848181456681e-01
7.034683422482580495e-01 -2.178294756210296945e-01 1.621376239961744847e-01
7.075994378982096711e-01 -2.258566065522432109e-01 1.342374853271022239e-01
7.073470482516587277e-01 -2.270757436328083023e-01 1.354643005080833351e-01
7.075310935593157602e-01 -2.256771866239010715e-01 1.346171099141404426e-01
7.077680422532259819e-01 -2.259735573958456256e-01 1.336279645603597466e-01
7.075882232086568857e-01 -2.257648000803291477e-01 1.343772455126330811e-01
7.075971128960669709e-01 -2.257439843593388173e-01 1.343627355030967419e-01
7.075860472335100404e-01 -2.257690926252305386e-01 1.343625959270506875e-01
7.072112940117061264e-01 -2.268872713103592120e-01 1.358465524161636129e-01
7.074894708139329857e-01 -2.255764211261719610e-01 1.349174120459823989e-01
7.075730943828016928e-01 -2.257668885297477168e-01 1.342614519174680776e-01
7.073344220765084289e-01 -2.253030438419431070e-01 1.354911712430235671e-01
7.074295699134229842e-01 -2.256054436430781629e-01 1.348382260296299151e-01
7.075266624307274821e-01 -2.256418183837383962e-01 1.345497355003373308e-01
4.953299999999999925e-01 2.731419999999999959e-01 1.578349999999999920e+00
7.074816144291787845e-01 -2.254721117778420436e-01 1.348053187314286472e-01
7.047640279901117299e-01 -2.244358742382078775e-01 1.317599539134470810e-01
6.813860455136686589e-01 -1.809069779135510370e-01 1.458100508861563949e-01
6.692559446648598254e-01 -1.488381368515714898e-01 1.274149615062094565e-01
6.579252110680520182e-01 -9.411530875771489946e-02 1.363397602030669287e-01
6.334691485754728735e-01 -1.623992558434539379e-03 2.064914907136123912e-01
6.357653517914965136e-01 4.507034118442243553e-02 1.276351651345097871e-01
6.163485483929991293e-01 1.042475155479014037e-01 2.074614974547712709e-01
6.203866667391597645e-01 1.468318192281127255e-01 1.332393550070851695e-01
6.169250861918360584e-01 1.695588107610047635e-01 1.215295091643675551e-01
4.953299999999999925e-01 2.731419999999999959e-01 1.578349999999999920e+00
6.016510931671782414e-01 1.843960808970481202e-01 1.682288068994619579e-01
5.792205069409571694e-01 1.471665295760706815e-01 3.910964867364352671e-02
5.217945756835745685e-01 1.041393776368864099e-01 2.830618806854157121e-02
4.013109078890055303e-01 8.935946719977261310e-02 8.543033924839038562e-02
3.264218567555248196e-01 8.345825812876228600e-02 -7.790013946124885180e-03
2.247146753107607253e-01 1.182908143152892610e-01 4.084047706627824681e-02
1.351608764842390786e-01 1.695963925468922384e-01 5.344429881080969835e-02
6.289399973054526916e-02 2.365519733161331462e-01 1.157911586845368213e-01
2.468572897101628527e-02 2.718501596383452457e-01 1.317449373713492911e-01
-2.570201815043693383e-02 3.273718112571239458e-01 1.154700436477364978e-01
-3.801806373445981713e-02 3.573645786681175496e-01 1.775322415335058857e-01
-7.575807084857233420e-02 3.965507888375521262e-01 1.445545780807078184e-01
-8.232203737216003958e-02 4.141063591301441527e-01 1.620221489346980182e-01
-6.419052720503803933e-02 4.214473071942329563e-01 2.452045007226706375e-01
-8.451439132157567702e-02 4.317160104004144072e-01 2.006924336318074431e-01
4.953299999999999925e-01 2.731419999999999959e-01 1.578349999999999920e+00
4.953299999999999925e-01 2.731419999999999959e-01 1.578349999999999920e+00
4.953299999999999925e-01 2.731419999999999959e-01 1.578349999999999920e+00
4.953299999999999925e-01 2.731419999999999959e-01 1.578349999999999920e+00
-1.123376650824426948e-01 4.346523971269130038e-01 1.371721164529620118e-01
-6.706176632913352087e-02 3.878515788951517052e-01 2.932004899243711993e-01
-1.090636887190354898e-02 3.123496407349705684e-01 4.335777555735289557e-01
2.837468601880066554e-02 2.384634566415251011e-01 4.999019444640251386e-01
5.579180423393848010e-02 1.981059824084043797e-01 5.071930070778041255e-01
1.352970153036833212e-01 1.160281521758139422e-01 5.110667399274138045e-01
1.639054532424151223e-01 8.727618228837852321e-02 4.868088403420984811e-01
2.201371967975020438e-01 6.202509639817477272e-02 4.957776409173966226e-01
2.564523455806076990e-01 1.892218578200793866e-02 4.052988514361701711e-01
2.951739910599187056e-01 -1.891270248417181721e-02 3.146499774114783765e-01
3.200855561335951283e-01 -2.887745434016730783e-02 3.185206576132066925e-01
3.636121555452243026e-01 -4.586765806023401781e-02 2.787688742854621538e-01
4.050008500250324439e-01 -5.307820342705027450e-02 2.335870648552911266e-01
4.218979040889948573e-01 -6.757076185382904221e-02 1.265875963068336940e-01
4.278677565037996011e-01 -3.889311775168774465e-02 1.147231093364642351e-01
4.308035265887290577e-01 -1.505509869736426642e-02 1.338324105596260249e-01
4.327496791886880079e-01 6.071688994377877346e-03 1.249155353158422077e-01
4.334009850404947350e-01 2.106264867645502026e-02 8.863007633402797403e-02
4.360718468630284672e-01 5.308296125829226053e-02 8.099549717380827296e-02
4.298484985262751024e-01 1.289880326773524266e-01 1.280090760062335686e-01
4.249643137552618910e-01 1.549123729961514595e-01 1.673345995702744116e-01
4.230702382243752280e-01 1.595844353116154801e-01 1.133631080782531164e-01
4.230375448846936948e-01 1.595550743800401849e-01 1.130963427822766487e-01
4.253995505371868102e-01 1.606948020876646233e-01 1.656016397231607762e-01
4.262011349364057122e-01 1.569436286417693061e-01 1.917009703296890244e-01
4.273941262742265712e-01 1.476539627500324525e-01 1.743773000802524287e-01
4.403546909649729280e-01 1.223844791795610787e-01 7.223259947024551764e-02
4.458257807360529457e-01 1.158978101506531466e-01 1.894597210007638033e-01
4.472826073514447054e-01 9.850200495485966767e-02 1.966488515998461306e-01
4.457797352923065226e-01 8.126167533802985954e-02 2.024596624850705240e-01
4.477921525390043955e-01 7.768981541763247956e-02 1.791011022161235200e-01
4.457405816688850275e-01 8.110251714245980681e-02 2.019206261041424089e-01
4.477871490666404664e-01 7.757536871181430760e-02 1.786921675050785474e-01
4.456200397103011746e-01 7.983944956973193507e-02 2.033000834064602191e-01
4.457369068635047005e-01 8.106043548557162470e-02 2.017983838005541486e-01
4.456078057583749419e-01 7.980446753564479634e-02 2.032278981624962011e-01
4.477757696304037749e-01 7.760533292303983810e-02 1.790084668937585999e-01
4.478200028340488248e-01 7.764845035365225412e-02 1.788038458653433693e-01
4.477885400601297472e-01 7.765377218341829035e-02 1.787867938456846328e-01
4.527945854203827558e-01 4.152728106241670991e-02 1.431362963787521370e-01
4.602172093110777906e-01 -1.152990993746366710e-02 2.024694164276119590e-01
4.721063328932996739e-01 -9.030851742150253214e-02 1.410751448198610536e-01
4.789271072753082947e-01 -1.339591926484358653e-01 6.311395184251766821e-02
4.991877534539812533e-01 -1.469539657281734302e-01 3.572656134372986791e-02
4.991174927791393601e-01 -1.508079226881798296e-01 3.494280935843518954e-02
5.019633999674383285e-01 -1.469210213501592754e-01 6.961737199344253391e-02
5.014452889669962499e-01 -1.492305605655042111e-01 7.418005054063625536e-02
5.013134659831717244e-01 -1.428171573555422902e-01 1.029162318629324169e-01
5.187362716361716419e-01 -1.897333554623201468e-01 -1.738891293772160118e-02
5.227607798976033893e-01 -2.018009240931271930e-01 -5.111232455322323176e-02
5.262706146510429672e-01 -2.040521626102625719e-01 -5.109007483118443993e-02
5.279136059360363120e-01 -2.264695294752419041e-01 -1.274421970729837650e-01
5.280922003989449998e-01 -2.247027139505966831e-01 -1.285705877627549842e-01
5.269943648932218228e-01 -2.150388933666869951e-01 -8.865558259543093733e-02
5.270777300895221895e-01 -2.150184580929949685e-01 -8.850141843325820545e-02
5.264802080558441677e-01 -2.024336316103600153e-01 -5.241293318659501210e-02
5.267330920686594808e-01 -2.011308184351771333e-01 -5.466481440208159626e-02
5.264481102304845450e-01 -2.023307357952147389e-01 -5.173665003002891893e-02
5.228391273179319176e-01 -1.874069427560753898e-01 -2.145669254631288325e-02
5.222624036122943680e-01 -1.919625258806534063e-01 -1.782201336285371696e-02
5.219848930584437552e-01 -1.809181137486732815e-01 1.356896049418754302e-02
5.226759221405717915e-01 -2.037629533519334790e-01 -5.161582385287766250e-02
5.220282942767980883e-01 -1.790082839510515333e-01 1.383359576032550109e-02
5.221628713416229806e-01 -1.937861758260689404e-01 -1.757593652397737571e-02
5.216153240149140613e-01 -1.817065914708449748e-01 1.744599535918744948e-02
5.268934807494916051e-01 -2.144662857144250812e-01 -8.702493017360457550e-02
5.227654419281206888e-01 -2.038908729260712205e-01 -5.198699696582020913e-02
5.221583729834087251e-01 -1.938778361675962680e-01 -1.777158247002863511e-02
5.271036366481967050e-01 -2.128929254393577275e-01 -8.819588944899403593e-02
5.228751483978073544e-01 -2.022553643544390545e-01 -5.255844108099672063e-02
5.223863472134184782e-01 -1.923655551998763591e-01 -1.923843168437722184e-02
5.227610979695994642e-01 -2.040685551042072110e-01 -5.253936500142675214e-02
5.228556254929009883e-01 -2.025000743226967326e-01 -5.366806805693902227e-02
5.187416328963138090e-01 -1.771931301968954209e-01 1.271734595596707429e-02
5.119896090004518729e-01 -1.611453425158634323e-01 4.125224838060725929e-02
5.056305217767728122e-01 -1.440195144291371299e-01 6.832482963121200292e-02
5.024901917448526545e-01 -1.527080338051178821e-01 3.547162047829410803e-02
5.025994855448934207e-01 -1.597524393417117383e-01 3.409214409608063434e-03
5.026642039543717244e-01 -1.687993867136454162e-01 -2.943674465345336166e-02
5.027862638478510782e-01 -2.031470256249690576e-01 -1.394701772060307210e-01
4.991008305908937737e-01 -1.905791737496105309e-01 -1.026554804802779497e-01
4.955477728833407314e-01 -1.788106766261718383e-01 -6.813507711736388472e-02
4.955298946067870913e-01 -1.784270596342610316e-01 -6.676510147354752789e-02
4.954199149493970777e-01 -1.783524359094970646e-01 -6.663036201192240604e-02
4.918847123308026092e-01 -1.685842485764622034e-01 -3.210474530644935598e-02
4.917362859478168757e-01 -1.776430974980405808e-01 -6.517000238497128173e-02
4.918349752384054696e-01 -1.683682433428773662e-01 -3.126026839297746385e-02
4.917751085985224702e-01 -1.683716797160813017e-01 -3.125017390744777579e-02
4.917148910195213718e-01 -1.777716664270218572e-01 -6.542756360309454067e-02
4.917494079125887541e-01 -1.779578530364790967e-01 -6.588667324835584260e-02
4.917553338814862340e-01 -1.779684237463334262e-01 -6.582131373027255705e-02
4.914748318892508405e-01 -1.814458589283395318e-01 -6.488225882213449758e-02
4.916050160294872517e-01 -1.798711962228687344e-01 -6.586055189468664750e-02
4.950067128011597095e-01 -1.817378548280428885e-01 -6.487615050669903738e-02
4.951582401738517936e-01 -1.798336907885497715e-01 -6.445432313857835105e-02
4.952474810810098549e-01 -1.800726567519269627e-01 -6.528980550011698192e-02
4.949923725225403026e-01 -1.917093919160486326e-01 -1.004307823939192268e-01
4.913594968121923756e-01 -1.814865717193763217e-01 -6.487883989743092883e-02
4.911847924527892872e-01 -1.833854386497587030e-01 -6.476875550056870878e-02
4.909291782744681920e-01 -1.872597758144949887e-01 -6.457253419429198615e-02
4.909973037608437729e-01 -1.856223058148593896e-01 -6.581652336362209255e-02
4.875431962091011928e-01 -1.752297292958348573e-01 -2.960481121136093741e-02
4.908351374117276844e-01 -1.865916004688841778e-01 -6.245040286032099708e-02
4.908447190460852316e-01 -1.868168189481151931e-01 -6.316475641374097449e-02
4.871371581897739333e-01 -1.782946879831776021e-01 -2.731031100509517806e-02
4.909929214807849385e-01 -1.851784525088965294e-01 -6.409443450131080411e-02
4.872550437021139769e-01 -1.767236573198958660e-01 -2.820761533923810127e-02
4.945615914591192652e-01 -1.975364540501846622e-01 -1.003083629190557602e-01
4.939744038667671644e-01 -2.026580941051714935e-01 -9.730633628955209780e-02
4.939179926897592776e-01 -2.024441132253148035e-01 -9.652899875701970167e-02
4.936384429834702048e-01 -2.036642174568557562e-01 -9.449689008947403934e-02
4.937747753879088708e-01 -2.042410486499480204e-01 -9.616561379651322738e-02
4.903270376802936203e-01 -1.920649987564906347e-01 -6.128998626110715442e-02
4.902410684961646670e-01 -1.917668796495981542e-01 -6.013385294928319524e-02
4.866521342665912631e-01 -1.834399028030652690e-01 -2.526637241348406171e-02
4.867841285925579853e-01 -1.816039894305933045e-01 -2.561488276596390889e-02
4.937139268666545511e-01 -2.039421068048132279e-01 -9.559577827310294929e-02
4.903595593596394298e-01 -1.920819937504930630e-01 -6.124532137421767608e-02
4.900158582279619535e-01 -1.951811652425089472e-01 -5.903655407395858035e-02
4.901194896492442332e-01 -1.933163269996028277e-01 -5.916409807359102047e-02
4.935661107588231733e-01 -2.055573902048356549e-01 -9.428888805387192207e-02
4.935584207405043222e-01 -2.055931328651141032e-01 -9.432047658375197763e-02
4.935431825464639544e-01 -2.055620939912958245e-01 -9.428493568111706580e-02
4.974216290496993875e-01 -2.145662587402574206e-01 -1.313068629824998279e-01
4.974213595859257597e-01 -2.146060319308198405e-01 -1.314924608111012194e-01
4.975200850020424781e-01 -2.126385563338605844e-01 -1.315907309439279249e-01
4.974121888102285283e-01 -2.144760291804286845e-01 -1.311637092647721659e-01
4.938558523916084519e-01 -1.938793291281759590e-01 -6.021592365623185117e-02
4.973673318697819923e-01 -2.059513084591519660e-01 -9.433651507654228219e-02
4.974948197608083378e-01 -2.042862071011327108e-01 -9.518775460300865632e-02
4.974010029199176230e-01 -2.040184216696554476e-01 -9.440490762168929351e-02
4.974010947271469418e-01 -2.042067015328868362e-01 -9.492809585305939102e-02
4.974336016906164559e-01 -2.144429708405348467e-01 -1.308688176294003913e-01
4.975021050215098772e-01 -2.148639622605044708e-01 -1.322896046138517523e-01
4.974800917967208691e-01 -2.146584451788174364e-01 -1.313824718938714220e-01
4.973683163108160166e-01 -2.060854991996543817e-01 -9.455633394103490907e-02
4.974703501281306783e-01 -2.041550558425185291e-01 -9.477424945869961093e-02
4.975023288015015255e-01 -2.043648015149980290e-01 -9.550362114313681872e-02
4.973587371974416138e-01 -2.060789655842669155e-01 -9.492255682257288996e-02
4.974627468192251989e-01 -2.041051867135456055e-01 -9.458472760476555052e-02
4.973657374741255466e-01 -2.061828024521795422e-01 -9.507685200532534076e-02
4.973712160289301965e-01 -2.061150936353678964e-01 -9.482371896769747899e-02
4.974772699891266137e-01 -2.043624104329668789e-01 -9.543527430042608728e-02
4.973493173798732014e-01 -2.061663417081485983e-01 -9.493906467979806862e-02
4.973968864146245394e-01 -2.167389110037255262e-01 -1.317144915820214202e-01
4.972931942680214878e-01 -2.164875423372855101e-01 -1.310055153459765975e-01
4.973755656995537677e-01 -2.167596290948020366e-01 -1.316300055461845364e-01
4.972094995820887653e-01 -2.083381265935499438e-01 -9.535798344269297289e-02
4.973561317336401277e-01 -2.166226617899716100e-01 -1.313683616983269964e-01
4.973882639718043563e-01 -2.167849859535027901e-01 -1.319421156714666310e-01
4.974165656019783333e-01 -2.168733702164282739e-01 -1.319539667993507859e-01
4.973047737360743459e-01 -2.165677945767300605e-01 -1.311864385487579998e-01
4.973167420096929470e-01 -2.165911562639984411e-01 -1.312025737784927593e-01
4.973451011974591163e-01 -2.165811247782511162e-01 -1.310171563066153677e-01
4.974521339948587695e-01 -2.147056769205627491e-01 -1.314433407196449188e-01
4.972641340884833006e-01 -2.164175445827834499e-01 -1.305943645641338691e-01
4.973157379266698874e-01 -2.165038115208567648e-01 -1.308446055944718633e-01
4.972761213814662629e-01 -2.061678522696427096e-01 -9.491111203053637091e-02
4.973056028842238740e-01 -2.062537433188997571e-01 -9.509455556296098067e-02
4.973957716298751941e-01 -2.167089119099811501e-01 -1.315657701373456057e-01
4.972571808224926504e-01 -2.061130392721237103e-01 -9.469466570024609453e-02
4.972792671370301343e-01 -2.061559227877456657e-01 -9.494286279478880708e-02
4.971868206094130493e-01 -2.079598954134038447e-01 -9.430839106702837427e-02
4.973376999779671737e-01 -2.062389540534762256e-01 -9.500872295610740537e-02
4.973419445990610588e-01 -2.062933683367411120e-01 -9.521603888745722166e-02
4.974154969692661798e-01 -2.065133296583084865e-01 -9.610621174518385601e-02
4.973849286605109832e-01 -2.064446431005976523e-01 -9.565840053437058010e-02
4.974557603209621148e-01 -2.042815282163945589e-01 -9.508435908492618438e-02
4.973799617694816266e-01 -2.061162584414434895e-01 -9.462690598674683429e-02
4.973543475122719215e-01 -2.062073680657821040e-01 -9.489992094660215649e-02
4.973778458404327085e-01 -2.062303480368323505e-01 -9.487835061778504553e-02
4.972968413275262178e-01 -2.080249932660490630e-01 -9.424403777857937037e-02
4.973029528276127209e-01 -2.081966545336108865e-01 -9.482074144079821743e-02
4.972564827207857086e-01 -2.079802938259029399e-01 -9.426076867615584831e-02
4.973117490977797539e-01 -2.080450783055982633e-01 -9.444000183610268273e-02
4.973076264726200013e-01 -2.082850226542463101e-01 -9.510371110728144117e-02
4.974327504588616500e-01 -2.063076810860307586e-01 -9.524807880593799680e-02
4.973710605233582771e-01 -2.061687219368568136e-01 -9.491776114221472938e-02
4.974165120103632987e-01 -2.065191283185462967e-01 -9.609093281866032399e-02
4.973621305736132259e-01 -2.063418581231520332e-01 -9.549903010360338840e-02
4.972874717812825196e-01 -2.082337408982438132e-01 -9.507353245509242434e-02
4.973669015648448100e-01 -2.061525571417058555e-01 -9.461784584000132448e-02
4.972564399309621352e-01 -2.081951753816289608e-01 -9.502227047886835365e-02
4.974109830914062447e-01 -2.167593999919539549e-01 -1.316533506718051694e-01
4.972354945729984821e-01 -2.081437637767297733e-01 -9.478835842143129575e-02
4.973430353690042605e-01 -2.063095678301828384e-01 -9.528995053709321539e-02
4.973507983916787834e-01 -2.063402770175430667e-01 -9.552306433940715991e-02
4.973471613380903156e-01 -2.062020821057564957e-01 -9.489210078612031474e-02
4.972855979139909066e-01 -2.080921623954053445e-01 -9.461057288810503785e-02
4.974575089744882606e-01 -2.064190171834211496e-01 -9.586478744703508248e-02
4.974276639875848671e-01 -2.062547613626131704e-01 -9.504604067574673465e-02
4.974989651724551765e-01 -2.063653095351601630e-01 -9.533413793999678809e-02
4.975144746057649781e-01 -2.042940070785451145e-01 -9.519499762628669259e-02
4.972619305627243858e-01 -1.978140330101739730e-01 -5.887480712347925582e-02
4.974891024534692785e-01 -2.063049463208498913e-01 -9.533678017159763485e-02
4.974377459769102616e-01 -2.060772302679484413e-01 -9.445521487031749430e-02
4.974765356436599562e-01 -2.062845990880851077e-01 -9.519744481025127492e-02
4.974777871415688169e-01 -2.064102483892445161e-01 -9.564804375963165128e-02
4.974349683320924420e-01 -2.060707179292130542e-01 -9.435670218456992941e-02
4.973458185707085866e-01 -2.081309965442812160e-01 -9.474828586010097808e-02
4.973091901958395789e-01 -2.080246205744938348e-01 -9.441417367105753300e-02
4.976300093285079273e-01 -2.046457615830702403e-01 -9.614601329304672817e-02
4.974011081560043013e-01 -2.082735594602035945e-01 -9.516606254264514675e-02
4.974079425504509544e-01 -2.060321789139199500e-01 -9.418254711816387292e-02
4.971977040016660743e-01 -1.996738641494915367e-01 -5.857664612392676773e-02
4.973561585927202544e-01 -1.980104683710487701e-01 -5.944169923988229520e-02
4.974924690017616391e-01 -2.062969402829214483e-01 -9.504538905937875981e-02
4.973194131737559975e-01 -1.980236137542214503e-01 -5.952761377389137465e-02
4.973034215926068757e-01 -1.978395968581898590e-01 -5.903145520677410829e-02
4.974241553417243500e-01 -2.061596449462645142e-01 -9.461163558535057305e-02
4.973714024769149145e-01 -2.081657637885091505e-01 -9.477637915068481966e-02
4.973596406939950754e-01 -2.081895930373204584e-01 -9.484133132964744917e-02
4.975144698016201183e-01 -2.065390439338618545e-01 -9.608044397339332576e-02
4.974844661711579352e-01 -2.065215476999909261e-01 -9.592295251827231972e-02
4.974917516862996658e-01 -2.064828165977047325e-01 -9.584203359269993783e-02
4.973528579690206786e-01 -2.083113598934213384e-01 -9.527027055203296513e-02
4.973823633682766254e-01 -2.082072653383782168e-01 -9.494778281216542659e-02
4.974097233117586447e-01 -2.083459346123367473e-01 -9.512670426289426828e-02
4.972121978907879103e-01 -1.996884088994476114e-01 -5.847129573942777547e-02
4.971307675073544097e-01 -1.992709935497322116e-01 -5.706759270095518310e-02
4.973893177951407285e-01 -1.981782483624527080e-01 -6.012462838362431228e-02
4.972332713210713684e-01 -1.997686921652292447e-01 -5.867825289777783837e-02
4.973635653634693177e-01 -1.980851937059238121e-01 -5.968686123986643999e-02
4.973448435414360436e-01 -1.981371262987176585e-01 -5.973261129845353068e-02
4.973893864738820891e-01 -2.082437332474344205e-01 -9.512623585736279530e-02
4.973478527186178666e-01 -1.980838771435575740e-01 -5.957757791565487793e-02
4.973545275393282394e-01 -1.981003901468063322e-01 -5.979465198691880090e-02
4.971927296534933705e-01 -1.996342481871516972e-01 -5.838965583822108840e-02
4.971471549191874839e-01 -1.995158784017483367e-01 -5.789986330281338134e-02
4.973590202574270647e-01 -1.981076963581421546e-01 -5.986738320108475619e-02
4.972004641767914235e-01 -1.996154474785206967e-01 -5.812982991319781689e-02
4.973233585135786172e-01 -1.980702652527482621e-01 -5.955116801778381763e-02
4.973901522989495616e-01 -1.981861677111093623e-01 -6.006653996416444485e-02
4.973367770645422126e-01 -1.979940457950080113e-01 -5.938306790958391979e-02
4.972250802535513881e-01 -1.997952344500315003e-01 -5.898563043688698215e-02
4.971829117246052143e-01 -1.994448287860844382e-01 -5.768846235512392617e-02
4.973512123538360030e-01 -1.980994356402817624e-01 -5.962066160394052794e-02
4.973484696575255493e-01 -1.979407198198555873e-01 -5.913949389434458581e-02
4.971824073848946091e-01 -1.994624806350275836e-01 -5.765861672078531619e-02
4.972057084742934063e-01 -1.995630212958166005e-01 -5.820884374631973834e-02
4.973236784766215113e-01 -1.980179877364104390e-01 -5.945132619013149267e-02
4.974394489482881765e-01 -2.083818650883552115e-01 -9.542481067030994524e-02
4.973384459025645965e-01 -1.978234153065301371e-01 -5.882966052783356048e-02
4.973605246272739255e-01 -1.979478679048295164e-01 -5.928598319115052639e-02
4.972809915258001867e-01 -1.998264882876537307e-01 -5.879887595323673999e-02
4.974036116624475090e-01 -1.980537380357630939e-01 -5.938150227814054105e-02
4.973867388723831606e-01 -1.979398773877285023e-01 -5.910557429104645877e-02
4.974257551634246322e-01 -1.980388509365252070e-01 -5.948490958459085043e-02
4.975406253590395345e-01 -2.064028155233717798e-01 -9.539283210470750340e-02
4.973969345657562879e-01 -1.980277783609993847e-01 -5.932876537836651032e-02
4.973830078255453424e-01 -1.881655003967466211e-01 -2.499724280172532787e-02
4.973797361428898278e-01 -1.979838398038481773e-01 -5.916791109636543311e-02
4.974232777030884733e-01 -1.981811346668675422e-01 -5.976330459145096086e-02
5.007874022319126484e-01 -2.097622559920735708e-01 -9.209757432210530226e-02
5.007225546893072643e-01 -2.096046752702537541e-01 -9.207956101737435617e-02
4.973705859676955110e-01 -1.979689003298960026e-01 -5.912281689372922422e-02
5.007380900795134204e-01 -2.096769541182508523e-01 -9.229227461591760218e-02
5.007830523305696335e-01 -2.099759744485960866e-01 -9.274936217658091842e-02
4.974234544087314247e-01 -1.981736394236741916e-01 -5.970370757993936905e-02
5.005110140468360669e-01 -2.010844042841847812e-01 -5.582297815258940865e-02
5.006605828282146842e-01 -1.993932055843015694e-01 -5.620096428246901255e-02
5.006630918400388763e-01 -1.992570500902980657e-01 -5.571936403389976533e-02
4.976002998170063196e-01 -2.066385701426997901e-01 -9.601669357939979221e-02
4.968927408648716737e-01 -2.222264642932915424e-01 -1.297466440664638565e-01
4.932851605672998740e-01 -2.012873433497962550e-01 -5.832956695038005179e-02
4.971197894301702669e-01 -2.184549488707403231e-01 -1.302427255853932930e-01
4.928228496288132865e-01 -2.041567534457752464e-01 -5.454559813985793149e-02
4.922567539197392761e-01 -2.088130028348639255e-01 -5.058986226379902362e-02
4.887084853628338998e-01 -2.070182464433479586e-01 -5.237716466068254029e-02
4.855292074246518319e-01 -1.951132229046448618e-01 -1.943495400192696287e-02
4.890034424789448386e-01 -2.055358162867212402e-01 -5.380507624943886569e-02
4.890251320770154786e-01 -2.054575186689114041e-01 -5.373953341176940235e-02
4.924877070184963679e-01 -2.160574420247016736e-01 -8.865101621844662105e-02
4.923840171261429366e-01 -2.181793653290918789e-01 -8.974086592090091408e-02
4.888829298875140839e-01 -2.073935679595311776e-01 -5.399204798851786613e-02
4.923633783745559045e-01 -2.180981508879977770e-01 -8.899052681662356079e-02
4.890190642212819405e-01 -2.058507803630568178e-01 -5.496022398277355947e-02
4.924984020197130108e-01 -2.161083280896967662e-01 -8.907057950459873474e-02
4.924903068573276976e-01 -2.158181145789487831e-01 -8.795787373971353240e-02
4.925077537259169858e-01 -2.158746530203865255e-01 -8.829377106018276855e-02
4.925051452146607667e-01 -2.157849844356043989e-01 -8.788049024419919419e-02
4.925439770765450143e-01 -2.159303446874827892e-01 -8.841547632427237957e-02
4.925764892686233520e-01 -2.159245146201126953e-01 -8.875945771800908268e-02
4.964842636649296481e-01 -2.255436743956552581e-01 -1.270368623707742728e-01
4.965081697959242701e-01 -2.149514144553632544e-01 -9.090673142669958295e-02
4.965957384759659976e-01 -2.152881456749045630e-01 -9.205661257944530718e-02
4.967909042324138991e-01 -2.138958238992173244e-01 -9.383005324342885700e-02
4.966448143601247533e-01 -2.154844702276891844e-01 -9.253073869414918384e-02
4.966500013184091400e-01 -2.152549157729164997e-01 -9.171577294454569262e-02
4.966122773543068525e-01 -2.151718834685357185e-01 -9.148883936524221383e-02
4.966445779723093756e-01 -2.152574664401818993e-01 -9.178017443036146084e-02
4.968281753753743257e-01 -2.138823960915533784e-01 -9.381436049692659651e-02
4.967862588769647592e-01 -2.137699732138304831e-01 -9.343163000347587399e-02
4.968446924473872706e-01 -2.138491544933225630e-01 -9.370958811787244436e-02
4.967963679864099147e-01 -2.133980967104576743e-01 -9.209251686047781327e-02
4.967776755482748996e-01 -2.137400574556560517e-01 -9.328228070755395507e-02
4.966061930008393577e-01 -2.151014131565761878e-01 -9.123350852676792577e-02
4.966089914556306439e-01 -2.152342804103788698e-01 -9.160657169028607605e-02
4.966324216857015417e-01 -2.153286468132487030e-01 -9.202731558640553367e-02
4.966845711922402429e-01 -2.155709254139875353e-01 -9.267597577313702040e-02
4.966476281815567773e-01 -2.153135483808226169e-01 -9.204706051972655345e-02
4.968222158727452764e-01 -2.139084213690345682e-01 -9.374335639739728165e-02
4.968689834428122731e-01 -2.141608437920801689e-01 -9.466937134074870919e-02
4.966104608933525344e-01 -2.152666305916252909e-01 -9.187667125738196994e-02
4.966805743727270017e-01 -2.154631030489122523e-01 -9.239752834267767057e-02
4.965613965456578960e-01 -2.152109131724934399e-01 -9.174239722925148222e-02
4.968526329005789055e-01 -2.140620411920384492e-01 -9.447211069329397581e-02
4.966142699173234365e-01 -2.150151227476372884e-01 -9.094069356563649897e-02
4.968691059082164241e-01 -2.141088898666580198e-01 -9.444594540351980427e-02
4.966552981144146672e-01 -2.153947633501160364e-01 -9.234739805054537065e-02
4.966908107032544928e-01 -2.152895849027472441e-01 -9.188959425126963509e-02
4.967588673575061842e-01 -2.135260945901535090e-01 -9.250302450417602351e-02
4.968974961632009468e-01 -2.141275439831577254e-01 -9.439046456067390345e-02
4.966530072306097332e-01 -2.151586693252680593e-01 -9.140429540328098845e-02
4.967307588807863827e-01 -2.154799072571801366e-01 -9.230336402433847454e-02
4.966418457003263787e-01 -2.150975341345660041e-01 -9.098009648101457181e-02
4.965248645790975024e-01 -2.170891530432215999e-01 -9.144180307932869844e-02
4.967426888493016168e-01 -2.154515920720099786e-01 -9.213971649981367307e-02
4.966551391261549431e-01 -2.152224782364375033e-01 -9.154855912819992447e-02
4.966232238815634914e-01 -2.149857750644946219e-01 -9.076522759701299847e-02
4.967171075884679876e-01 -2.154919413541373507e-01 -9.230000636894786226e-02
4.966601103292803132e-01 -2.151670879318480778e-01 -9.137458943487519747e-02
4.966499758304371293e-01 -2.151751117046887540e-01 -9.131896058971489261e-02
4.968595939675938822e-01 -2.137239987168521593e-01 -9.307383096134169698e-02
4.966033199333468873e-01 -2.150038185559455250e-01 -9.107702346524426673e-02
4.966356439712167892e-01 -2.151990711457253680e-01 -9.135720640781208601e-02
4.966409039976334983e-01 -2.153064205161710210e-01 -9.170357955050989496e-02
4.966928996366919424e-01 -2.153997588601914703e-01 -9.206700549920343590e-02
4.965772108324042478e-01 -2.150411799559373838e-01 -9.092579913759668564e-02
4.967585350010641498e-01 -2.136410626244356070e-01 -9.308939901970236797e-02
4.965515025239915503e-01 -2.044404655687855066e-01 -5.484200179094456118e-02
4.966299483010409022e-01 -2.045338750520541704e-01 -5.505371118634139194e-02
4.963402711513453802e-01 -2.055998713697448077e-01 -5.232345092760426475e-02
4.964152985385464900e-01 -2.061675649363663987e-01 -5.420234552195579703e-02
4.962987110165601456e-01 -2.079468302765618837e-01 -5.378219720644383806e-02
4.962988773646079821e-01 -2.081911985993443737e-01 -5.455239162172853540e-02
4.923936159509298416e-01 -2.178809687763238190e-01 -8.828171396511641511e-02
4.886409910225782416e-01 -2.089224142076335500e-01 -5.265621505213324838e-02
4.886385924148630155e-01 -2.089594653460271345e-01 -5.275042427825926694e-02
4.888596488880325164e-01 -2.069084393834657587e-01 -5.252024898692453370e-02
4.960700707710882784e-01 -2.180944195741780778e-01 -8.811817114258646555e-02
4.960031004582910463e-01 -2.202095934243281095e-01 -8.860872808971054226e-02
4.958866869011422929e-01 -2.218032419643021780e-01 -8.727145645627465420e-02
4.961678315787428906e-01 -2.205044583951774606e-01 -8.902240933226401864e-02
4.958220105218974494e-01 -2.241468935379218319e-01 -8.819577648750187571e-02
4.997277050063471671e-01 -2.205209825290729841e-01 -8.776641763874937219e-02
4.993573092655020917e-01 -2.130639520375495199e-01 -4.985070117533729750e-02
4.994119829629465879e-01 -2.131480313918813208e-01 -5.039421673536881308e-02
4.993344401746980799e-01 -1.629668365441411249e-01 1.118168764817040195e-01
5.383919902398660584e-01 -1.665669639097601407e-01 2.811832415359101223e-01
5.680686294438301864e-01 -2.315050341329276395e-01 4.141240457199335534e-01
4.953299999999999925e-01 2.731419999999999959e-01 1.578349999999999920e+00
5.546150370657340067e-01 -4.334164479385763102e-01 4.500978744560473199e-01
5.311426512181938175e-01 -4.745094190458059025e-01 4.617706500232905409e-01
4.839557967941347516e-01 -5.000094007398075968e-01 4.670202505168494778e-01
4.953299999999999925e-01 2.731419999999999959e-01 1.578349999999999920e+00
4.953299999999999925e-01 2.731419999999999959e-01 1.578349999999999920e+00
4.953299999999999925e-01 2.731419999999999959e-01 1.578349999999999920e+00
4.953299999999999925e-01 2.731419999999999959e-01 1.578349999999999920e+00
4.798184299028478428e-01 -3.993132455359026389e-01 6.072138927528161201e-01
5.011313197308085998e-01 -3.967127084679528681e-01 5.870093564886380566e-01
4.711298551744628749e-01 -1.646798727836720211e-01 -1.192015579283773885e-01
4.745208500834826593e-01 -1.730462963904253471e-01 -1.578086694680833624e-01
4.741081166365205823e-01 -1.761312949540242423e-01 -1.543775260798982973e-01
4.747111526167642204e-01 -1.664066040911152955e-01 -1.170516214100347785e-01
4.751595047208301281e-01 -1.569090005018077272e-01 -8.034856838448956040e-02
4.739525016863927465e-01 -1.779767509848661500e-01 -1.539289094901470367e-01
4.708644470077663624e-01 -1.681082411050852099e-01 -1.174515377995868359e-01
4.739477102630775818e-01 -1.779545154187119893e-01 -1.538257630226698147e-01
4.744863440328601634e-01 -1.680006510122995511e-01 -1.157078734693866018e-01
4.745222208082124360e-01 -1.681976043286546596e-01 -1.164019223915697676e-01
4.744630002485603071e-01 -1.682521571395937388e-01 -1.166006595896402764e-01
4.744594348733458533e-01 -1.683857846704683858e-01 -1.170121819233114202e-01
4.744646346736736686e-01 -1.683037774064875536e-01 -1.167928047443598238e-01
4.744598281545482354e-01 -1.681800044624003898e-01 -1.162538975787639206e-01
4.742842494119416941e-01 -1.699679051077626624e-01 -1.157948302131777130e-01
4.744925287766311173e-01 -1.681363104368913119e-01 -1.160715307661459583e-01
4.739823912351764368e-01 -1.781449536757580554e-01 -1.545617133537078303e-01
4.744652462565853712e-01 -1.683547100056968504e-01 -1.169569803647478867e-01
4.745137296052325260e-01 -1.684150810471362614e-01 -1.171355664141098263e-01
4.738122521331023518e-01 -1.797029243894833761e-01 -1.530584477465015691e-01
4.741273097421738747e-01 -1.763462764310501640e-01 -1.549554531177992356e-01
4.745019405850637861e-01 -1.684205224481206131e-01 -1.173188645166267641e-01
4.739585755719993299e-01 -1.781472872578110378e-01 -1.545787807895619981e-01
4.711533585514623979e-01 -1.601707806043941584e-01 -7.974304722825076297e-02
4.741915206423878426e-01 -1.694545988962426475e-01 -1.136101651516714384e-01
