6.604360161162377008e-01 -2.072439944311827154e-01 1.181037273450449288e-01
6.599853051347970290e-01 -2.100183484334945394e-01 1.200675833940627601e-01
6.600624675459563218e-01 -2.101908289459347712e-01 1.194829430374413359e-01
6.600816758901357773e-01 -2.103057306492924217e-01 1.193962507782040383e-01
6.597086478927434161e-01 -2.114910265516787291e-01 1.210807768845036936e-01
6.596832990247726292e-01 -2.113645827288925527e-01 1.213430357953040328e-01
6.597384354350388502e-01 -2.114268665148167914e-01 1.210837172491090463e-01
6.597742815618187207e-01 -2.114840601906925466e-01 1.208672017281948730e-01
6.603941693460018136e-01 -2.089648835024088269e-01 1.180070506706685229e-01
6.600692708473383519e-01 -2.084322090122550653e-01 1.195797263041837866e-01
6.607076470909356569e-01 -2.058852173519432338e-01 1.168622508636087964e-01
6.605515276137978731e-01 -2.074064588128029796e-01 1.173510768759831180e-01
6.604323132974326827e-01 -2.071993713495433043e-01 1.179963067100406882e-01
6.548776877702027210e-01 -1.936306923058703222e-01 1.427802283419674634e-01
6.548869913624792982e-01 -1.935250549650638918e-01 1.428761428824991686e-01
6.600808138217002519e-01 -2.102640888008475151e-01 1.193560828145459052e-01
6.607305826870113474e-01 -2.059350204921513439e-01 1.165718392240642221e-01
6.548939645843088186e-01 -1.936933774012475629e-01 1.426643348608387374e-01
6.545518166549563199e-01 -1.967459497908353450e-01 1.436783829504073573e-01
6.545890119313240163e-01 -1.968570188636034335e-01 1.434731139051750315e-01
6.549600394394934355e-01 -1.938229027139916627e-01 1.422192128998687188e-01
6.548818632970094811e-01 -1.918626800287514533e-01 1.428932372763676018e-01
6.545505996590376130e-01 -1.967050350111424484e-01 1.437405430624991709e-01
6.545438189578622890e-01 -1.967775778881162285e-01 1.435661485342560884e-01
6.548825756782681307e-01 -1.936921323002651352e-01 1.425980320296711401e-01
6.547301209742188988e-01 -1.953040339380874568e-01 1.430029664274239387e-01
6.546892708004057315e-01 -1.951822024553939716e-01 1.431733315117873495e-01
6.548348351362556219e-01 -1.917572390716075770e-01 1.431776927797363541e-01
6.549006989939243351e-01 -1.937845372642948427e-01 1.423244509646957034e-01
6.547215376179545965e-01 -1.952812160722389445e-01 1.428963749535805405e-01
6.548852736069082914e-01 -1.937471061757877200e-01 1.424596527563741777e-01
6.549194125509351094e-01 -1.938299935948699648e-01 1.422373670036969351e-01
6.547885467418402827e-01 -1.952650915163606227e-01 1.428500085288879617e-01
6.547361710318475581e-01 -1.952699355711042251e-01 1.428581497129841615e-01
6.547748667419314161e-01 -1.953630422553568613e-01 1.427166867491469482e-01
6.549049257793904122e-01 -1.937704045694172150e-01 1.423674388637035104e-01
6.548895449497401655e-01 -1.937696044545918483e-01 1.424687116867080494e-01
6.547680823652357596e-01 -1.953538471075817462e-01 1.426310740810503574e-01
6.547980138101577863e-01 -1.953959443817957775e-01 1.425570546051539988e-01
6.548713988889842685e-01 -1.937183650179132299e-01 1.424984110797935521e-01
6.547477425699561593e-01 -1.953325286165326635e-01 1.427600071962296102e-01
6.547667759912162433e-01 -1.953216994059979728e-01 1.428068770980222002e-01
6.548184457738697173e-01 -1.954575900705083913e-01 1.424013676411157725e-01
6.547655865936249375e-01 -1.954211186034977565e-01 1.425413374234989483e-01
6.547420670845836010e-01 -1.952453026445954976e-01 1.428918771337925886e-01
6.546989914307713709e-01 -1.952152403167113359e-01 1.430821314595080995e-01
6.548627642257749404e-01 -1.937160222112685182e-01 1.425609934263543099e-01
6.547534910281270770e-01 -1.953385208238288540e-01 1.427868314271381056e-01
6.548918940832108015e-01 -1.937818650413304089e-01 1.423895373276500287e-01
6.547431104815483183e-01 -1.953199383420049784e-01 1.427878374172300013e-01
6.549221894722521142e-01 -1.938574612836315991e-01 1.421918241379700465e-01
6.546606502658635085e-01 -1.951380083247869768e-01 1.432164054870455061e-01
6.546232751010865325e-01 -1.951593662010207286e-01 1.432779445443042032e-01
6.548139937231212127e-01 -1.937223500954061428e-01 1.426202992289602456e-01
6.547319673942566531e-01 -1.952648544856831203e-01 1.429634692069476909e-01
6.546216094564258903e-01 -1.951577012379467346e-01 1.432947808493494346e-01
6.573633407673448170e-01 -2.053918424543290933e-01 1.172376523098734857e-01
6.576695591094672277e-01 -2.041552128835171231e-01 1.159460484965131322e-01
6.544719148138911091e-01 -1.967550390669107196e-01 1.436695974448873869e-01
6.572857722189098251e-01 -2.053664822815358670e-01 1.175565715376956089e-01
6.546084039306729885e-01 -1.952334170889183651e-01 1.432530056054466261e-01
4.953299999999999925e-01 2.731419999999999959e-01 1.578349999999999920e+00
6.577801548932373787e-01 -2.025162129279598211e-01 1.156916654982453885e-01
6.578074255989492247e-01 -2.025081604860052009e-01 1.155163883850403028e-01
6.578251991670578391e-01 -2.024106007802635165e-01 1.153944311333743311e-01
6.581949971552014667e-01 -1.995945875153988247e-01 1.134768431228889707e-01
6.582441922179609328e-01 -1.978284627010747920e-01 1.132401991293392474e-01
6.526145860994756465e-01 -1.861687581130861968e-01 1.379270347665100260e-01
6.508537579178989008e-01 -1.721789128089546983e-01 1.319202573541908841e-01
6.333500495234534178e-01 -1.524468270901925826e-01 1.222395635283086701e-01
6.115699180169880123e-01 -8.850882240130009126e-02 1.829236452830447224e-01
6.127272392510846322e-01 -4.700068836621940083e-02 1.347861401839129947e-01
6.155147364516585506e-01 3.199955690219996596e-02 9.629839626804126418e-02
5.912612738855227423e-01 8.832850738809999713e-02 2.096021354919173074e-01
5.937258637701213759e-01 1.097489026446342719e-01 1.172186065371363384e-01
5.862334705156192483e-01 1.460453841135650466e-01 1.285788362729076706e-01
5.770022847775972963e-01 1.818624848566577357e-01 1.692192380937138640e-01
5.778802603493251588e-01 1.905773654862567557e-01 1.652694363068203387e-01
5.791343321596316152e-01 2.021754659735336968e-01 1.606509485360776424e-01
5.795258508650957818e-01 2.049745389451980704e-01 1.593977002741187032e-01
5.766277028244077840e-01 1.904677811594605585e-01 1.886722866820185196e-01
5.745780554175399235e-01 1.573033053892329280e-01 1.787621893024788911e-01
5.661524776042013984e-01 1.057418454857170786e-01 1.464038594977303820e-01
5.153944960940203268e-01 4.713690072790999164e-02 1.979969888071189121e-01
4.647873365437797943e-01 2.741430439553410592e-02 2.286060168887054100e-01
4.093951397253603464e-01 -1.408271045850217895e-02 1.613987092062414419e-01
3.421027468869268784e-01 -9.988440028741885079e-03 1.840931035413697625e-01
2.445823849532484662e-01 8.605299680575773102e-03 2.027777018252654440e-01
1.579601458008885739e-01 3.624002664673331431e-02 1.941314306980790327e-01
4.555087826066617218e-02 1.224327913257480249e-01 2.168211226183145435e-01
-5.379973181293007389e-02 2.470560868548155598e-01 2.239468064167500216e-01
-7.274068564633140443e-02 3.113989341896772900e-01 2.675251435037073744e-01
-7.564522527152306441e-02 3.552526370576620240e-01 3.113264689625561132e-01
-9.671086500606529412e-02 3.985558378398418866e-01 2.799977748814821421e-01
4.953299999999999925e-01 2.731419999999999959e-01 1.578349999999999920e+00
4.953299999999999925e-01 2.731419999999999959e-01 1.578349999999999920e+00
4.953299999999999925e-01 2.731419999999999959e-01 1.578349999999999920e+00
4.953299999999999925e-01 2.731419999999999959e-01 1.578349999999999920e+00
4.953299999999999925e-01 2.731419999999999959e-01 1.578349999999999920e+00
-9.022409048031565515e-02 4.214233660528658998e-01 2.879036128878891265e-01
-7.221226071145536718e-02 3.556624052044153883e-01 3.297141009681938684e-01
-1.617877016246316302e-02 2.291196921847760137e-01 3.336870229156463363e-01
3.730081857299799575e-02 1.103902401318848647e-01 3.137834603426961078e-01
8.148443249995707127e-02 2.598078295782291214e-03 2.384310343741609106e-01
1.610472780519881519e-01 -5.823391499083341305e-02 2.342295476850442260e-01
2.346095334417417355e-01 -1.130778877233452606e-01 1.424505144827863390e-01
3.387533162160277223e-01 -1.318663449167608581e-01 1.211245834058045645e-01
4.472718626315869139e-01 -1.452209365956670939e-01 1.319903802273929561e-01
5.491585630353674752e-01 -1.658495218177362951e-01 1.166301112401486595e-01
6.233753999629080278e-01 -1.795639166489615690e-01 1.339526050055079853e-01
6.769444558954328395e-01 -1.937397242963388166e-01 1.487492515288628692e-01
6.879708973739743216e-01 -2.251010296996384386e-01 1.304894954140649599e-01
6.911363098294317497e-01 -2.250239377080648917e-01 1.318927771775588731e-01
6.878804057153165008e-01 -2.248979686984717841e-01 1.312676328238486789e-01
6.880848987360537183e-01 -2.232577222059070610e-01 1.306591236667871136e-01
6.882591255911022499e-01 -2.217593847997784140e-01 1.299544776654852907e-01
6.953067782078653503e-01 -2.336329031664579614e-01 1.017636937684922582e-01
7.021945114289880330e-01 -2.342164313267915965e-01 1.018089654278413470e-01
7.011037728454618811e-01 -2.257602597209661943e-01 1.324891506519285667e-01
7.015483289095163499e-01 -2.450796077046841215e-01 1.434038605285004042e-01
6.995812962698131354e-01 -2.618103245465457363e-01 1.509009261393770007e-01
6.982312015124052529e-01 -2.742768829670845787e-01 1.555693872954264645e-01
6.980683394761502125e-01 -2.757726613782047753e-01 1.562270480466514400e-01
7.053507266389369423e-01 -2.832169963739514795e-01 1.284038027119100978e-01
6.987807542033284136e-01 -2.640003875774144526e-01 1.541416298683448982e-01
7.009022193181096982e-01 -2.532216211156695929e-01 1.457633715239570193e-01
7.009274564106047212e-01 -2.513664981662482312e-01 1.456541361956937841e-01
7.022848586302816720e-01 -2.590817178109287577e-01 1.140830428021879506e-01
7.063432642746150236e-01 -2.716273285375237490e-01 8.445082427094252608e-02
7.021308081638306664e-01 -2.607175966837554926e-01 1.145119993952363746e-01
7.065303940126389515e-01 -2.701853340897262257e-01 8.384702906080643281e-02
7.061612033193080951e-01 -2.714421161795109172e-01 8.509890706277478678e-02
6.989796501831739839e-01 -2.590285460931211481e-01 1.135679166815846131e-01
7.064983561576306803e-01 -2.701669217332750006e-01 8.368218946274064152e-02
6.990781908654898347e-01 -2.592589172017425447e-01 1.129971239508151815e-01
7.108288084758340730e-01 -2.814691330785751289e-01 5.271189709158230485e-02
7.024151962546348882e-01 -2.556820085026920153e-01 1.134808040433199494e-01
7.010054511683077028e-01 -2.478112538662403941e-01 1.455724994842171327e-01
7.041696675983726283e-01 -2.661326313751637418e-01 1.201749587617932935e-01
6.987028051798374051e-01 -2.659422263030409295e-01 1.537598800520136866e-01
6.984302534106939797e-01 -2.710766101545691309e-01 1.545831847864671538e-01
6.979878396536081109e-01 -2.756046440177261081e-01 1.564829070570663561e-01
6.979213454563766295e-01 -2.755954667044579476e-01 1.570246893945321798e-01
6.973350593693583566e-01 -2.800080130704343251e-01 1.590827407135679827e-01
6.955459799708991753e-01 -2.932360103977024179e-01 1.656295432871741635e-01
6.953826978136539161e-01 -2.950246541633904096e-01 1.660163391395774735e-01
6.950849291103303740e-01 -2.979655724025368491e-01 1.673075062049536044e-01
7.019100025943905141e-01 -3.089883459813892452e-01 1.409395299680873404e-01
7.020005772099942032e-01 -3.092037222992181089e-01 1.403278645827517046e-01
6.951622428152799404e-01 -2.981816184399425640e-01 1.668071475940315906e-01
6.950540402086138325e-01 -2.978872166017889622e-01 1.672448812729356860e-01
6.954126436353981200e-01 -2.950671110413670140e-01 1.658928947518913954e-01
7.027840730007797188e-01 -3.030947942231296821e-01 1.376300474342717628e-01
6.920017287572800546e-01 -2.793841321527062993e-01 1.914047772711335860e-01
6.927350055117040828e-01 -2.735557822373210768e-01 1.887588442970080660e-01
6.930613728885471891e-01 -2.705656927001177658e-01 1.876197804315982154e-01
6.940486438471138442e-01 -2.669283559451400833e-01 1.838026270358918968e-01
6.979639640918762211e-01 -2.755842919956147385e-01 1.569672729232594044e-01
7.009371235064596473e-01 -2.755900204327106362e-01 1.576482131568832656e-01
6.980099608263105049e-01 -2.756447497559487148e-01 1.565838249795032944e-01
6.979188226482122559e-01 -2.753773369076251143e-01 1.571047167977557280e-01
6.979314592448323529e-01 -2.753919250099658989e-01 1.569943268551274862e-01
6.980847704270392029e-01 -2.739288791666328327e-01 1.563788521151885380e-01
6.980827213094085160e-01 -2.739953318369090507e-01 1.562490051235752020e-01
6.983222647904545610e-01 -2.726569675023257089e-01 1.554945142766699373e-01
6.982641607635378111e-01 -2.725898580936193527e-01 1.556266788589537597e-01
6.980598869698285691e-01 -2.738811699769199137e-01 1.564922387042193552e-01
6.981217730676532174e-01 -2.740330026023387600e-01 1.561252684429348392e-01
6.981012052144348612e-01 -2.740542106565236335e-01 1.560679903896835530e-01
6.980638548231631324e-01 -2.739547966869175233e-01 1.563243298392640312e-01
6.981371584712445788e-01 -2.740524596059620288e-01 1.560636233072461021e-01
6.983274405192255729e-01 -2.727014893488585168e-01 1.553685008397072131e-01
6.982439359656512634e-01 -2.725382400186359133e-01 1.557419792277396908e-01
6.983503857195139108e-01 -2.727871511515080893e-01 1.550826057066232444e-01
6.980827438828707265e-01 -2.740694998205601696e-01 1.560170179199009688e-01
6.981531839099764936e-01 -2.741025182903706892e-01 1.559035587409587365e-01
6.980269108863979000e-01 -2.738945548268854613e-01 1.564896320080562120e-01
6.981614317453146423e-01 -2.741866209798752840e-01 1.557550402399805467e-01
6.978974242456584820e-01 -2.753811928091942640e-01 1.569488842748985036e-01
6.980854545450448922e-01 -2.740273534532784994e-01 1.562037065051078422e-01
6.981070793004662267e-01 -2.739825647927820462e-01 1.562648556070849182e-01
6.981527975217968196e-01 -2.741225414280294981e-01 1.559551642032159791e-01
6.981251619797945729e-01 -2.740372392269074808e-01 1.560678828871757684e-01
6.980706142054289298e-01 -2.739579799911081581e-01 1.562963040015532545e-01
6.982207132877975564e-01 -2.724738535080849511e-01 1.559091461623296482e-01
6.980650235393404124e-01 -2.739337850942015207e-01 1.563792829679964136e-01
6.980187313120156389e-01 -2.738873766280710553e-01 1.565595514199598082e-01
6.983244663367956795e-01 -2.726723562720417826e-01 1.553877818839715097e-01
6.981970593952029347e-01 -2.724609171238839833e-01 1.559484604006244890e-01
6.983172099684625822e-01 -2.727741975006759412e-01 1.552041486533028980e-01
6.983501749641061185e-01 -2.727530489681064263e-01 1.552409625569373119e-01
6.981286643052786456e-01 -2.740942078568040507e-01 1.559468402809931487e-01
6.983461687782763772e-01 -2.726994984492361329e-01 1.553046387607901480e-01
6.982161012207894757e-01 -2.725156763149201300e-01 1.558469752596123303e-01
6.982395946348161075e-01 -2.725260176022051839e-01 1.557746023465020890e-01
6.983066759977221150e-01 -2.726856978620886274e-01 1.553723445804597869e-01
6.982747913894444824e-01 -2.726576028364002813e-01 1.555083169054016778e-01
6.981547726323574787e-01 -2.723845275978445946e-01 1.561312432383461513e-01
6.982768554870784072e-01 -2.726782736983298649e-01 1.554338878403991320e-01
6.980265517676889075e-01 -2.739292597427069875e-01 1.563424285488186349e-01
6.980460953685760916e-01 -2.739414793320298358e-01 1.562956273252427142e-01
6.982592957502037345e-01 -2.726496251718699693e-01 1.555263863559706028e-01
6.982874687726736695e-01 -2.726797138766348105e-01 1.553651366206139084e-01
6.982813052304028822e-01 -2.726885740802288405e-01 1.553412193052887691e-01
6.980458779183179585e-01 -2.739460875044464894e-01 1.562541440262987802e-01
6.982175200763464096e-01 -2.725173165354430327e-01 1.557932062930971195e-01
6.983224453944683052e-01 -2.727822684829830369e-01 1.551791718920647600e-01
6.980419963599890920e-01 -2.738647604161798532e-01 1.564195988179517549e-01
6.980452072944730579e-01 -2.738833019904494126e-01 1.564227689557300405e-01
6.980599716497838392e-01 -2.739780531844198119e-01 1.562095897854387516e-01
6.983854107234686026e-01 -2.728728216690122776e-01 1.549136841720177848e-01
6.982896800833314765e-01 -2.726396567035614948e-01 1.554644599574401820e-01
6.980900129282295863e-01 -2.739959108375012442e-01 1.561390144900378640e-01
6.983690278369665272e-01 -2.728772732488810582e-01 1.548911506455092901e-01
6.982720066995471431e-01 -2.727055536828935089e-01 1.553927276290369974e-01
6.980893352491079895e-01 -2.741042440760433352e-01 1.558952767993746491e-01
6.979397052245468469e-01 -2.755323694682418889e-01 1.565542882217660914e-01
6.981810762869536946e-01 -2.743172389961182622e-01 1.553768265299795281e-01
6.980405886220246714e-01 -2.740189817565679142e-01 1.561355441006795353e-01
6.981539342855631602e-01 -2.742709786658584781e-01 1.554782518093404953e-01
6.981624427595466420e-01 -2.742492411605715885e-01 1.556020552288637226e-01
6.983614458003312153e-01 -2.729138341849445815e-01 1.548721334041311959e-01
6.980700365271628183e-01 -2.740941619378328142e-01 1.559631572971016400e-01
6.983082598472118985e-01 -2.727902731908559142e-01 1.551742755042908595e-01
6.982779656744986241e-01 -2.727096874417066497e-01 1.553186463532463257e-01
6.980460407074868812e-01 -2.740613957633077358e-01 1.560142710981191616e-01
6.980408252426564264e-01 -2.740760809519588448e-01 1.560141610074698981e-01
6.980783370397209975e-01 -2.741369826280176669e-01 1.558649694073350744e-01
6.980008103867858527e-01 -2.739855549213588426e-01 1.562305417622640302e-01
6.980153070404291338e-01 -2.740527227000594257e-01 1.560944934336840895e-01
6.979857840829462035e-01 -2.739265821113586186e-01 1.563659663585588167e-01
7.018637546575218211e-01 -2.863699431157410435e-01 1.285647830414935466e-01
6.977509498850315017e-01 -2.753315805182456888e-01 1.570705728000982848e-01
6.980356082224636882e-01 -2.740824108293056227e-01 1.562284034723298021e-01
6.978753262485801745e-01 -2.756142551291286269e-01 1.567161399242520403e-01
6.979109681038588864e-01 -2.756291876986324274e-01 1.566596018614008212e-01
6.979178836380779405e-01 -2.756028972893952989e-01 1.566869545805960051e-01
6.978589545990229182e-01 -2.754745865471958655e-01 1.571976232080756208e-01
6.980008498624563629e-01 -2.756093311761915743e-01 1.567373652062862277e-01
6.979731539788663897e-01 -2.755289640004038310e-01 1.569724461410313410e-01
7.009018498936294694e-01 -2.755021795416473518e-01 1.577722116069077973e-01
7.049025396272062816e-01 -2.862033253072202577e-01 1.301413510195583711e-01
7.005617333241164202e-01 -2.784767501964866554e-01 1.589889320544302098e-01
7.007861411360413184e-01 -2.771660919803679013e-01 1.581638637752338372e-01
7.005966344415068825e-01 -2.785739142642020827e-01 1.588853628955542163e-01
7.004562300869972002e-01 -2.783756518495380528e-01 1.595021955008131265e-01
6.937121592544317483e-01 -2.680875871409475475e-01 1.852815766796558350e-01
6.929613445474267497e-01 -2.702373539727627727e-01 1.884274795031515293e-01
6.925311627695233119e-01 -2.713236284928619568e-01 1.900554779236718339e-01
6.926155195772141226e-01 -2.714911803154647085e-01 1.897468895649090381e-01
6.921381114036351256e-01 -2.723240658098459166e-01 1.919132309425009009e-01
6.923437726804315684e-01 -2.762970047444700539e-01 1.905718105893223768e-01
6.919508632548392324e-01 -2.792432076361179294e-01 1.918691923505813079e-01
6.919924957796096399e-01 -2.794202950246631456e-01 1.915244600999561619e-01
6.955757566101491429e-01 -2.915092710548042865e-01 1.656480491285710066e-01
6.919175291593641086e-01 -2.811561468061208324e-01 1.915841734426306786e-01
6.919271080770998950e-01 -2.811585036109387481e-01 1.915541995975300615e-01
6.955865525154322215e-01 -2.896893664555847403e-01 1.657438158745960788e-01
6.918951340491890090e-01 -2.792871322772204623e-01 1.917913287255375021e-01
6.955831766337424726e-01 -2.896161829044222036e-01 1.657492002489284744e-01
6.923409361652612670e-01 -2.764569830898344627e-01 1.902032340706081293e-01
6.921691002357422962e-01 -2.743524515907764250e-01 1.910436779557675990e-01
6.926557920356780640e-01 -2.734071709944306816e-01 1.891087509522184629e-01
6.929903189162165411e-01 -2.703828777419626794e-01 1.881603862967176077e-01
6.971002014276355130e-01 -2.814159058580100181e-01 1.599159495946003151e-01
6.970176874879450146e-01 -2.813344848171471790e-01 1.602629145796103938e-01
6.973317779504299985e-01 -2.800526270841061649e-01 1.590775183575061646e-01
6.967627801948368393e-01 -2.827141027299463483e-01 1.610257031592370325e-01
6.970296203990578032e-01 -2.814498205235301809e-01 1.598930260777504664e-01
6.967790388218283448e-01 -2.827963059270977575e-01 1.607200896950127245e-01
6.972673550874114445e-01 -2.800350832467376483e-01 1.590834101246982879e-01
6.966588662390649223e-01 -2.807739878650009624e-01 1.615512496302304868e-01
6.971053869683920823e-01 -2.798048194567859248e-01 1.596307875163436307e-01
6.972936531680435923e-01 -2.800581737418472716e-01 1.589448394908683504e-01
6.973954118926912749e-01 -2.784322404299079956e-01 1.587493045089050092e-01
6.973253500656366732e-01 -2.800400090054273039e-01 1.589476326246976878e-01
6.974931991246222651e-01 -2.786039961876868309e-01 1.583433251444814616e-01
6.974380062718689155e-01 -2.784924316402375144e-01 1.585838743552028252e-01
6.975320647146343589e-01 -2.786333352293371979e-01 1.581448409329531124e-01
6.978063395715952133e-01 -2.774001603807211280e-01 1.569992286772490253e-01
6.975561200902133940e-01 -2.786555644796191999e-01 1.581331118647262279e-01
6.972971213211507369e-01 -2.799853112269937716e-01 1.590413390943243854e-01
6.971947648964316180e-01 -2.797045544678866680e-01 1.597000056615218710e-01
6.977449258184165171e-01 -2.771850951493978199e-01 1.575780521500689257e-01
6.977046506627053724e-01 -2.770990559384822749e-01 1.576023740158425390e-01
6.977954297335684508e-01 -2.773027943364083647e-01 1.570467147410095077e-01
6.978930877134740252e-01 -2.775294672831296605e-01 1.564720794191449826e-01
6.978156011033862516e-01 -2.773482251070439331e-01 1.568992362732126722e-01
6.977835253575921381e-01 -2.773367825065552461e-01 1.568723761788575199e-01
6.977622732747882361e-01 -2.772622309324740963e-01 1.570359311824127690e-01
6.978224207287997416e-01 -2.774376546880006345e-01 1.567388192381962142e-01
6.977334940822839116e-01 -2.772427888839840704e-01 1.571514031496343833e-01
6.977470030198364981e-01 -2.772756294701695379e-01 1.570436073143675060e-01
6.977100710808873396e-01 -2.772018630579113907e-01 1.572639107692479499e-01
6.976700842555284554e-01 -2.771594054960906384e-01 1.573947484037070410e-01
6.977565612710118215e-01 -2.773421445395648499e-01 1.570406274269431357e-01
6.975142354579180193e-01 -2.787440889290272450e-01 1.578129359913245100e-01
6.977916023512482635e-01 -2.773999095306693974e-01 1.568053701699045899e-01
6.977721247379988778e-01 -2.774158140307366738e-01 1.568836167793168368e-01
6.977819381851018132e-01 -2.773827948032021040e-01 1.569218735841837464e-01
6.975367868251591830e-01 -2.787867082543373232e-01 1.577107649603619599e-01
6.977549068738758686e-01 -2.773719828857481029e-01 1.569880620266674853e-01
6.977360006383419577e-01 -2.773857928031385200e-01 1.570028828679947974e-01
6.977230118246435797e-01 -2.772398959592580758e-01 1.571799954782782116e-01
6.976950768120675495e-01 -2.772939121588766653e-01 1.572542156855507578e-01
6.977755639264970888e-01 -2.773848703827858087e-01 1.568899451614691465e-01
6.977834318995446150e-01 -2.774625784112512705e-01 1.568160167090371093e-01
6.976735403201520525e-01 -2.771749626676439648e-01 1.573747584284572731e-01
6.977314302375048349e-01 -2.773095565393864925e-01 1.570698051475420964e-01
6.977477710535944233e-01 -2.773043981194496244e-01 1.569380232431143440e-01
6.974512575761526723e-01 -2.785466688635944710e-01 1.581616406540080622e-01
6.977802142407566466e-01 -2.773940493320226075e-01 1.569162714682175164e-01
6.977289031050979418e-01 -2.772719142415523974e-01 1.571266738130239204e-01
6.974525943987548438e-01 -2.785479685818552653e-01 1.582384391000659640e-01
6.974053998412310662e-01 -2.784932328468561202e-01 1.584058319892136524e-01
6.976860963048636677e-01 -2.772114417624771399e-01 1.572857291685640924e-01
7.013594700059740950e-01 -2.911580245488285534e-01 1.303531093970522470e-01
6.977867703751503559e-01 -2.774199099231958177e-01 1.567870629977790031e-01
6.978292564968495704e-01 -2.775310521762668348e-01 1.566110911440179443e-01
6.978295313147604428e-01 -2.774851425814330308e-01 1.565926171027958169e-01
6.977350197732090642e-01 -2.772648186043202845e-01 1.570946304751128508e-01
6.978549629926592557e-01 -2.756594776839911276e-01 1.569058089341506257e-01
7.017377786608547385e-01 -2.881757925924360308e-01 1.289622234703673431e-01
6.978941573861628944e-01 -2.757801726662515995e-01 1.565779220984888642e-01
6.979136762294828600e-01 -2.758257709659933665e-01 1.565076734421104732e-01
6.979350409603803929e-01 -2.758893287096023106e-01 1.563641141076550500e-01
7.017050429575085735e-01 -2.881189514041542221e-01 1.291340100855349338e-01
6.978699125553875504e-01 -2.757935069955885221e-01 1.566234797535763779e-01
7.015407959946513561e-01 -2.896028106285929438e-01 1.297374390373466913e-01
6.977882581619232472e-01 -2.774294797836839854e-01 1.567823687152818390e-01
6.977271942727893972e-01 -2.772320383225977403e-01 1.571266248234166607e-01
6.978860974923759564e-01 -2.758066107363402741e-01 1.565887680017217232e-01
6.977628621067226700e-01 -2.773591999776958694e-01 1.569201505824595611e-01
6.977957754135459822e-01 -2.773792003858684962e-01 1.567945862115369682e-01
6.977869623084484996e-01 -2.773702153247296076e-01 1.568761183457969555e-01
7.016344860639750491e-01 -2.880077622052728548e-01 1.294114378683746125e-01
6.978577695448547891e-01 -2.757384040394723068e-01 1.567336514036283823e-01
6.976799092905759947e-01 -2.771841081515848404e-01 1.572905487863272000e-01
6.976747683301002256e-01 -2.771616795528829003e-01 1.573111465411229926e-01
6.977418597369402509e-01 -2.773309863714873424e-01 1.570386955137026419e-01
6.977547526797145405e-01 -2.773187701187729282e-01 1.569562493342862020e-01
6.977393651230842098e-01 -2.772451198577582376e-01 1.571483385830803048e-01
6.978138130516886584e-01 -2.773999442023932782e-01 1.567593514534444399e-01
6.977490656465142882e-01 -2.773064318503438708e-01 1.569829110585228005e-01
6.977545657342135721e-01 -2.772070963076651018e-01 1.571155977722586972e-01
6.977396430788516124e-01 -2.772472516248523089e-01 1.571274274379699243e-01
6.977007648824483654e-01 -2.772381865082382824e-01 1.571924637794690494e-01
7.016982181242167327e-01 -2.881118816078305223e-01 1.291550562814742786e-01
6.978185634115428027e-01 -2.773929300832152500e-01 1.566766942295356735e-01
6.977925301960765658e-01 -2.773600178777276826e-01 1.568242162447930355e-01
7.015172881879567779e-01 -2.895636822891533013e-01 1.298745148080200362e-01
6.977050663961081867e-01 -2.772870806435048241e-01 1.570899849914417779e-01
7.014870225871772114e-01 -2.895643170750439310e-01 1.299097103182986768e-01
6.977817035861193506e-01 -2.773649767023622648e-01 1.568135612454115702e-01
6.977675913748383474e-01 -2.773664301750361494e-01 1.568388779008953460e-01
6.977300081147760347e-01 -2.772675735223888993e-01 1.570104019354447988e-01
6.977654508018225066e-01 -2.773883875391781051e-01 1.568879164817527094e-01
7.015040349550187848e-01 -2.895249460324048618e-01 1.299051356078952946e-01
7.015465891638665852e-01 -2.896260967984496948e-01 1.298001877975747398e-01
7.017829821594030459e-01 -2.882618706457912849e-01 1.287889829323276558e-01
6.977326298412650507e-01 -2.772943072152733723e-01 1.570031912199720825e-01
6.977085943547457481e-01 -2.772589082837998431e-01 1.571865986587182018e-01
6.977220381047517517e-01 -2.772785840461253759e-01 1.570999396874681597e-01
7.017847348183839928e-01 -2.882814455275833909e-01 1.287446370164109233e-01
6.977400570096731203e-01 -2.773368455297648416e-01 1.569779121435790348e-01
7.014990916490048134e-01 -2.895435480527877026e-01 1.299297972551212155e-01
6.977590208880811717e-01 -2.774327444375753737e-01 1.568602664808944613e-01
6.977136618406414303e-01 -2.772775322819351906e-01 1.571119911022185178e-01
6.977158387015223173e-01 -2.772962989195286720e-01 1.570943494845480348e-01
6.976877863842279037e-01 -2.772731964699923779e-01 1.571670901911066398e-01
7.016636037483900967e-01 -2.880003234231471865e-01 1.293061055550799310e-01
6.977486706058054766e-01 -2.773666389545500488e-01 1.569352310875637979e-01
6.976901819696783580e-01 -2.772480216759145577e-01 1.573225566807596731e-01
7.017107841183661820e-01 -2.881579877141415835e-01 1.290058956996589234e-01
6.977296990137547006e-01 -2.772777938493490302e-01 1.570970214265330345e-01
7.016969139408230083e-01 -2.881048761450946127e-01 1.291753879109234227e-01
6.978214712845980383e-01 -2.774901615135371147e-01 1.566822623385548674e-01
6.977378577781975233e-01 -2.773050887732505521e-01 1.570264942228702942e-01
6.977052964476228025e-01 -2.772616046088933750e-01 1.571045800031125594e-01
6.977561224733739298e-01 -2.773894464683830385e-01 1.569125166935012583e-01
6.976565319144606425e-01 -2.771586889038681889e-01 1.573911979698776609e-01
7.016565670940160260e-01 -2.880712942681610267e-01 1.292800989431710512e-01
6.976550187186241203e-01 -2.771852050119339994e-01 1.573343993863971502e-01
7.016561388347118955e-01 -2.880168237967789535e-01 1.293331583076313684e-01
7.016972073057919923e-01 -2.881605308278202826e-01 1.290683101522400733e-01
7.014290001509725370e-01 -2.894597464835046985e-01 1.301386863198845667e-01
6.977036817232071808e-01 -2.772597526527046941e-01 1.571442127114446308e-01
6.977381499835908496e-01 -2.772923385413587072e-01 1.569424010301470052e-01
6.975287782493829747e-01 -2.787901562358140461e-01 1.576862445651532330e-01
7.017198194617778606e-01 -2.882053599010109823e-01 1.290215697879388834e-01
7.018038227825165176e-01 -2.865064521645307449e-01 1.287846469991802412e-01
7.017132893912763070e-01 -2.863838962604104976e-01 1.290163599420741658e-01
7.017086863092780735e-01 -2.863346143746673955e-01 1.291323179682879463e-01
7.017064412192165479e-01 -2.862115755156874330e-01 1.291545935633391373e-01
7.018101123153268617e-01 -2.863263831150233418e-01 1.287553195569335340e-01
7.016707429743169744e-01 -2.861033800552188477e-01 1.293774382246881682e-01
7.016754210899234234e-01 -2.861074998892545462e-01 1.293169357468189062e-01
7.016835551457016873e-01 -2.860774593710303515e-01 1.293610592227920630e-01
7.019591798989683884e-01 -2.848163100267052661e-01 1.282020749138370608e-01
7.066208279031545025e-01 -2.933138167106210670e-01 9.648016167465311987e-02
7.014500775811940425e-01 -2.631845812479406410e-01 1.172770375527738551e-01
6.940005786455810677e-01 -2.445919166376739340e-01 1.064365171962335932e-01
6.610276059976607499e-01 -2.005516092987656429e-01 1.169308523835972391e-01
