6.617073933769713756e-01 -1.371883834892837495e-01 1.171873129507186029e-01
6.621195981381238216e-01 -1.289755779981836548e-01 1.154524236941107951e-01
6.564862989907316315e-01 -1.185487973829116304e-01 1.399735848748808742e-01
6.603747154077739268e-01 -1.201991157449409098e-01 1.092236624106877052e-01
6.601626504335462720e-01 -1.198828246914371842e-01 1.101701618729835630e-01
6.601723032783641809e-01 -1.198889952100477552e-01 1.104386005981634611e-01
6.570906465542778463e-01 -1.142324293795637380e-01 1.376524827310334764e-01
6.562605579207949624e-01 -1.199076320885772984e-01 1.414018790763666988e-01
6.618040243719466309e-01 -1.338449377532172080e-01 1.168515602621660321e-01
4.953299999999999925e-01 2.731419999999999959e-01 1.578349999999999920e+00
6.642618593838002239e-01 -1.417568079935079828e-01 1.207227622728770378e-01
6.635395270058214168e-01 -1.382338410568534903e-01 1.514783123482226213e-01
4.953299999999999925e-01 2.731419999999999959e-01 1.578349999999999920e+00
4.953299999999999925e-01 2.731419999999999959e-01 1.578349999999999920e+00
4.953299999999999925e-01 2.731419999999999959e-01 1.578349999999999920e+00
6.780697629527314696e-01 -1.624382515345774436e-01 1.316504490975971553e-01
6.775731701207116098e-01 -1.652369893578775339e-01 1.336076143984723519e-01
6.840194378625601423e-01 -1.752925344319492540e-01 1.073354289456096566e-01
6.807742544613242242e-01 -1.654682118799090107e-01 1.339511737996579299e-01
6.808760393398731736e-01 -1.656848547598346877e-01 1.334642307800135708e-01
6.809155596850187120e-01 -1.656799630400240253e-01 1.333299654240711618e-01
6.806377502500117194e-01 -1.670797006841301668e-01 1.342985964615790451e-01
6.809008488666131731e-01 -1.639251587620786932e-01 1.333650097020799841e-01
4.953299999999999925e-01 2.731419999999999959e-01 1.578349999999999920e+00
6.849469718127384477e-01 -1.676028335704989325e-01 1.034111881880928063e-01
6.822262929514020247e-01 -1.645545572771578424e-01 1.008230434436767631e-01
6.762658867789931305e-01 -1.596709385775494927e-01 9.755068831449920097e-02
6.672718171075708860e-01 -1.436456141166854716e-01 1.213260960240709618e-01
6.643859558632194684e-01 -1.420524134746565803e-01 1.193989197096041455e-01
6.619651963172099585e-01 -1.339960110025759099e-01 1.159778388328169818e-01
6.597535129349038074e-01 -1.245555253756157610e-01 1.119254454483522565e-01
6.601583995713442565e-01 -1.200360677897259754e-01 1.096077228583982599e-01
6.543123901971101830e-01 -1.111253118496983716e-01 1.352750618608726807e-01
6.545116945569753319e-01 -1.080860067762210441e-01 1.342936396406999577e-01
6.543302637761458929e-01 -1.094988858302198276e-01 1.351941087944981135e-01
6.542241194148570305e-01 -1.110825180054678674e-01 1.357399122547067183e-01
6.600709881347402996e-01 -1.198279979940690132e-01 1.105370285445439471e-01
6.567931543188973986e-01 -1.156130594575814352e-01 1.385129147611896538e-01
6.563219552273742430e-01 -1.200670892114322763e-01 1.410128893185464971e-01
6.611223023912758956e-01 -1.397810702557344409e-01 1.200895185507173668e-01
6.641953386743415511e-01 -1.399494780979128605e-01 1.209728422756581878e-01
6.576018382527206718e-01 -1.289942831975975368e-01 1.768263297818126745e-01
6.636986470460246590e-01 -1.291958528468561962e-01 1.783967413157292459e-01
6.758539708613753305e-01 -1.529982399461716214e-01 1.274865361166610533e-01
6.783349337570279136e-01 -1.575344137188791627e-01 1.306264697841150735e-01
6.782241977954730494e-01 -1.607799199309237759e-01 1.310389403949918652e-01
6.780500937735914890e-01 -1.623864031722619672e-01 1.318628800921253230e-01
6.781122552474170284e-01 -1.624736843564063282e-01 1.316355306668279823e-01
6.846637047566115353e-01 -1.708888470147475469e-01 1.045432106279262641e-01
6.782432840907424154e-01 -1.571763295845165498e-01 1.316044628900774338e-01
6.822069593418419453e-01 -1.663958219214081713e-01 1.008761756710856439e-01
6.760808043849654281e-01 -1.515342716455925220e-01 1.264494368888364750e-01
6.770592180415928585e-01 -1.555796032217443003e-01 9.413337568672308642e-02
6.605776916720755843e-01 -1.384056074666026870e-01 1.499921808581452520e-01
6.642408672662760694e-01 -1.419506064811711932e-01 1.200367821526353573e-01
6.612966639129921331e-01 -1.401659939032308677e-01 1.188685950003338654e-01
6.731717791327275213e-01 -1.641507387737650148e-01 -1.326675109472086334e-02
5.902638518553287028e-01 -9.359279845909768136e-02 4.984432308300434933e-02
5.255272954333093383e-01 -1.660913365374133699e-02 1.082069809888590584e-01
4.949083279683237913e-01 2.535220429624807092e-02 2.052426638709872186e-01
5.155227039693708324e-01 6.655483951764651351e-02 2.431917889767494234e-01
5.448770906234130518e-01 1.149401068267971171e-01 2.723417904242999565e-01
5.738297469289959096e-01 1.532187092128992068e-01 1.814815999096364152e-01
5.768363306280046565e-01 1.934652353788912649e-01 1.873502384448511027e-01
5.825131910416468939e-01 2.034156226323395322e-01 1.595409913002558966e-01
5.848601418368369886e-01 1.858618228364289360e-01 1.452983455027982984e-01
5.769781504403546091e-01 1.200685617823452622e-01 3.076361767736912611e-02
5.188676610804316969e-01 2.920919767226065611e-02 -1.149555398271200346e-01
3.624915326803982429e-01 -3.640760709261886552e-02 -1.837308720655053129e-01
2.523179752933621400e-01 -5.460136219257116785e-02 -3.112238638579249983e-01
8.950381856392619628e-02 1.604362329426411993e-02 -2.336335542052416780e-01
-3.154778216983078476e-02 1.216633866149784415e-01 -1.759283786886098877e-01
-8.105184787106511912e-02 1.878568627050518636e-01 -1.210654818934380206e-01
-1.279638672610521333e-01 3.011810040666461075e-01 1.433464872756595732e-02
-1.552589232544064890e-01 4.047449408292770889e-01 1.295261473031936728e-01
-1.604118084852814707e-01 4.222745613676309184e-01 1.477989794277487778e-01
-1.102985021101235974e-01 4.171299044842124437e-01 2.981611940748036815e-01
-1.494513508536220447e-01 4.316192664936185364e-01 2.124696127874257101e-01
-1.178268988881587820e-01 4.232411751868129235e-01 2.746856550952374576e-01
-1.112054126856566461e-01 4.224912998687029297e-01 2.936752196679830451e-01
-1.383897086190700731e-01 4.315915387093425259e-01 2.350095047117650715e-01
4.953299999999999925e-01 2.731419999999999959e-01 1.578349999999999920e+00
4.953299999999999925e-01 2.731419999999999959e-01 1.578349999999999920e+00
4.953299999999999925e-01 2.731419999999999959e-01 1.578349999999999920e+00
4.953299999999999925e-01 2.731419999999999959e-01 1.578349999999999920e+00
-9.685787753866903493e-02 4.206831675356625944e-01 3.188888852643907423e-01
4.953299999999999925e-01 2.731419999999999959e-01 1.578349999999999920e+00
1.290856574196824758e-02 2.083620528114140114e-01 4.945172817420513400e-01
7.462012845186588583e-02 1.224012397444247946e-01 5.045417947962971272e-01
8.702516315269770431e-02 4.422958246939634464e-02 3.620656416612808570e-01
1.719279517471603569e-01 -5.578278178645257324e-03 3.764391968169702452e-01
2.765287797152941596e-01 -7.352269584515624956e-03 4.708091815353401266e-01
3.719025379211872706e-01 -2.328907385272532826e-02 4.626295850641763963e-01
4.997018324643067166e-01 -6.714722422546048897e-02 3.905058025012031475e-01
5.895414429209351326e-01 -8.560990024582298963e-02 3.170849669117472569e-01
6.723777871695548747e-01 -1.411278358877375294e-01 1.561575995037502995e-01
6.831742541696265159e-01 -1.586180021515748995e-01 9.738311724934667346e-02
6.819708345334023480e-01 -1.677785044183879859e-01 1.020283453149646302e-01
6.765348723818257470e-01 -1.468065056344233232e-01 1.250696995245796916e-01
6.740427914325087810e-01 -1.424364755859896525e-01 1.215727239302983875e-01
6.698619702529884368e-01 -1.384256424567344990e-01 1.530415088035308457e-01
6.826168905432954404e-01 -1.633641245136149278e-01 9.911677898070991866e-02
6.809332097472979850e-01 -1.639176668407283377e-01 1.332600387906532902e-01
6.806715375314951189e-01 -1.669476208705082121e-01 1.352379185362895253e-01
6.796967174823880242e-01 -1.646839556792750736e-01 1.654821895520293129e-01
6.882866381962656765e-01 -1.820499895293712089e-01 1.444288203450858621e-01
6.983774685564279050e-01 -1.928436682393252499e-01 1.176785173122316674e-01
6.942541852524966028e-01 -1.870045109106376335e-01 1.472672633906342288e-01
7.040879182948232007e-01 -2.011160480273514739e-01 1.216961737635597895e-01
7.037941650079369005e-01 -2.041931128706335752e-01 1.229263791507602122e-01
7.038097680213033502e-01 -2.042763185413628280e-01 1.226963689759923426e-01
7.035226757350414584e-01 -2.056289690340608045e-01 1.237685771297214465e-01
7.035395849126666601e-01 -2.057115962447672586e-01 1.236511651948779544e-01
7.035391817554652594e-01 -2.038907834225371363e-01 1.239722966840406393e-01
7.033817760912388639e-01 -2.054545327472984961e-01 1.244601500486686163e-01
7.034981676870555312e-01 -2.056349708441942425e-01 1.237968365630208734e-01
7.034876632786214445e-01 -2.056175128826051302e-01 1.238968206439332587e-01
7.034486817349970833e-01 -2.055309515013396260e-01 1.241155108877720625e-01
7.035202792275577766e-01 -2.056731667515038775e-01 1.237647255298448545e-01
7.035407630684196167e-01 -2.057740527172684242e-01 1.236174341314644209e-01
7.036088810448586361e-01 -2.058656146616637816e-01 1.232203331322432316e-01
7.032439240369707800e-01 -2.071551729047447221e-01 1.246043371468841254e-01
7.079320253061205381e-01 -2.139457647114247352e-01 9.358342215814885456e-02
7.001540734424143153e-01 -2.071330897056757880e-01 1.237807114512368134e-01
7.034330209673702594e-01 -2.056995133983194057e-01 1.239116345401287678e-01
7.034180680568307142e-01 -2.056545869757085976e-01 1.239881238016635745e-01
7.034509964822053263e-01 -2.055646145550012183e-01 1.240696677848336371e-01
7.076119291015714463e-01 -2.153656208140551920e-01 9.463634276814003599e-02
7.034323893843174025e-01 -2.056787343382685540e-01 1.239274991481795762e-01
7.034733795371591603e-01 -2.057682900919764746e-01 1.237591447027488467e-01
7.037364262392222791e-01 -2.043482392305284445e-01 1.228192014551354738e-01
7.004293932211667073e-01 -2.057775321756303011e-01 1.227298033872288308e-01
7.076274863434314222e-01 -2.153335651099681780e-01 9.453482422432890608e-02
7.077174957168608227e-01 -2.154172446732520729e-01 9.429950630773475950e-02
7.077009114734739148e-01 -2.154748690125644073e-01 9.420664215769303240e-02
7.078611651577859654e-01 -2.138673829915448688e-01 9.382366282307708083e-02
7.076828400197118230e-01 -2.154715421264022657e-01 9.423275823528154405e-02
7.076391877528995789e-01 -2.153962824235557960e-01 9.441004022292953657e-02
7.076132271531671014e-01 -2.152850858319997340e-01 9.467506557322002969e-02
7.079400672715157050e-01 -2.140160810403823610e-01 9.346760430623146654e-02
7.034551968465119209e-01 -2.056635161254107280e-01 1.238741430538936594e-01
7.078648127876758789e-01 -2.139102647632360465e-01 9.372461939347975779e-02
7.076938526677638563e-01 -2.153793987067043059e-01 9.440519017299275895e-02
7.034128084669649672e-01 -2.056425466140806846e-01 1.239864625571847068e-01
7.034217617734015437e-01 -2.057230573301166154e-01 1.239071194395586772e-01
7.034022998027891216e-01 -2.055737048879712481e-01 1.241223114148437556e-01
7.034924425887137955e-01 -2.056561989507078581e-01 1.237844175125555335e-01
7.073405428588539490e-01 -2.167056486742197918e-01 9.574517384276237664e-02
7.034540628355800962e-01 -2.057005528684406892e-01 1.238071013063268833e-01
7.033937943916052093e-01 -2.055848158372193812e-01 1.241803837672619260e-01
7.076716997345685600e-01 -2.153648024420589113e-01 9.448394718433750228e-02
7.032320425124019003e-01 -2.071476399535238655e-01 1.246292016636503242e-01
7.034923679220617121e-01 -2.057634122937172516e-01 1.236539948802874989e-01
7.033853709919899444e-01 -2.055950382709353652e-01 1.241741209465383466e-01
7.035085917028516267e-01 -2.057663747425972911e-01 1.236523530484749944e-01
7.030910625267983161e-01 -2.068891142549812434e-01 1.254562193324535446e-01
7.032216595475405674e-01 -2.070842312906682192e-01 1.246937812588111427e-01
7.031987897125064890e-01 -2.069848533457368245e-01 1.250363548932118540e-01
7.032076069308638155e-01 -2.071768996780663508e-01 1.247479796741590707e-01
7.031590979910433692e-01 -2.069889764520078668e-01 1.250977958242549537e-01
7.034668376276851376e-01 -2.056339885015785462e-01 1.239748491084962101e-01
7.032164585574031124e-01 -2.071403763742297455e-01 1.247095831263258514e-01
7.032658059895962044e-01 -2.071795632375031393e-01 1.245473719842702387e-01
7.031068409865797175e-01 -2.068135801153480335e-01 1.255134850532948487e-01
7.032317030771583211e-01 -2.071659436882882788e-01 1.246970140090137846e-01
7.031517125214368225e-01 -2.070151031375974116e-01 1.251796927629855727e-01
7.027777198561191430e-01 -2.082309580762237156e-01 1.266042513778939949e-01
7.031436203329056722e-01 -2.070031810621022483e-01 1.251869506803258147e-01
7.035525782071918588e-01 -2.058452649462222395e-01 1.234714846360012164e-01
7.027647990853339577e-01 -2.081520356502234159e-01 1.267274887123033267e-01
7.035744071606426786e-01 -2.058761367815285515e-01 1.234159027918517726e-01
7.028236354970842648e-01 -2.082362215183972687e-01 1.266268685344176248e-01
7.032893504612356406e-01 -2.071420893351882675e-01 1.245790118912308841e-01
7.034062766653090826e-01 -2.055708178170621292e-01 1.242162587584061395e-01
7.031989697961896768e-01 -2.071179005116670635e-01 1.248904468827722880e-01
7.031623064912497778e-01 -2.069576980843692293e-01 1.251542964801624080e-01
6.957595853573799172e-01 -1.988733438162505196e-01 1.540046692558318941e-01
7.031302538097321531e-01 -2.070102748794256931e-01 1.251899599348307301e-01
7.035353772425114727e-01 -2.058132555890232196e-01 1.235217028447821441e-01
6.958440898528247542e-01 -1.990819595765620231e-01 1.533651067210912711e-01
6.957617074423283476e-01 -1.988638770956396851e-01 1.538935572747155422e-01
7.026994631204426245e-01 -2.080326936480551558e-01 1.271457282356454055e-01
7.027665342127233927e-01 -2.082597673017829165e-01 1.266240081071465795e-01
7.031135812455355794e-01 -2.068829309108256576e-01 1.253086095562547797e-01
7.031744176290094517e-01 -2.070592660028338361e-01 1.249406111477224801e-01
7.028268887359887529e-01 -2.083357949534505316e-01 1.264291776245742849e-01
7.031275408198893739e-01 -2.070524072004556182e-01 1.251594910829454399e-01
7.027678698704779015e-01 -2.082058594643473870e-01 1.266648729111761185e-01
6.961408444440990717e-01 -1.978112771793901770e-01 1.522232132385537007e-01
7.027426100684076582e-01 -2.082222082161158117e-01 1.268703085796503149e-01
6.993924713663042247e-01 -2.095901655371039674e-01 1.269704825326667397e-01
6.958650190727799778e-01 -1.991412484281510076e-01 1.532145871605752330e-01
7.028084717507601109e-01 -2.083153927528411109e-01 1.263859601970835911e-01
7.001634548899113852e-01 -2.072271580249815948e-01 1.237533249968540972e-01
7.031815596330612816e-01 -2.071100543146580097e-01 1.250503231897175382e-01
6.992829761171728276e-01 -2.094393400017023343e-01 1.273144302349045187e-01
6.994097422864318236e-01 -2.114313800104111185e-01 1.265620296054974503e-01
6.998689967581241955e-01 -2.085628147843777702e-01 1.248190701746954012e-01
6.957567200829029019e-01 -1.989750164932608534e-01 1.537049105224905787e-01
7.028142229197711366e-01 -2.083546651402563010e-01 1.263065674761174595e-01
7.034497055478483585e-01 -2.057222004748135435e-01 1.238733420119999540e-01
7.027813082398564060e-01 -2.082201977561563000e-01 1.265710887549249541e-01
7.028031176065385743e-01 -2.082752009344398525e-01 1.264688096736132916e-01
6.997479980222940377e-01 -2.083700559573173350e-01 1.254922563180564943e-01
6.953724582605660398e-01 -2.001388142053037444e-01 1.552840624135987113e-01
7.032241880722641669e-01 -2.071837972050756260e-01 1.247012154293969388e-01
7.031450927145898033e-01 -2.070008617541789497e-01 1.250346713232963758e-01
6.997299016383260462e-01 -2.083459639815240794e-01 1.255080604377298847e-01
7.031558350737631136e-01 -2.070711823354363101e-01 1.249622064279765077e-01
6.997950670398235262e-01 -2.084738506599366492e-01 1.250724968247562963e-01
7.000834263358831633e-01 -2.070789008935690068e-01 1.241240736188413685e-01
6.962191297839760429e-01 -1.979150475691854871e-01 1.518731503240970948e-01
6.961998581741362102e-01 -1.978966687023490378e-01 1.518786427953631168e-01
7.000021907614528693e-01 -2.087113972247540694e-01 1.243960101432142196e-01
6.997965030382991003e-01 -2.102829979186951748e-01 1.248416974464265916e-01
6.961160115519404723e-01 -1.977886578152626695e-01 1.522810233021629767e-01
6.957319826947212515e-01 -1.988625784388929618e-01 1.540065274917707949e-01
6.957810173461019820e-01 -1.989695690961181818e-01 1.537115033894775884e-01
6.958145757191150915e-01 -1.990852529110014313e-01 1.534845067436649835e-01
6.956895465345114271e-01 -2.006361264947205680e-01 1.538659323599249618e-01
6.956900573180943015e-01 -2.006425988378077174e-01 1.538526179922639070e-01
6.957592007764101805e-01 -2.006810742848962326e-01 1.536798728979602569e-01
6.963616815663546955e-01 -1.963618527343943265e-01 1.514270302877223084e-01
7.032624127578049888e-01 -2.071978495801090614e-01 1.245223049967960627e-01
6.992970545817434047e-01 -2.094827872931808166e-01 1.271974028116509281e-01
6.998329595731377362e-01 -2.085006999330073219e-01 1.249692943605527073e-01
7.002534255049497336e-01 -2.074050149905234119e-01 1.229786167614279613e-01
7.077311337544500702e-01 -2.155720427762269353e-01 9.381704924346490060e-02
7.046684574067563211e-01 -2.157216329836099955e-01 9.254408280174142298e-02
7.004673981486440049e-01 -2.059350671247541509e-01 1.222665276978640581e-01
7.077782002799093419e-01 -2.156552927348017734e-01 9.365218523002560858e-02
7.073256457094758698e-01 -2.167131419484316646e-01 9.575211709630049306e-02
7.116379937400013622e-01 -2.288287600150853418e-01 6.459411650935398264e-02
7.117243142456352034e-01 -2.289648281055241541e-01 6.436234818735853125e-02
7.036612649198950020e-01 -2.216104928571432930e-01 9.627690776987507526e-02
7.079043372620046348e-01 -2.318465673300772467e-01 6.567658485760841103e-02
6.998418517918943982e-01 -2.085780653368234094e-01 1.246874296358646550e-01
7.090537216347991833e-01 -2.260467801407426425e-01 6.132220631387674814e-02
7.118600321520626162e-01 -2.272065661194175024e-01 6.414612706376754403e-02
6.999103319222211850e-01 -2.087049600652753911e-01 1.244478395318000530e-01
7.041860108970194876e-01 -2.187695494909882576e-01 9.416066531611244628e-02
7.083449181893468616e-01 -2.287964706563949124e-01 6.405218127470613254e-02
7.079544993687599819e-01 -2.299590731043666680e-01 6.566323236559612475e-02
7.078484870891272873e-01 -2.299085863942056385e-01 6.598395072822116347e-02
7.080110687095702016e-01 -2.320126189324408228e-01 6.512705514071726043e-02
7.079420378751815068e-01 -2.299690604275464456e-01 6.578792951339784700e-02
7.079571606857627541e-01 -2.300583184949755999e-01 6.553757389217462759e-02
7.037450162344665028e-01 -2.217699242015182537e-01 9.569430441426796108e-02
7.080856220657557598e-01 -2.302580875320881237e-01 6.508822075857523259e-02
7.079176496950269071e-01 -2.299278428136557473e-01 6.588566047336019693e-02
7.003395733933419631e-01 -2.214290616231858744e-01 9.585338501215123763e-02
7.080308234736769624e-01 -2.302021343065798198e-01 6.514165467130084153e-02
7.079902305852830979e-01 -2.300899562215208416e-01 6.538749553830913719e-02
7.077492134571672366e-01 -2.315775382034629959e-01 6.640342169192581245e-02
7.078827338093667265e-01 -2.298487859927564603e-01 6.601141899327611640e-02
7.074994026667118519e-01 -2.310260019171684887e-01 6.770522705719006495e-02
7.079608672770649758e-01 -2.318906719979793030e-01 6.544001261131771052e-02
7.080248263273298814e-01 -2.319483714840262778e-01 6.528122936485258876e-02
7.032652309415787784e-01 -2.228287454190998884e-01 9.782322965271772475e-02
7.157911872958063748e-01 -2.426881249157636922e-01 3.410481543498167234e-02
7.081700700358718459e-01 -2.322967074704318791e-01 6.421028613119417194e-02
7.073853910106092657e-01 -2.309462434241175421e-01 6.810581769460588575e-02
7.124229766411096509e-01 -2.406317245240062186e-01 3.371674209506814179e-02
7.080640303609311292e-01 -2.302752588161378899e-01 6.478865930126453954e-02
7.039929189739584370e-01 -2.307129195131808475e-01 6.774680480904438085e-02
7.046134757913709024e-01 -2.299309744113087195e-01 6.489882357518683698e-02
7.040103771440565650e-01 -2.307877965093701744e-01 6.764322765659525061e-02
6.964305215140134120e-01 -2.203587767643779283e-01 9.799324101853690294e-02
7.041637087252914373e-01 -2.311362172672897231e-01 6.665382848905476720e-02
7.040055835747838220e-01 -2.308686210320740617e-01 6.743798022394020819e-02
7.040321041013151149e-01 -2.309759285033046727e-01 6.712077568719831966e-02
6.964297448276102198e-01 -2.202785080247074423e-01 9.819838276546155598e-02
6.964066035952389822e-01 -2.202349465997963940e-01 9.811641106539514823e-02
7.041685712657094198e-01 -2.310178632560223044e-01 6.669035057065642036e-02
7.046303362918853175e-01 -2.298198854548930969e-01 6.498154303314662705e-02
7.050019975323646992e-01 -2.286883682943284257e-01 6.310285752558852934e-02
7.002329688432246124e-01 -2.195297453515528963e-01 9.613531665729424525e-02
7.078903294109850641e-01 -2.299452639424204858e-01 6.589897484550011342e-02
7.081209301648796473e-01 -2.323064051560908283e-01 6.433175764655008066e-02
7.080417887149215161e-01 -2.302709917687624230e-01 6.493430613007689089e-02
7.078065402488261659e-01 -2.316565673838704986e-01 6.599809534304434955e-02
7.079507740945547578e-01 -2.320143210542052747e-01 6.505776514072425520e-02
7.078428731799006890e-01 -2.318005390153526912e-01 6.571132862080331094e-02
7.078487598883330678e-01 -2.318268319894223883e-01 6.572277549697913557e-02
6.999052238246291635e-01 -2.245938188126682666e-01 9.698396422362165481e-02
6.998884171499371032e-01 -2.225015879973023802e-01 9.782934804605969425e-02
7.037562031164019682e-01 -2.218225329353510911e-01 9.567533793733873360e-02
7.036418801751553875e-01 -2.216644730686992415e-01 9.626616634194706812e-02
7.122981610154390797e-01 -2.443975706679522297e-01 3.365769632658066612e-02
7.042560305149465627e-01 -2.350717539978026682e-01 6.612866673675332763e-02
6.925300734659940449e-01 -2.162143550218492694e-01 1.263114961716771401e-01
7.038798355028152987e-01 -2.384621148581355654e-01 6.699151704437888988e-02
7.039937064601182737e-01 -2.367384335038959509e-01 6.663580407908864522e-02
6.963689107202887252e-01 -2.259015515816062414e-01 9.768588650910392523e-02
7.037818931759297625e-01 -2.402073347080498911e-01 6.724033167418363988e-02
6.964919690555692044e-01 -2.281313261844217510e-01 9.666807420896583736e-02
6.964785713706671544e-01 -2.262323954208790844e-01 9.696730479223703014e-02
6.965885965331197749e-01 -2.264211139630973313e-01 9.640921799841817297e-02
7.039679045381397327e-01 -2.367008682136386433e-01 6.682615572813155325e-02
6.964181426934867858e-01 -2.279335708622187151e-01 9.723130801019963521e-02
6.961727386162489539e-01 -2.294009698514938300e-01 9.822138850326389559e-02
7.039076557188241878e-01 -2.383902065785228896e-01 6.722354366092231359e-02
7.040096139150708865e-01 -2.366278276422023596e-01 6.692266953376990735e-02
7.037605266283661898e-01 -2.381261832864731420e-01 6.799262558018259739e-02
6.965257128951043430e-01 -2.243475319875925522e-01 9.704802289766667478e-02
6.925236834787964479e-01 -2.162321826999336061e-01 1.263059361828133831e-01
7.037350281668425245e-01 -2.380333214111178819e-01 6.807255138136292238e-02
7.044730100636541481e-01 -2.335254446978568543e-01 6.531564619911001124e-02
6.998515032880663345e-01 -2.245835220371186214e-01 9.724129817927762431e-02
7.042677705813288336e-01 -2.350774893313198888e-01 6.610455052229013972e-02
6.963899114681004754e-01 -2.259125295104532916e-01 9.762998339149198124e-02
6.962809017792880306e-01 -2.258413973774462957e-01 9.792769715153104571e-02
6.965056511034488640e-01 -2.242145905250459981e-01 9.731199008351398838e-02
6.963923872321307051e-01 -2.259348459779470797e-01 9.754612054971878443e-02
7.039380534966230840e-01 -2.364849503422379318e-01 6.719399081214061376e-02
6.965010674881786379e-01 -2.261024774488657463e-01 9.692156493829484631e-02
6.965288589290052901e-01 -2.242622937751263534e-01 9.713203434183892426e-02
6.964467986375033615e-01 -2.222476094841360772e-01 9.776377526201307511e-02
7.044327120808094866e-01 -2.315833358901143169e-01 6.554658734837026657e-02
6.968739813099920077e-01 -2.229369523033648548e-01 9.582105792494566288e-02
6.968640975332319742e-01 -2.211210613545327996e-01 9.595381461841023807e-02
7.040564399663448159e-01 -2.328851059365272258e-01 6.686533665826321915e-02
7.043585419107675216e-01 -2.333715910905152513e-01 6.563752493086294493e-02
7.044284887388319039e-01 -2.315682729383259919e-01 6.544049600876267192e-02
7.048166326184451824e-01 -2.303979168478697548e-01 6.384253318466392990e-02
6.970498771943003380e-01 -2.214947866540699639e-01 9.492438698740013336e-02
6.970412501834124530e-01 -2.213964362539053154e-01 9.510696297572707181e-02
6.968391357046365142e-01 -2.211335208357572135e-01 9.590824067494874150e-02
6.965077572164714015e-01 -2.224119973079711210e-01 9.728213792032147644e-02
6.972014296939641476e-01 -2.199781103987991648e-01 9.409618450805989909e-02
6.964205942489684054e-01 -2.222624430053681266e-01 9.760497759477937407e-02
6.968257805481017364e-01 -2.210733780765979928e-01 9.594233097100102192e-02
6.963087094002604616e-01 -2.220271592178195696e-01 9.840486434080153444e-02
6.963377685140401674e-01 -2.239595163873135397e-01 9.804641072887609887e-02
6.969395922147124667e-01 -2.212446079006790689e-01 9.559403196432425531e-02
6.928057416362821685e-01 -2.112397122724055665e-01 1.255756343652278950e-01
6.965915237612366750e-01 -2.225083728347122536e-01 9.697305980661186098e-02
6.968396320558368773e-01 -2.210939294412582745e-01 9.600571130395985087e-02
6.969076690459876655e-01 -2.211490061741917812e-01 9.572606254003934723e-02
6.965040375674098616e-01 -2.223190818326919449e-01 9.757277040276535196e-02
6.968281535032838647e-01 -2.212038078125566076e-01 9.577879919002629805e-02
7.010719356397360214e-01 -2.295414726703613462e-01 6.530571626390813122e-02
6.902445190263361008e-01 -2.068092384999394295e-01 1.220284752521618721e-01
6.863396961579769640e-01 -2.089460093006938468e-01 1.251149588851572236e-01
6.903930965022235799e-01 -2.051077544850408718e-01 1.215987995376630604e-01
6.877228310869156758e-01 -2.003103409318848782e-01 1.195125515086032930e-01
6.879430102981954898e-01 -1.987386399472579335e-01 1.188036888814798520e-01
6.878368926513552806e-01 -2.004906669044196066e-01 1.189613390371770940e-01
6.879176813244700650e-01 -2.006793016852512768e-01 1.184554210581205691e-01
6.878187875393242390e-01 -2.005437612260356495e-01 1.190710164148636174e-01
6.944791269896805064e-01 -2.131387690623029463e-01 9.189312608201571919e-02
6.908713662305623338e-01 -2.021681148360743863e-01 1.198079871046342504e-01
6.948297160770297021e-01 -2.118693588388562143e-01 9.054604238683006123e-02
6.902614890777081236e-01 -2.066962651203870793e-01 1.223407596287713339e-01
7.001500968311458184e-01 -2.250049341057091534e-01 9.602971008399729946e-02
7.010740075742900590e-01 -2.256518971039950527e-01 1.329332661468625165e-01
6.985910271738111632e-01 -2.295361156699358696e-01 1.673056685153542222e-01
7.046401001036346479e-01 -2.483449023176729220e-01 1.452383559561192250e-01
7.035460458487182711e-01 -2.556291377575993229e-01 1.492187093486205818e-01
7.100051525615900250e-01 -2.704136970223038894e-01 1.246651246341348163e-01
6.985158498067647326e-01 -2.490900629124492283e-01 1.807699930530577426e-01
6.985589038824706609e-01 -2.491820694651603607e-01 1.804979503076744596e-01
7.040107939456254904e-01 -2.528468105898499241e-01 1.474019028757052041e-01
7.048798526017308053e-01 -2.488402951806038543e-01 1.438441562213912395e-01
6.989790363752276248e-01 -2.245772646267860662e-01 1.662718193832188884e-01
7.014436691895484799e-01 -2.225020018448531367e-01 1.314666161704092229e-01
7.079220607161522683e-01 -2.300211990178823163e-01 6.552969504004724222e-02
6.954253571128219402e-01 -2.070840765515789550e-01 8.851051730573389342e-02
6.886771711991905853e-01 -1.890530057678073694e-01 1.159748723362044043e-01
6.824081585733443589e-01 -1.757117368450536732e-01 1.407164163795684431e-01
6.865043153059363634e-01 -1.814439636756181307e-01 1.112699807962476140e-01
6.805070865148842296e-01 -1.702257737602815013e-01 1.355274880542347571e-01
6.804661705431311880e-01 -1.702823526074811467e-01 1.352733848816090045e-01
6.800899231259316391e-01 -1.714854811340719432e-01 1.367974924372403756e-01
6.803464110594391601e-01 -1.701681095531359100e-01 1.357223076524638472e-01
6.794926611780642833e-01 -1.758120216175317330e-01 1.395381607442498506e-01
6.795761195382327147e-01 -1.759732932462021171e-01 1.391492039935042779e-01
6.792941983332454470e-01 -1.772576155240684626e-01 1.402891317720547093e-01
6.791986465336292689e-01 -1.771735218888968177e-01 1.406982121893345372e-01
6.789098556867331213e-01 -1.784239072189927056e-01 1.421949901349945922e-01
6.858305355073153198e-01 -1.860900233044251173e-01 1.134410943378456604e-01
6.850481575656801603e-01 -1.883911726617812921e-01 1.168928105862929723e-01
6.851245370953530367e-01 -1.903015693461447555e-01 1.163185469838290409e-01
6.850815838392764201e-01 -1.883910753633230850e-01 1.168522083172529591e-01
6.786031757904171791e-01 -1.815277299864515581e-01 1.430408065642274629e-01
6.786042221222609028e-01 -1.833351140740439589e-01 1.428396626716426088e-01
6.851639519819974211e-01 -1.904136809496879135e-01 1.160917047228695598e-01
6.851777286667078970e-01 -1.922972291090189745e-01 1.157331091229454323e-01
6.786107034941821770e-01 -1.815636412850469283e-01 1.429456876061050430e-01
6.850672635340958605e-01 -1.902297272445783172e-01 1.165672482655935038e-01
6.785827258654981708e-01 -1.815427260263934306e-01 1.431502974593736877e-01
6.785522556680441131e-01 -1.796847200566455416e-01 1.436128460850127908e-01
6.851082172473311749e-01 -1.921637719133346689e-01 1.161009639420644834e-01
6.786226216920137055e-01 -1.816196226218267928e-01 1.429615965877477635e-01
6.850619962133407403e-01 -1.902786744915693773e-01 1.165330620076254764e-01
6.786115227233141534e-01 -1.835017502310574145e-01 1.425649094614460655e-01
6.785981232833385723e-01 -1.797680456680431638e-01 1.432354624775611374e-01
6.786385541614859962e-01 -1.816607480856403667e-01 1.426851269298334834e-01
6.850773783339798584e-01 -1.921554601327404299e-01 1.161673287229902929e-01
6.850933572387010173e-01 -1.903243414604514627e-01 1.163597313669233468e-01
6.851460077867717047e-01 -1.904846133133694108e-01 1.159784811152153594e-01
6.851206458050578263e-01 -1.904035053175687775e-01 1.162351008401081298e-01
6.786328430208206086e-01 -1.834622695841490736e-01 1.424862139989881982e-01
6.786765343333095446e-01 -1.817130740124806298e-01 1.424891566223107642e-01
6.785485661670953572e-01 -1.815801499147936537e-01 1.430277330067715180e-01
6.785727215390175981e-01 -1.815494282626211597e-01 1.429591926572040261e-01
6.789752739286512018e-01 -1.805690595363527440e-01 1.410658847411183636e-01
6.789835572888404114e-01 -1.787185090375244256e-01 1.414370269092901644e-01
