4.380009809136392596e-01 4.990509331226349876e-01 3.352791523933410511e-01
4.380009809136392596e-01 4.990509331226349876e-01 3.352791523933410511e-01
4.380009809136392596e-01 4.990509331226349876e-01 3.352791523933410511e-01
4.380009809136392596e-01 4.990509331226349876e-01 3.352791523933410511e-01
4.380009809136392596e-01 4.990509331226349876e-01 3.352791523933410511e-01
4.380009809136392596e-01 4.990509331226349876e-01 3.352791523933410511e-01
4.380009809136392596e-01 4.990509331226349876e-01 3.352791523933410511e-01
4.380009809136391485e-01 4.990509331226349876e-01 3.352791523933410511e-01
4.380009809136392596e-01 4.990509331226349876e-01 3.352791523933410511e-01
4.380009809136392596e-01 4.990509331226349876e-01 3.352791523933410511e-01
4.380009809136392596e-01 4.990509331226349876e-01 3.352791523933410511e-01
4.380011150240900042e-01 4.990509629249573753e-01 3.352791523933410511e-01
4.380011150240900042e-01 4.990509629249573753e-01 3.352791523933410511e-01
4.380009809136391485e-01 4.990509331226349876e-01 3.352791523933410511e-01
4.380011150240900042e-01 4.990509629249573753e-01 3.352791523933410511e-01
4.380011150240900042e-01 4.990509629249573753e-01 3.352791523933410511e-01
4.380011150240900042e-01 4.990509629249573753e-01 3.352791523933410511e-01
4.380009809136392596e-01 4.990509331226349876e-01 3.352791523933410511e-01
4.380009809136392596e-01 4.990509331226349876e-01 3.352791523933410511e-01
4.380011150240900042e-01 4.990509629249573753e-01 3.352791523933410511e-01
4.380009809136392596e-01 4.990509331226349876e-01 3.352791523933410511e-01
4.380009809136392596e-01 4.990509331226349876e-01 3.352791523933410511e-01
4.380011150240900042e-01 4.990509629249573753e-01 3.352791523933410511e-01
4.380011150240900042e-01 4.990509629249573753e-01 3.352791523933410511e-01
4.380011150240900042e-01 4.990509629249573753e-01 3.352791523933410511e-01
4.380011150240900042e-01 4.990509629249573753e-01 3.352791523933410511e-01
4.380009809136392596e-01 4.990509331226349876e-01 3.352791523933410511e-01
4.380011150240900042e-01 4.990509629249573753e-01 3.352791523933410511e-01
4.380009809136392596e-01 4.990509331226349876e-01 3.352791523933410511e-01
4.380009809136392596e-01 4.990509331226349876e-01 3.352791523933410511e-01
4.380009809136392596e-01 4.990509331226349876e-01 3.352791523933410511e-01
4.380009809136392596e-01 4.990509331226350986e-01 3.352791523933410511e-01
4.380011150240900042e-01 4.990509629249573753e-01 3.352791523933410511e-01
4.380011150240900042e-01 4.990509629249573753e-01 3.352791523933410511e-01
4.380011150240900042e-01 4.990509629249573753e-01 3.352791523933410511e-01
4.380009809136392596e-01 4.990509331226349876e-01 3.352791523933410511e-01
4.380009809136392596e-01 4.990509331226349876e-01 3.352791523933410511e-01
4.380011150240900042e-01 4.990509629249573753e-01 3.352791523933410511e-01
4.380009809136392596e-01 4.990509331226349876e-01 3.352791523933410511e-01
4.380011150240900042e-01 4.990509629249573753e-01 3.352791523933410511e-01
4.380011150240900042e-01 4.990509629249573753e-01 3.352791523933410511e-01
4.380011150240900042e-01 4.990509629249573753e-01 3.352791523933410511e-01
4.380011150240900042e-01 4.990509629249573753e-01 3.352791523933410511e-01
4.380011150240900042e-01 4.990509629249573753e-01 3.352791523933410511e-01
4.380011150240900042e-01 4.990509629249573753e-01 3.352791523933410511e-01
4.380009809136392596e-01 4.990509331226349876e-01 3.352791523933410511e-01
4.380009809136392596e-01 4.990509331226349876e-01 3.352791523933410511e-01
4.399238565564156378e-01 4.826702356338501976e-01 3.324753797054290638e-01
4.404436537623407366e-01 4.697488725185395286e-01 3.296502834558486805e-01
4.390079790353776934e-01 4.351539790630341575e-01 3.207242867350578175e-01
4.338914194703104021e-01 3.957853496074677513e-01 3.063554844260215626e-01
4.250763767957689288e-01 3.639683604240418480e-01 2.868173873424529896e-01
4.200402611494066241e-01 3.526476502418519066e-01 2.757725796103477345e-01
4.107875862717630944e-01 3.354186892509461448e-01 2.553703269362449513e-01
4.061475360393526635e-01 3.307558774948121116e-01 2.460203474760055409e-01
3.975488582253459136e-01 3.271541178226471391e-01 2.289137622714042530e-01
3.906289452314379296e-01 3.272155404090881792e-01 2.143028309941291398e-01
3.826149554550650200e-01 3.332674384117126909e-01 1.957087075710296498e-01
3.801371829211714348e-01 3.342157781124115434e-01 1.902630111575126515e-01
3.763879278302194598e-01 3.391313433647156206e-01 1.811042284965515003e-01
3.743153253197671892e-01 3.411230921745299627e-01 1.768699219822883473e-01
3.658732531219723305e-01 3.499008595943451372e-01 1.704359433054923878e-01
3.550926653295757851e-01 3.560456812381744829e-01 1.686466565728187428e-01
3.491624250635506632e-01 3.591210126876831499e-01 1.681527501344680653e-01
3.360569832473995211e-01 3.661618113517761675e-01 1.673977530002593861e-01
3.209559974819423678e-01 3.744349062442779985e-01 1.677937960624694691e-01
3.130669036507608416e-01 3.788146257400513139e-01 1.683031922578811512e-01
2.978941948711874010e-01 3.877504050731659380e-01 1.697725659608840809e-01
2.835408376157285693e-01 3.976244509220123735e-01 1.716548359394073353e-01
2.768465468287469866e-01 4.023970544338226207e-01 1.728625117242336140e-01
2.641003468632699969e-01 4.117526888847350963e-01 1.755770748853683338e-01
2.577324101328851702e-01 4.165096163749694713e-01 1.769409930706024037e-01
2.514661440253259661e-01 4.213999390602111705e-01 1.782776160538196430e-01
2.460131758451463702e-01 4.377306878566741832e-01 1.801747462153434620e-01
2.570983508229257586e-01 4.480982601642608532e-01 1.769370703399181233e-01
2.656570339202882769e-01 4.480351686477661022e-01 1.741200840473174916e-01
2.751479783654214861e-01 4.443329453468322643e-01 1.705438500642776356e-01
2.937186957895758233e-01 4.268645226955414262e-01 1.625325685739517079e-01
3.070550748705865862e-01 4.154710054397583452e-01 1.598378276824951039e-01
3.329096880368890843e-01 3.797379314899445024e-01 1.557150489091873036e-01
3.412105421628804924e-01 3.685309767723083940e-01 1.552060699462890492e-01
3.593534884601833901e-01 3.459340810775757280e-01 1.546661412715911732e-01
3.690516577661039910e-01 3.345672070980072466e-01 1.546471422910690174e-01
3.888667115569117150e-01 3.129225552082062212e-01 1.553173518180847035e-01
3.997201287746431908e-01 3.024023056030273882e-01 1.561177378892898426e-01
4.100979381799700341e-01 2.914410710334778276e-01 1.567224121093749867e-01
4.181764835119249901e-01 2.620695710182190385e-01 1.561870878934860096e-01
4.183643499016764800e-01 2.382115602493286577e-01 1.552438741922378407e-01
4.177021124958995024e-01 2.286340475082397905e-01 1.545356070995330677e-01
4.145663046836855492e-01 2.150692224502563921e-01 1.538025444746017323e-01
4.141159766912463347e-01 2.090193510055542436e-01 1.523837825655937062e-01
4.138661438226702849e-01 2.043326377868652788e-01 1.511589443683624134e-01
4.108288848400118987e-01 1.994517326354980913e-01 1.487049019336700306e-01
4.033086934685709557e-01 1.946561813354492632e-01 1.440452343225478993e-01
4.008558990061286686e-01 1.947113156318666105e-01 1.428427702188491966e-01
3.960576245188716649e-01 1.941100239753723589e-01 1.398342406749725209e-01
3.929189072549346129e-01 1.954696655273436834e-01 1.381210690736770219e-01
3.914384284615519127e-01 1.953651189804077593e-01 1.370368158817291127e-01
3.883550019562247435e-01 1.970783352851868120e-01 1.343255496025085316e-01
3.879724705219271819e-01 1.967071175575256792e-01 1.334725773334503041e-01
3.877166734635832945e-01 1.956682085990906206e-01 1.330166465044021473e-01
3.874844761192801079e-01 1.954741358757019487e-01 1.307424908876418934e-01
3.871275933086875121e-01 1.956523537635803667e-01 1.298063999414443836e-01
3.860999682545664946e-01 1.970751166343689409e-01 1.284637457132339344e-01
3.852205389738085906e-01 1.972200155258180265e-01 1.271388983726501609e-01
3.848864325881007353e-01 1.975847363471985307e-01 1.268200135231017933e-01
3.838626036047938506e-01 1.989828824996948686e-01 1.254048651456832753e-01
3.834368588030341307e-01 1.999140262603760210e-01 1.243476501107215748e-01
3.831993231177333037e-01 2.004243016242981401e-01 1.239191672205924855e-01
3.824084737896922270e-01 2.013506770133972612e-01 1.231074637174606190e-01
3.821147756278517882e-01 2.017431139945985441e-01 1.225932320952415333e-01
3.816751764714720885e-01 2.023172855377197710e-01 1.220996236801147328e-01
3.810067699849608580e-01 2.030143022537231889e-01 1.218074864149093495e-01
3.799370416998865685e-01 2.040943980216980425e-01 1.217174834012985096e-01
3.791016975045207182e-01 2.043878912925720659e-01 1.221236592531204090e-01
3.788177409768107573e-01 2.040982723236084428e-01 1.224476402997970448e-01
3.777097465097906670e-01 2.041923284530640093e-01 1.229492953419685231e-01
3.770205901563170592e-01 2.039806127548218218e-01 1.233873820304870472e-01
3.760973663628104369e-01 2.029489159584045854e-01 1.241602754592895375e-01
3.751338237524035613e-01 2.029209613800049272e-01 1.242682492733001576e-01
3.746892364323142210e-01 2.027029871940613237e-01 1.244366547465324269e-01
3.739355431497100035e-01 2.025356173515320268e-01 1.246564543247222767e-01
3.729469926655295531e-01 2.019105434417725053e-01 1.249530023336410389e-01
3.725302407145503203e-01 2.016332030296326128e-01 1.251107534766197071e-01
3.716528044641020379e-01 2.019297361373901811e-01 1.250943323969840593e-01
3.705932499468329588e-01 2.022029638290405718e-01 1.249472281336784230e-01
3.699913845956328551e-01 2.023106694221497026e-01 1.249917975068092213e-01
3.696434666961434523e-01 2.021811485290527788e-01 1.251820927858352528e-01
3.695077655464413802e-01 2.023864865303039995e-01 1.250783807039260731e-01
3.688529843091967741e-01 2.031445980072021928e-01 1.249943232536315785e-01
3.683558499068024794e-01 2.029695391654968706e-01 1.253164863586425648e-01
3.676470202952626387e-01 2.036062359809877043e-01 1.254316052794456349e-01
3.674461098015311400e-01 2.039350152015686479e-01 1.255480355024337635e-01
3.672490195930007140e-01 2.041674733161926714e-01 1.256564116477966175e-01
3.668153604120019118e-01 2.043252468109131303e-01 1.259527957439422474e-01
3.662990854680541752e-01 2.043961167335510698e-01 1.263481384515762196e-01
3.656460420787337462e-01 2.051775336265564409e-01 1.261674022674560414e-01
3.653457427024844328e-01 2.052977561950684038e-01 1.260658359527587757e-01
3.643830978870394866e-01 2.062771797180176225e-01 1.262692964076995716e-01
3.640308996289971510e-01 2.065409302711487260e-01 1.265043473243713246e-01
3.634379973262551466e-01 2.080353975296020952e-01 1.264366513490676747e-01
3.630837929993870894e-01 2.080367684364319292e-01 1.269141367077827320e-01
3.628496734052899519e-01 2.085260629653931108e-01 1.269469416141509877e-01
3.626094201207163970e-01 2.093171358108520952e-01 1.272528028488159046e-01
3.624013477563861052e-01 2.100695848464966264e-01 1.277655890583991871e-01
3.621868082880976836e-01 2.101253151893616167e-01 1.284749066829681263e-01
3.621176482737067381e-01 2.101753830909729448e-01 1.286608433723449574e-01
3.619779573380950133e-01 2.113360643386841264e-01 1.289200341701507435e-01
3.619697635620835463e-01 2.112850427627563921e-01 1.291923901438712941e-01
3.620347978174689452e-01 2.113470315933227983e-01 1.294877013564109669e-01
3.621382975578311125e-01 2.120050668716431108e-01 1.294168165326118336e-01
3.622238339483740965e-01 2.121317267417908159e-01 1.294991528987884388e-01
3.622824197262528578e-01 2.125907421112060991e-01 1.297140276432037220e-01
3.622893673926594893e-01 2.124432802200317827e-01 1.299983417987823353e-01
3.623882682621482054e-01 2.128122329711914507e-01 1.302061384916305409e-01
3.624823951721193871e-01 2.126140475273132768e-01 1.303966423869132862e-01
3.626719677448275725e-01 2.128204584121704546e-01 1.306213146448135243e-01
3.626834509521725813e-01 2.131516218185425249e-01 1.306383615732192860e-01
3.627045286446812788e-01 2.131829738616943803e-01 1.307089185714721546e-01
3.627937735617163817e-01 2.130505323410034624e-01 1.310120603442191944e-01
3.627773990482094923e-01 2.131122231483459917e-01 1.314061290025710926e-01
3.627744728326800505e-01 2.128029942512512651e-01 1.320146998763084278e-01
3.627646045386794249e-01 2.127602577209473100e-01 1.322651883959770069e-01
3.627490011602643727e-01 2.126645326614380327e-01 1.328544920682906971e-01
3.627290093898776213e-01 2.128164649009705034e-01 1.329648947715759144e-01
3.626868316531184355e-01 2.133177995681763139e-01 1.330901837348937855e-01
3.626497892290356795e-01 2.137516021728516069e-01 1.330768322944640980e-01
3.626108096539977232e-01 2.141850471496582475e-01 1.330916514992713795e-01
3.625836411118510405e-01 2.145692586898804155e-01 1.331012552976608143e-01
3.625316341966393630e-01 2.152391552925110307e-01 1.329904204607009754e-01
3.624648658186200301e-01 2.160369634628296343e-01 1.328470042347907887e-01
3.630750869959595839e-01 2.142851829528809038e-01 1.336230567097663746e-01
3.635610436648133437e-01 2.136388897895813432e-01 1.338006636500358448e-01
3.642836643010381459e-01 2.132407903671265093e-01 1.340044519305229054e-01
3.649146763235333601e-01 2.129824638366699663e-01 1.341450220346450672e-01
3.651913368701937834e-01 2.130880832672119585e-01 1.341291821002960072e-01
3.660088536888363997e-01 2.124372601509094682e-01 1.343153572082519398e-01
3.662265913188460509e-01 2.120497703552246538e-01 1.344264975190162525e-01
3.669325226545336882e-01 2.107543826103210893e-01 1.348245745897292958e-01
3.673435916751626729e-01 2.102846384048462358e-01 1.348974114656448509e-01
3.682080154865983168e-01 2.096308350563049760e-01 1.350895470380782948e-01
3.686734756082299391e-01 2.090763926506042925e-01 1.352678990364074574e-01
3.695281838625672499e-01 2.082561135292053667e-01 1.356331264972686634e-01
3.705665452033284346e-01 2.075905084609985796e-01 1.358910655975341664e-01
3.709619195759298882e-01 2.071699380874634233e-01 1.360294675827026234e-01
3.711876814812424819e-01 2.069839715957642046e-01 1.360497927665710038e-01
3.716935889422897099e-01 2.061329364776611772e-01 1.363921245932578907e-01
3.718574160337451140e-01 2.058822393417358843e-01 1.365103578567504750e-01
3.722702117264273802e-01 2.052966833114624468e-01 1.366901999711990223e-01
3.725532071292403380e-01 2.046465754508972612e-01 1.370208194851875172e-01
3.726983556151393095e-01 2.040308594703674760e-01 1.372233188152313099e-01
3.728523516654971282e-01 2.032904505729675737e-01 1.374596959352493153e-01
3.731418700516226927e-01 2.022256731986999956e-01 1.379180929064750538e-01
3.732012809813025633e-01 2.014030694961548296e-01 1.383351838588714466e-01
3.731382974982264678e-01 2.011748433113098589e-01 1.384805521368980274e-01
3.732181267440322636e-01 1.999098539352418546e-01 1.390076211094856129e-01
3.732206897437575499e-01 1.988404273986816850e-01 1.395294299721717701e-01
3.732194827497008482e-01 1.985263705253601518e-01 1.396654254198074208e-01
3.732350917160514037e-01 1.973396420478821245e-01 1.400462692975997792e-01
3.731972576677802245e-01 1.974647521972656694e-01 1.399512892961501942e-01
3.731853255629542510e-01 1.969615101814270464e-01 1.401121026277541981e-01
3.731882573664190850e-01 1.962875008583069292e-01 1.403813666105269975e-01
3.731895090639594237e-01 1.960936665534973589e-01 1.404706394672393666e-01
3.732141555845740477e-01 1.952319025993347612e-01 1.405723994970321522e-01
3.732002677023413817e-01 1.953573107719421831e-01 1.402277356386184559e-01
3.731758372485641240e-01 1.954188227653503862e-01 1.396160578727722035e-01
3.731640951335433165e-01 1.953710198402405229e-01 1.393827056884765492e-01
3.731180952489379088e-01 1.956652879714966264e-01 1.386960303783416615e-01
3.731081673502925078e-01 1.955374360084534135e-01 1.384801423549651966e-01
3.731055819988253752e-01 1.953692317008972612e-01 1.383684059977531300e-01
3.731139788031581084e-01 1.948355913162231889e-01 1.384187421202659474e-01
3.731186242401602904e-01 1.942814469337463823e-01 1.381874462962150441e-01
3.731019908189776579e-01 1.942730426788331632e-01 1.379598534107208396e-01
3.732791768014434020e-01 1.932192921638489214e-01 1.380973911285400257e-01
3.732805328071120421e-01 1.930203914642334428e-01 1.380847996473312245e-01
3.733177894353869597e-01 1.915856480598450151e-01 1.382892137765884266e-01
3.733329625427725951e-01 1.910371065139770952e-01 1.382367020845413075e-01
3.733647765219214598e-01 1.903499841690063921e-01 1.384827649593353138e-01
3.734157422184947173e-01 1.893554210662842241e-01 1.387125259637832508e-01
3.735597880184653441e-01 1.885390758514404741e-01 1.388176983594894276e-01
3.736389355361464659e-01 1.878393173217773882e-01 1.390155634284019337e-01
3.737058119475844542e-01 1.874015808105469194e-01 1.390266796946525441e-01
3.738243022561076323e-01 1.869520425796509233e-01 1.390879011154174671e-01
3.738085629045966307e-01 1.859505653381348100e-01 1.392668268084525651e-01
3.739004136621955077e-01 1.850471377372742143e-01 1.395482575893401966e-01
3.739920148253443877e-01 1.845145106315613237e-01 1.397022163867950306e-01
3.741150090098384062e-01 1.839421272277832475e-01 1.398735946416854725e-01
3.742069528996947447e-01 1.830086588859558550e-01 1.402541702985763417e-01
3.742408716678622405e-01 1.829781413078308550e-01 1.402723050117492543e-01
3.743778766691687743e-01 1.828548789024353471e-01 1.403846299648284779e-01
3.744085842370989403e-01 1.825113773345947710e-01 1.405158793926238880e-01
3.744549193978312651e-01 1.824706673622131792e-01 1.405548459291457997e-01
3.746691384911540190e-01 1.820624947547913042e-01 1.409141501784324513e-01
3.746852578222754637e-01 1.819223642349243608e-01 1.410190767049789295e-01
3.748498858511450926e-01 1.810598850250244585e-01 1.415941870212554798e-01
3.748600074648860692e-01 1.809970021247864214e-01 1.417624807357787953e-01
3.750280553102496306e-01 1.806114196777343084e-01 1.422275757789611683e-01
3.750825004279616515e-01 1.803615570068359819e-01 1.424189215898513661e-01
3.750782796740534941e-01 1.803435564041138139e-01 1.425145125389098710e-01
3.751712442934516112e-01 1.801962137222290483e-01 1.428571647405624256e-01
3.751448133587840239e-01 1.805966973304748979e-01 1.427952206134796009e-01
3.751385362446310601e-01 1.805522322654724565e-01 1.430303311347961293e-01
3.751249054074290434e-01 1.807770609855652300e-01 1.430012589693069325e-01
3.751116955280306975e-01 1.809885978698730913e-01 1.430164581537246571e-01
3.751075530052188078e-01 1.810402154922485796e-01 1.432275331020355091e-01
3.751028777658942381e-01 1.811146020889282671e-01 1.433087667822837974e-01
3.751055189967158476e-01 1.811631798744202104e-01 1.434711074829101429e-01
3.751078808307651280e-01 1.812854886054993120e-01 1.435780084133148060e-01
3.751414829492571990e-01 1.811908364295959917e-01 1.438359624147415028e-01
3.752066271007064024e-01 1.809918761253357378e-01 1.440278670191764698e-01
3.751971462368968169e-01 1.811819553375244585e-01 1.440360254049301014e-01
3.752133363485339324e-01 1.809611797332764116e-01 1.441501384973525868e-01
3.753024266660216490e-01 1.804486393928528276e-01 1.443750864267349110e-01
3.753159345686438719e-01 1.801817297935486284e-01 1.445641523599624501e-01
3.753018678724768797e-01 1.804587125778198686e-01 1.445080196857452259e-01
3.753123433887961546e-01 1.803894519805908647e-01 1.445994606614112721e-01
3.753225171566012541e-01 1.802899718284607378e-01 1.446344038844108448e-01
3.754474149644377867e-01 1.797306418418884721e-01 1.449223539233207569e-01
3.754868061840537230e-01 1.794419169425964800e-01 1.449914133548736439e-01
3.755219095945361296e-01 1.792464137077331987e-01 1.450810140371322499e-01
3.756107912957671324e-01 1.786429762840271440e-01 1.452536290884017811e-01
3.757212461531165282e-01 1.783375024795532671e-01 1.453139862418174610e-01
3.757989966869357268e-01 1.780680894851685014e-01 1.454128628969192372e-01
3.758590409159663359e-01 1.777573108673096147e-01 1.455060994625091420e-01
3.760263027250769774e-01 1.774768114089966264e-01 1.455382710695266590e-01
3.761908152699473540e-01 1.766996860504150835e-01 1.457926040887832508e-01
3.762254828214648406e-01 1.758109807968140093e-01 1.460830873250961170e-01
3.762655185163024107e-01 1.752020001411438432e-01 1.463262593746185170e-01
3.763280028104785124e-01 1.743007779121399370e-01 1.466225242614745961e-01
3.763644696772101561e-01 1.736409544944763628e-01 1.468449166417121754e-01
3.764738740026953856e-01 1.716859817504883257e-01 1.470755195617675648e-01
3.767344208061698119e-01 1.638136982917786089e-01 1.437497591972350941e-01
3.768857048451903502e-01 1.602769970893860307e-01 1.373012965917587147e-01
3.768645079433921019e-01 1.598617315292358843e-01 1.329743868112563954e-01
3.767702730000022093e-01 1.593472838401794878e-01 1.281011706590652333e-01
3.767378592491153477e-01 1.601273894309998003e-01 1.185467323660850669e-01
3.767350056767466704e-01 1.607831001281738725e-01 1.145797973871230946e-01
3.766948768496516387e-01 1.631686568260193315e-01 1.036309456825256214e-01
3.766300679743293522e-01 1.645909428596498136e-01 1.000231063365936146e-01
3.764556200802329222e-01 1.675384521484375444e-01 9.237864673137663463e-02
3.763498032093051116e-01 1.700050711631775346e-01 8.751057147979734996e-02
3.762957753241065184e-01 1.709506392478943315e-01 8.516006231307982066e-02
3.761621193587782463e-01 1.725610971450806108e-01 8.105419635772703746e-02
3.761271388828757445e-01 1.734284639358520952e-01 7.944469213485716441e-02
3.760189154744151274e-01 1.760677576065063921e-01 7.453574299812315562e-02
3.759605029225352446e-01 1.773965239524841753e-01 7.227762103080748179e-02
3.759447225928309599e-01 1.778963088989258257e-01 7.129828691482542613e-02
3.759217114746573607e-01 1.785756826400757280e-01 6.994389057159422496e-02
3.759107367694380919e-01 1.790100812911987749e-01 6.914417505264280894e-02
3.758743369579317650e-01 1.799886703491211382e-01 6.761714875698088267e-02
3.758645915985110442e-01 1.803255558013916460e-01 6.705047249794005015e-02
3.758530282974246184e-01 1.807156682014465776e-01 6.625515282154081920e-02
3.758432866632941405e-01 1.815662264823914018e-01 6.446816086769102672e-02
3.758394756913188139e-01 1.817778825759888139e-01 6.384860038757322886e-02
3.758282960951331297e-01 1.821365237236023393e-01 6.308299362659453013e-02
3.758156636357310454e-01 1.826041221618652788e-01 6.237800478935240367e-02
3.757919707894328276e-01 1.834515810012817827e-01 6.081847906112669566e-02
3.757746854424479643e-01 1.839613795280456987e-01 5.942787289619444469e-02
3.757594117522242705e-01 1.843716382980347124e-01 5.856289029121397594e-02
3.757102639973166625e-01 1.855142593383789507e-01 5.608935713768004039e-02
3.757169732451441924e-01 1.855056166648865190e-01 5.517330825328825572e-02
3.757222072780135314e-01 1.854322433471680132e-01 5.466461241245268443e-02
3.757233919203284422e-01 1.856111168861389604e-01 5.391086697578428844e-02
3.757513055205348174e-01 1.853925466537476030e-01 5.325235486030577281e-02
3.757933826744559447e-01 1.852409124374390093e-01 5.260746240615843394e-02
3.758257815241816679e-01 1.851866126060486284e-01 5.211445748805998424e-02
3.758337685465815703e-01 1.851372599601746050e-01 5.203293323516844371e-02
3.758592271804813145e-01 1.849213719367981401e-01 5.171741604804991344e-02
3.758729138970378636e-01 1.847216367721558061e-01 5.157910346984861949e-02
3.758869619667533080e-01 1.845862746238708940e-01 5.131746888160704234e-02
3.759065756201746544e-01 1.843265771865845171e-01 5.116631150245665172e-02
3.759306298196319340e-01 1.839999437332153764e-01 5.104976952075956920e-02
3.759709933400157689e-01 1.833062052726746050e-01 5.119894504547117808e-02
3.759844341874125639e-01 1.830891847610474077e-01 5.126731157302855113e-02
3.760129885375502745e-01 1.826271891593933550e-01 5.137158989906309703e-02
3.760257364809516112e-01 1.825159072875977007e-01 5.128310680389402965e-02
3.760247343778613249e-01 1.826925754547119585e-01 5.120633602142332652e-02
3.760224321484568755e-01 1.828007578849792925e-01 5.116908311843870738e-02
3.760059440135958830e-01 1.832092285156250444e-01 5.102472066879271129e-02
3.759740294516089598e-01 1.839171528816223589e-01 5.079414010047911265e-02
3.759691083431246916e-01 1.840257525444031206e-01 5.079968333244322398e-02
3.759688214957717101e-01 1.840386271476746050e-01 5.081428647041319469e-02
3.727116921544078032e-01 1.871374726295471635e-01 5.362138211727141002e-02
3.646760919690135161e-01 1.928130865097046343e-01 6.611277222633360484e-02
3.576804680377247969e-01 1.958739042282104936e-01 7.597851812839506724e-02
3.351117434538903317e-01 2.057474732398987260e-01 9.968355357646938031e-02
3.176701368391516289e-01 2.144465327262878862e-01 1.109965747594833241e-01
2.699952909350398222e-01 2.354881644248962846e-01 1.325733965635299549e-01
2.066033446788790584e-01 2.600809216499327947e-01 1.518662503361701832e-01
1.707771086692812523e-01 2.747323393821715642e-01 1.602866953611373768e-01
1.342376136779787621e-01 2.910270571708678533e-01 1.680804646015167103e-01
6.757396101951623768e-02 3.246046185493468572e-01 1.817267543077468739e-01
8.125361204147585337e-03 3.584039092063902587e-01 1.937105289101600514e-01
-3.938407063484172799e-02 3.893345773220061035e-01 2.031326970458030567e-01
-7.738560795783983037e-02 4.179546713829039306e-01 2.101479178667068348e-01
-9.239164352416973092e-02 4.299874484539030761e-01 2.130369848012924061e-01
-1.033647990226743696e-01 4.397762596607206476e-01 2.151526144146919117e-01
-1.209763026237485883e-01 4.566486954689024103e-01 2.179860404133796836e-01
-1.322861647605894087e-01 4.697136461734769952e-01 2.197469031810760365e-01
-1.394791042804716108e-01 4.793501675128934991e-01 2.211267283558845387e-01
-1.441753840446470258e-01 4.850715279579160821e-01 2.226772835850715504e-01
-1.453887557983396528e-01 4.870714426040647638e-01 2.233889481425285206e-01
-1.487873232364653187e-01 4.912620663642881524e-01 2.248725301027297840e-01
-1.493134832382200794e-01 4.921272277832029474e-01 2.252977868914604054e-01
-1.507521009445189075e-01 4.939814686775205743e-01 2.263054406642913685e-01
-1.516961193084715442e-01 4.954625546932218683e-01 2.269312968850135670e-01
-1.519956624507902698e-01 4.958628594875333917e-01 2.274583882093429432e-01
-1.525096035003660755e-01 4.957661807537077081e-01 2.277882477641105241e-01
-1.522524988651274280e-01 4.956522464752195489e-01 2.278763881325721607e-01
-1.521365380287169056e-01 4.954332888126371515e-01 2.279360747337341175e-01
-1.516332662105558948e-01 4.950056254863737237e-01 2.279417371749877796e-01
-1.515951490402220325e-01 4.949770152568815362e-01 2.279963052272796498e-01
-1.514370477199553089e-01 4.942557990550993097e-01 2.281420609354972706e-01
-1.511524951457976496e-01 4.935135424137113702e-01 2.282548478245734758e-01
-1.509413456916807728e-01 4.929112374782560480e-01 2.283185279369354115e-01
-1.507776713371275501e-01 4.925685405731199396e-01 2.283308809995651112e-01
-1.508170402050016956e-01 4.922739744186399591e-01 2.283989718556403981e-01
-1.509617900848387317e-01 4.923238933086393487e-01 2.284314936399459706e-01
-1.517865097522734241e-01 4.920555531978604291e-01 2.290010905265807695e-01
-1.522178089618681507e-01 4.914635002613065851e-01 2.296209564805030690e-01
-1.528769171237944757e-01 4.914720535278318536e-01 2.300661361217498646e-01
-1.533984279632567005e-01 4.913529038429258478e-01 2.305878555774688587e-01
-1.538264489173887806e-01 4.907801926136015069e-01 2.315288415551185475e-01
-1.541883087158201771e-01 4.901724040508268487e-01 2.324275156855583058e-01
-1.541642582416533069e-01 4.897185146808622491e-01 2.327242201566696034e-01
-1.543761229515074329e-01 4.896816790103910577e-01 2.330407208204269276e-01
-1.547038888931273060e-01 4.896801590919492853e-01 2.334795749187469349e-01
-1.547247803211210249e-01 4.893782913684843194e-01 2.337898841500282154e-01
-1.547569966316221790e-01 4.888218820095060480e-01 2.343528351187705860e-01
-1.549179291725157337e-01 4.887245476245878351e-01 2.346684491634368763e-01
-1.551431751251219349e-01 4.885122060775755060e-01 2.352046898007392750e-01
-1.551460361480711536e-01 4.883582174777982843e-01 2.353606006503105030e-01
-1.556472814083098011e-01 4.886371076107023370e-01 2.358671358227729664e-01
-1.558194792270659046e-01 4.888816058635709894e-01 2.358888393640518055e-01
-1.561683154106138782e-01 4.893917322158811700e-01 2.360321587324142323e-01
-1.562295293807982044e-01 4.894803643226621759e-01 2.360468661785125322e-01
-1.564421093463896351e-01 4.898415982723234308e-01 2.360486692190170155e-01
-1.565469837188719349e-01 4.900300383567808282e-01 2.360487437248229847e-01
-1.565373873710630970e-01 4.900974512100217950e-01 2.360376051068305836e-01
-1.567501759529111860e-01 4.905059814453123224e-01 2.360329708456992970e-01
-1.567568218708036976e-01 4.905596256256101739e-01 2.360270327329635487e-01
-1.576475834846495228e-01 4.932334005832670343e-01 2.358298233151435719e-01
-1.576454079151152210e-01 4.932997107505796563e-01 2.358143857121467457e-01
-1.559277212619780140e-01 4.929189264774320733e-01 2.358790045976638661e-01
-1.357782220840452747e-01 5.018174231052396905e-01 2.429000368714332447e-01
-1.134322321414946155e-01 5.114518284797666681e-01 2.593794769048690663e-01
-9.452289700508104131e-02 5.164385318756101739e-01 2.826952046155929432e-01
-8.761436104774461553e-02 5.163162827491758478e-01 2.951349920034408436e-01
-7.816425323486314580e-02 5.160969376564024103e-01 3.187466716766357289e-01
-7.316211223602281377e-02 5.137906551361082208e-01 3.396964675188064442e-01
-7.201722621917705514e-02 5.113339602947233331e-01 3.484859323501586781e-01
-7.179186105728135869e-02 5.077540457248685968e-01 3.633459812402725086e-01
-7.068908572196946904e-02 5.044939398765562188e-01 3.773855125904083119e-01
-7.121405363082872197e-02 5.023083269596098077e-01 3.883948779106140003e-01
-7.120681166648851201e-02 5.010546028614042413e-01 3.934878861904144154e-01
-7.134729981422410772e-02 4.997324228286743053e-01 4.019772416353225575e-01
-7.174012422561631963e-02 4.991562247276304931e-01 4.049167788028716908e-01
-7.182917356491069771e-02 4.983771920204161376e-01 4.096473908424377308e-01
-7.283401846885662057e-02 4.988192498683928222e-01 4.129378801584243641e-01
-7.294035315513597295e-02 4.988447010517119140e-01 4.138520514965057240e-01
-7.322451829910264776e-02 4.993186473846434326e-01 4.160998022556304798e-01
-7.314685344696031377e-02 4.992647647857664794e-01 4.168065047264098988e-01
-7.310182213783250615e-02 4.991958320140837402e-01 4.171770220994949208e-01
-7.352167725563035772e-02 4.998006701469420165e-01 4.178814595937728749e-01
-7.334712505340562627e-02 4.998190283775328369e-01 4.190773522853851185e-01
-7.327208280563335396e-02 4.997278630733488769e-01 4.196118718385696278e-01
-7.317230463027940557e-02 4.997751891613005371e-01 4.208198940753936634e-01
-7.326481103897081182e-02 5.001837491989133966e-01 4.217529898881912098e-01
