4.382647761702539446e-01 4.991443037986756370e-01 3.352664342522621022e-01
4.382647761702539446e-01 4.991443037986756370e-01 3.352664342522621022e-01
4.382648730278017046e-01 4.991439163684847080e-01 3.352664268016815052e-01
4.382647761702539446e-01 4.991443037986756370e-01 3.352664342522621022e-01
4.382647761702539446e-01 4.991443037986756370e-01 3.352664342522621022e-01
4.382648730278017046e-01 4.991439163684845970e-01 3.352664268016815052e-01
4.382648730278015936e-01 4.991439163684845970e-01 3.352664268016815052e-01
4.382648730278017046e-01 4.991439163684845970e-01 3.352664268016815052e-01
4.382648730278017046e-01 4.991439163684845970e-01 3.352664268016815052e-01
4.382647910714151385e-01 4.991442441940308616e-01 3.352665758132934437e-01
4.382648953795434954e-01 4.991438567638398216e-01 3.352665758132934437e-01
4.382647910714151385e-01 4.991442441940308616e-01 3.352665758132934437e-01
4.382647910714151385e-01 4.991442441940308616e-01 3.352665758132934437e-01
4.382648953795434954e-01 4.991438567638398216e-01 3.352665758132934437e-01
4.382648953795434954e-01 4.991438567638397106e-01 3.352665758132934437e-01
4.382647910714151385e-01 4.991442441940308616e-01 3.352665758132934437e-01
4.382648953795434954e-01 4.991438567638398216e-01 3.352665758132934437e-01
4.382648953795434954e-01 4.991438567638398216e-01 3.352665758132934437e-01
4.382648953795434954e-01 4.991438567638399326e-01 3.352665758132934437e-01
4.382647910714151385e-01 4.991442441940308616e-01 3.352665758132934437e-01
4.382647910714151385e-01 4.991442441940307506e-01 3.352665758132934437e-01
4.382648953795433844e-01 4.991438567638398216e-01 3.352665758132934437e-01
4.382648953795434954e-01 4.991438567638398216e-01 3.352665758132934437e-01
4.382647910714151385e-01 4.991442441940308616e-01 3.352665758132934437e-01
4.382647910714151385e-01 4.991442441940308616e-01 3.352665758132934437e-01
4.382647910714151385e-01 4.991442441940308616e-01 3.352665758132934437e-01
4.382647910714151385e-01 4.991442441940308616e-01 3.352665758132934437e-01
4.382648953795434954e-01 4.991438567638398216e-01 3.352665758132934437e-01
4.382647910714151385e-01 4.991442441940308616e-01 3.352665758132934437e-01
4.382648953795434954e-01 4.991438567638398216e-01 3.352665758132934437e-01
4.382647910714151385e-01 4.991442441940308616e-01 3.352665758132934437e-01
4.382647910714151385e-01 4.991442441940309727e-01 3.352665758132934437e-01
4.382647910714151385e-01 4.991442441940308616e-01 3.352665758132934437e-01
4.382647910714151385e-01 4.991442441940308616e-01 3.352665758132934437e-01
4.382648953795434954e-01 4.991438567638398216e-01 3.352665758132934437e-01
4.382648953795434954e-01 4.991438567638398216e-01 3.352665758132934437e-01
4.382648953795434954e-01 4.991438567638398216e-01 3.352665758132934437e-01
4.382647910714151385e-01 4.991442441940308616e-01 3.352665758132934437e-01
4.382648953795434954e-01 4.991438567638398216e-01 3.352665758132934437e-01
4.382648953795434954e-01 4.991438567638398216e-01 3.352665758132934437e-01
4.382649773359300616e-01 4.991438567638398216e-01 3.352665758132934437e-01
4.382647910714151385e-01 4.991442441940308616e-01 3.352665758132934437e-01
4.382648953795434954e-01 4.991438567638398216e-01 3.352665758132934437e-01
4.382648804783823016e-01 4.991442739963532493e-01 3.352665758132934437e-01
4.382649475336076739e-01 4.991443037986756370e-01 3.352665758132934437e-01
4.382649475336075628e-01 4.991443037986755260e-01 3.352665758132934437e-01
4.382651263475420000e-01 4.991439163684845970e-01 3.352665758132934437e-01
4.382651263475420000e-01 4.991439163684845970e-01 3.352665758132934437e-01
4.382651263475418890e-01 4.991439163684845970e-01 3.352665758132934437e-01
4.382650220394136431e-01 4.991443037986756370e-01 3.352665758132934437e-01
4.382650220394136431e-01 4.991443037986756370e-01 3.352665758132934437e-01
4.382651263475420000e-01 4.991439163684845970e-01 3.352665758132934437e-01
4.382650220394136431e-01 4.991443037986756370e-01 3.352665758132934437e-01
4.382651263475420000e-01 4.991439163684845970e-01 3.352665758132934437e-01
4.382650220394136431e-01 4.991443037986756370e-01 3.352665758132934437e-01
4.382650220394136431e-01 4.991443037986756370e-01 3.352665758132934437e-01
4.382650220394136431e-01 4.991443037986756370e-01 3.352665758132934437e-01
4.382651263475420000e-01 4.991439163684845970e-01 3.352665758132934437e-01
4.382651263475420000e-01 4.991439163684845970e-01 3.352665758132934437e-01
4.382650220394136431e-01 4.991443037986756370e-01 3.352665758132934437e-01
4.382650220394135321e-01 4.991443037986756370e-01 3.352665758132934437e-01
4.382651263475420000e-01 4.991439163684845970e-01 3.352665758132934437e-01
4.382651263475420000e-01 4.991439163684845970e-01 3.352665758132934437e-01
4.382650220394136431e-01 4.991443037986756370e-01 3.352665758132934437e-01
4.382650220394135321e-01 4.991443037986756370e-01 3.352665758132934437e-01
4.382651561498643877e-01 4.991438269615174339e-01 3.352667248249053822e-01
4.382651263475420000e-01 4.991439163684845970e-01 3.352665758132934437e-01
4.382651561498643877e-01 4.991438269615175449e-01 3.352667248249053822e-01
4.382651561498643877e-01 4.991438269615174339e-01 3.352667248249053822e-01
4.382651561498643877e-01 4.991438269615174339e-01 3.352667248249053822e-01
4.382650592923166277e-01 4.991442441940308616e-01 3.352667248249053822e-01
4.382650592923166277e-01 4.991442441940307506e-01 3.352667248249053822e-01
4.382650592923165167e-01 4.991442441940308616e-01 3.352667248249053822e-01
4.382650592923166277e-01 4.991442441940308616e-01 3.352667248249053822e-01
4.448612520098688128e-01 4.943120062351227806e-01 3.342850437760352955e-01
4.513643869757654192e-01 4.875641047954560325e-01 3.323982065916061268e-01
4.678152018785478594e-01 4.683424711227417991e-01 3.254068201780319081e-01
4.776920342445375445e-01 4.562832295894623802e-01 3.199752500653266774e-01
5.005358272790911833e-01 4.299753189086915062e-01 3.047867944836616383e-01
5.148633086681366766e-01 4.201217472553254173e-01 2.968203505873679982e-01
5.392786973714830401e-01 4.000155806541444425e-01 2.797645932435989247e-01
5.644248539209367754e-01 3.817496776580812101e-01 2.626207551360130177e-01
5.770547354221345904e-01 3.732215940952302580e-01 2.538305526971816883e-01
6.023735964298251311e-01 3.571298599243165617e-01 2.356864219903945790e-01
6.276740694046023528e-01 3.433850288391114836e-01 2.164821481704711781e-01
6.508084499835971037e-01 3.315401554107667570e-01 1.967522060871124134e-01
6.535873079299929778e-01 3.314536392688753330e-01 1.817083588242530690e-01
6.529475116729739348e-01 3.319403409957887852e-01 1.674230775237083302e-01
6.470803880691531340e-01 3.345488190650941496e-01 1.404023176431655751e-01
6.411838197708132903e-01 3.363641977310183329e-01 1.298287665843963490e-01
6.300810539722445647e-01 3.408690571784974699e-01 1.110635331273078785e-01
6.260056459903720061e-01 3.431880950927735929e-01 1.036424493789672718e-01
6.172119641304019133e-01 3.486434698104859953e-01 9.287931084632872203e-02
6.140697860717776457e-01 3.501889586448670988e-01 8.721432149410246470e-02
6.117949450016023638e-01 3.518013536930085783e-01 8.192220389842985728e-02
6.094736421108248869e-01 3.532940626144410734e-01 7.845048666000364879e-02
6.021951401233676116e-01 3.549409985542298918e-01 7.363270282745359996e-02
5.985358023643496672e-01 3.546853840351106291e-01 7.321414411067961314e-02
5.917017126083377043e-01 3.550641715526582365e-01 7.512742340564726451e-02
5.887977594137194792e-01 3.544869899749757414e-01 7.713298559188841441e-02
5.861396455764772417e-01 3.535756051540376310e-01 7.926137804985045054e-02
5.834579432010652544e-01 3.503024160861970548e-01 8.506934404373167613e-02
5.821895116567613604e-01 3.495394468307496671e-01 8.796176373958586314e-02
5.813787394762041094e-01 3.467278659343721037e-01 9.383918404579161265e-02
5.814031177759172442e-01 3.449963510036470060e-01 9.599544167518614390e-02
5.803956204652788164e-01 3.436973869800569181e-01 9.864303529262541392e-02
5.595104658603670122e-01 3.384079217910768156e-01 1.188889747858047352e-01
5.385493302345277788e-01 3.396640002727510099e-01 1.428447967767715321e-01
5.281163567304613116e-01 3.432471036911012296e-01 1.573253130912780906e-01
5.183002763986589434e-01 3.491911172866822288e-01 1.739922469854354725e-01
5.086650514602663042e-01 3.582309663295746849e-01 1.918241983652114735e-01
4.893558138608934405e-01 3.886730551719666527e-01 2.244263520836830006e-01
4.798582905530931475e-01 4.079813539981843040e-01 2.392190551757812367e-01
4.704666399955751421e-01 4.285613477230073021e-01 2.515100321173667774e-01
4.551375621557237627e-01 4.656177043914795921e-01 2.742277240753173695e-01
4.488892370462419512e-01 4.814696788787842796e-01 2.833994558453559742e-01
4.389230573177339001e-01 5.080637514591217485e-01 2.973675435781478749e-01
4.350592607259751721e-01 5.187475860118866411e-01 3.027656307816505299e-01
4.320256972312928601e-01 5.273062765598297563e-01 3.070201060175895558e-01
4.282972031831742687e-01 5.373635172843933550e-01 3.134291401505470143e-01
4.275999405980111523e-01 5.387501299381256548e-01 3.160553878545760975e-01
4.284739905595780773e-01 5.344294190406799760e-01 3.205912491679191456e-01
4.296350592374803545e-01 5.299169301986697000e-01 3.227374336123466358e-01
4.311237224936486645e-01 5.246710062026977983e-01 3.245678326487541066e-01
4.338942208886147345e-01 5.149855196475983110e-01 3.275610363483428822e-01
4.349952229857445563e-01 5.113977968692779985e-01 3.286684682965278492e-01
4.362450727820397778e-01 5.071264386177063432e-01 3.301379016041755543e-01
4.365971499681473578e-01 5.059637308120727983e-01 3.307496911287307606e-01
4.369098433852197094e-01 5.049115002155304399e-01 3.313660925626754628e-01
4.373460376262666149e-01 5.037004828453064409e-01 3.323207205533981190e-01
4.375215360522272112e-01 5.028178870677948442e-01 3.330162546038627491e-01
4.377627560496331061e-01 5.015571296215057817e-01 3.336695066094398365e-01
4.380917140841485979e-01 5.003467977046966997e-01 3.341088971495628224e-01
4.390703478455545428e-01 4.989939212799073265e-01 3.342640405893325672e-01
4.516010248661043169e-01 4.876527369022370384e-01 3.316893434524536000e-01
4.685942941904069903e-01 4.679153144359589622e-01 3.249756103754043446e-01
4.896360003948214135e-01 4.417232751846314476e-01 3.130012682080268727e-01
5.008512103557588580e-01 4.269454360008240745e-01 3.048769986629485951e-01
5.349488073587419512e-01 3.820821821689607267e-01 2.761739572882652149e-01
5.439954960346223833e-01 3.700713992118837004e-01 2.659517309069633351e-01
5.519086831808092120e-01 3.596832633018495207e-01 2.565158089995384083e-01
5.637244099378587725e-01 3.459977388381959562e-01 2.387176907062530107e-01
5.675755405426027300e-01 3.423200130462648039e-01 2.310327297449111805e-01
5.730361455678941729e-01 3.387945771217347746e-01 2.176529473066329823e-01
5.750059598684312823e-01 3.388068556785585050e-01 2.065938270092010365e-01
5.761590415239336016e-01 3.386174023151400370e-01 2.014546400308608876e-01
5.770828390121461871e-01 3.406630635261537199e-01 1.925208052992820607e-01
5.766060614585878374e-01 3.438385307788850431e-01 1.848342797160148487e-01
5.758793765306474688e-01 3.463450849056245451e-01 1.783898106217384205e-01
5.754927510023118975e-01 3.475331842899324064e-01 1.762529133260249958e-01
5.753809177875520708e-01 3.488813221454621916e-01 1.727201199531555043e-01
5.682852381467821123e-01 3.564447939395906095e-01 1.666358044743537770e-01
5.641778224706651690e-01 3.504033267498017912e-01 1.612380227446555958e-01
5.639169329404832842e-01 3.342741012573243742e-01 1.585035926103591786e-01
5.641557836532595793e-01 3.254076123237611418e-01 1.579694902896880970e-01
5.646814668178561369e-01 3.111912488937379484e-01 1.575736334919929371e-01
5.657215082645418169e-01 3.006376504898072843e-01 1.581390804052352772e-01
5.663507544994357268e-01 2.958547353744508390e-01 1.585565587878227101e-01
5.674237722158435027e-01 2.903883337974549894e-01 1.589146560430526600e-01
5.712525957822802702e-01 2.704553484916688566e-01 1.590583553910255299e-01
5.714051538705828825e-01 2.676254391670228605e-01 1.587378537654876576e-01
5.719671064615252654e-01 2.638957381248475675e-01 1.583405962586402760e-01
5.733862334489825408e-01 2.513460993766786222e-01 1.538740998506545887e-01
5.734734499454501311e-01 2.502021670341493254e-01 1.534188544750213490e-01
5.739390516281130949e-01 2.487844705581666593e-01 1.526862388849258290e-01
5.743212962150576750e-01 2.472313523292543058e-01 1.517735800147056446e-01
5.745242947340013506e-01 2.454821348190309171e-01 1.500190502405166493e-01
5.751781874895098845e-01 2.436659216880799894e-01 1.488939678668975697e-01
5.753236377239230315e-01 2.430453777313233976e-01 1.481475687026977406e-01
5.752706193923953215e-01 2.429056644439698820e-01 1.472151285409927235e-01
5.756874793767932097e-01 2.422624111175538664e-01 1.455503410100936756e-01
5.758496189117434660e-01 2.417677521705628996e-01 1.446431136131286488e-01
5.762236529588702361e-01 2.410011172294619364e-01 1.444160348176956044e-01
5.768590086698535124e-01 2.401104450225831632e-01 1.439173525571822987e-01
5.770748817920687834e-01 2.396981596946717863e-01 1.435433110594749317e-01
5.771726036071780364e-01 2.394361376762391691e-01 1.425794890522956715e-01
5.770070815086367766e-01 2.392082095146180754e-01 1.421128368377685414e-01
5.767828786373141448e-01 2.388431906700135832e-01 1.412995165586471702e-01
5.765504652261737029e-01 2.386996626853944425e-01 1.409938266873359547e-01
5.760496819019320647e-01 2.383805394172670011e-01 1.401174968481063710e-01
5.754058921337130705e-01 2.384157061576844816e-01 1.395397937297820912e-01
5.749479198455813567e-01 2.382160902023316984e-01 1.389184153079986439e-01
5.746796542406085173e-01 2.380761981010438566e-01 1.386622494459152088e-01
5.745579564571383635e-01 2.378453493118287687e-01 1.385940915346145497e-01
5.743118041753771941e-01 2.373667240142823820e-01 1.383529162406921253e-01
5.739667826890948454e-01 2.370497465133668546e-01 1.381059145927429066e-01
5.732020699977877776e-01 2.432229995727540617e-01 1.362884050607681141e-01
5.739473366737368742e-01 2.452769756317140226e-01 1.364144539833068714e-01
5.766815209388735930e-01 2.445911645889283781e-01 1.383135399222374107e-01
5.811509454250338713e-01 2.420018196105958586e-01 1.411639010906219349e-01
5.857399666309359709e-01 2.381228685379029875e-01 1.420517718791961537e-01
5.888466054201129118e-01 2.339217543601991300e-01 1.435517749190330372e-01
5.938327872753146330e-01 2.261433482170106535e-01 1.458745977282523976e-01
5.963632428646090666e-01 2.225858449935914640e-01 1.461885875463485585e-01
5.991875791549685637e-01 2.174900054931642179e-01 1.478257483243942128e-01
6.011534595489504973e-01 2.138796329498292570e-01 1.480472689867019520e-01
6.036761367321017424e-01 2.085069894790650968e-01 1.484323298931121693e-01
6.052889788150790373e-01 2.046590924263002043e-01 1.490693023800849781e-01
6.056480669975283782e-01 2.039042592048646574e-01 1.490885472297668324e-01
6.068190598487857024e-01 2.012424349784852629e-01 1.490244498848914967e-01
6.074450576305392424e-01 1.998968005180360441e-01 1.495622178912162648e-01
6.079196596145632903e-01 1.987354040145875578e-01 1.492790958285331593e-01
6.085215473175051848e-01 1.976163268089295988e-01 1.490584990382194386e-01
6.086335146427157561e-01 1.974697589874269132e-01 1.492826572060584889e-01
6.093576514720919768e-01 1.960704803466798429e-01 1.495667850971221791e-01
6.096190476417544524e-01 1.955778479576112394e-01 1.494818037748336659e-01
6.101365649700167815e-01 1.942494392395021086e-01 1.501330143213271961e-01
6.108777189254763762e-01 1.926016688346864347e-01 1.504994189739227162e-01
6.109689438343051116e-01 1.924517035484315519e-01 1.503367355465888844e-01
6.114253365993502776e-01 1.913500905036927824e-01 1.509235134720802174e-01
6.117351615428927580e-01 1.906418085098268156e-01 1.512674620747566090e-01
6.126053595542910735e-01 1.887158036231996183e-01 1.522854945063590870e-01
6.128039324283602873e-01 1.881788253784181242e-01 1.525297766923904286e-01
6.131526792049410979e-01 1.873528838157655363e-01 1.529776906967162953e-01
6.135752463340762297e-01 1.863431811332704191e-01 1.533045029640197621e-01
6.136968994140628020e-01 1.860064744949342375e-01 1.534340983629226551e-01
6.141250693798068205e-01 1.848274350166322355e-01 1.540628677606582508e-01
6.142405533790591399e-01 1.845119476318360929e-01 1.541845953464507923e-01
6.143654847145083586e-01 1.840249776840211515e-01 1.544135814905166493e-01
6.146429145336154143e-01 1.833163976669313078e-01 1.548148250579833574e-01
6.149679982662203948e-01 1.823121786117555265e-01 1.552769547700881825e-01
6.150764787197116057e-01 1.820280432701112394e-01 1.554253777861595021e-01
6.151877009868624846e-01 1.815570473670961027e-01 1.558276569843292103e-01
6.151928567886355559e-01 1.815672993659974699e-01 1.559676235914230213e-01
6.153378152847293059e-01 1.812358379364015226e-01 1.562527945637702809e-01
6.152555608749392668e-01 1.813964128494264250e-01 1.561946278810500965e-01
6.151856744289401213e-01 1.813759684562684660e-01 1.564601814746856556e-01
6.152014398574832121e-01 1.813293576240541105e-01 1.565265661478042469e-01
6.152373814582827727e-01 1.811885714530946379e-01 1.566454178094863481e-01
6.151740515232089201e-01 1.812278509140016203e-01 1.566821864247321949e-01
6.151043140888217131e-01 1.811792135238649015e-01 1.567247962951660023e-01
6.153684222698214690e-01 1.804467916488649015e-01 1.572401008009910450e-01
6.154051685333254973e-01 1.802587389945985441e-01 1.573016500473022328e-01
6.155779027938845793e-01 1.796603083610536222e-01 1.577183163166046009e-01
6.156081223487857024e-01 1.795167207717897062e-01 1.578443652391433583e-01
6.157055163383486907e-01 1.790307044982911711e-01 1.581339395046233998e-01
6.157951319217684905e-01 1.787777423858644132e-01 1.583289957046508656e-01
6.159209871292117278e-01 1.784276843070985441e-01 1.587065687775611744e-01
6.159958803653720061e-01 1.780325055122377043e-01 1.590383654832839833e-01
6.159577631950381438e-01 1.780610561370851164e-01 1.590701049566268788e-01
6.159737670421603362e-01 1.778842687606813078e-01 1.593408292531967030e-01
6.158861184120181242e-01 1.776200413703920011e-01 1.594598746299743519e-01
6.159163975715640227e-01 1.774495720863343839e-01 1.595576411485671864e-01
6.159556472301486174e-01 1.773093223571778898e-01 1.595124682784080372e-01
6.159389877319338957e-01 1.773162364959718351e-01 1.594180321693420277e-01
6.159302258491519133e-01 1.769991397857667570e-01 1.594945347309112416e-01
6.159212553501132170e-01 1.769260048866273527e-01 1.595336353778838978e-01
6.159236991405490080e-01 1.768618702888490324e-01 1.594946837425231523e-01
6.160151624679568449e-01 1.766313195228578214e-01 1.596094524860381947e-01
6.160954201221469084e-01 1.763549327850343351e-01 1.597661679983138905e-01
6.162714922428134123e-01 1.757583498954774504e-01 1.599347522854804859e-01
6.164427959918978850e-01 1.752492070198060636e-01 1.602830743789672718e-01
6.166209244728091399e-01 1.747643828392030363e-01 1.605060255527496205e-01
6.167796218395236174e-01 1.743523955345155363e-01 1.606785809993743763e-01
6.168236994743350188e-01 1.741071224212648039e-01 1.608124828338622914e-01
6.169964933395388762e-01 1.736640214920045500e-01 1.609809777140617237e-01
6.171102488040927092e-01 1.734027743339540129e-01 1.611329323053359852e-01
6.174708271026614348e-01 1.725487589836122160e-01 1.616727119684219227e-01
6.176226401329043547e-01 1.721724748611451750e-01 1.618923625349998341e-01
6.179532074928286711e-01 1.713152408599855070e-01 1.624142980575561390e-01
6.181819701194766203e-01 1.708196282386781339e-01 1.626952147483825550e-01
6.198619270324710051e-01 1.667140007019044523e-01 1.603901243209838734e-01
6.208157503604891936e-01 1.642277121543885832e-01 1.571072345972061024e-01
6.216851437091830412e-01 1.622924685478212004e-01 1.471921136975288258e-01
6.218974256515505949e-01 1.618224859237672453e-01 1.419903641939163075e-01
6.217243933677676360e-01 1.621190786361695890e-01 1.322034007310867176e-01
6.214228236675265471e-01 1.628138899803163175e-01 1.269130414724349565e-01
6.210056209564212004e-01 1.638834953308107023e-01 1.214179253578185902e-01
6.200750136375430266e-01 1.663294315338136320e-01 1.094871765375137196e-01
6.193518006801608244e-01 1.680188059806825285e-01 1.026234632730483876e-01
6.185351276397708098e-01 1.698847889900209074e-01 9.715564608573912242e-02
6.180475914478305022e-01 1.710012435913087492e-01 9.411017656326292613e-02
6.171534025669100920e-01 1.730769753456117277e-01 8.857055068016050914e-02
6.162266397476199309e-01 1.751902580261232023e-01 8.348353266716002086e-02
6.160532498359683196e-01 1.756009340286256437e-01 8.220063209533690074e-02
6.154887342453005949e-01 1.769205212593080168e-01 7.926233172416685679e-02
6.149173045158389250e-01 1.782415986061097746e-01 7.649494767189024547e-02
6.148594582080844084e-01 1.783931732177735929e-01 7.598239243030549539e-02
6.146526598930361907e-01 1.789455294609071379e-01 7.401020884513853648e-02
6.146514678001406828e-01 1.789818286895753507e-01 7.365687251091002086e-02
6.146560573577883879e-01 1.790048360824586515e-01 7.331754326820372203e-02
6.145563685894015471e-01 1.792706727981568937e-01 7.273934841156004527e-02
6.145767533779147307e-01 1.792851567268373136e-01 7.236711740493773082e-02
6.145940387248995940e-01 1.793225288391114836e-01 7.163633465766905406e-02
6.145532691478732268e-01 1.794435858726503019e-01 7.131356060504911998e-02
6.144100391864779631e-01 1.798189759254457121e-01 7.042026579380034068e-02
6.142804288864138762e-01 1.801349997520448332e-01 6.990629494190214732e-02
6.141653621196749846e-01 1.804517984390260343e-01 6.918154716491697886e-02
6.141574943065646330e-01 1.805405497550965910e-01 6.832619071006773570e-02
6.141540968418124358e-01 1.805883526802064543e-01 6.785975456237791636e-02
6.141101682186129729e-01 1.807868361473085050e-01 6.686100423336027720e-02
6.140614116191867033e-01 1.809279203414918546e-01 6.648829638957975963e-02
6.139893794059756438e-01 1.811291456222535734e-01 6.588676631450651744e-02
6.138419175148013274e-01 1.815070986747743254e-01 6.487713813781736949e-02
6.138599181175234953e-01 1.815200328826905851e-01 6.449766516685484508e-02
6.138049924373629729e-01 1.816871643066407804e-01 6.391815900802610972e-02
6.138387286663058440e-01 1.816213011741639738e-01 6.391415059566496470e-02
6.138285958766940276e-01 1.816512823104859953e-01 6.360234379768370250e-02
6.137174034118655364e-01 1.818392157554628019e-01 6.325881242752073863e-02
6.137621963024142424e-01 1.816720247268678312e-01 6.324343442916868785e-02
6.137964689731600920e-01 1.815925717353822355e-01 6.319013297557829478e-02
6.136887037754061858e-01 1.818315863609315519e-01 6.266693830490110972e-02
6.135935747623446623e-01 1.820215463638307218e-01 6.212443172931669810e-02
6.135853493213656584e-01 1.820372819900514250e-01 6.209239423274992564e-02
6.135552787780764739e-01 1.820939660072328214e-01 6.190876722335814097e-02
6.134747529029849211e-01 1.821958899497987394e-01 6.162126421928404429e-02
6.134992504119876067e-01 1.821736574172975187e-01 6.146353542804716685e-02
6.135449373722079436e-01 1.820951581001283293e-01 6.148152112960814097e-02
6.135550105571749846e-01 1.821127414703370695e-01 6.141212642192839244e-02
6.135662460327151457e-01 1.820844888687135343e-01 6.131044089794157603e-02
6.135628485679629485e-01 1.820286989212037687e-01 6.131176710128782847e-02
6.135982239246371428e-01 1.818990588188172941e-01 6.129925012588499644e-02
6.136133038997653166e-01 1.819306492805482511e-01 6.127175748348234752e-02
6.136197412014010588e-01 1.819156885147096281e-01 6.121517777442930797e-02
6.136714482307437102e-01 1.817523121833802824e-01 6.115466415882109263e-02
6.136097872257235686e-01 1.818325996398927336e-01 6.092532038688658336e-02
6.136828029155734221e-01 1.817529082298280363e-01 6.086446404457090953e-02
6.136681699752810637e-01 1.818219304084779386e-01 6.075526833534239390e-02
6.136970782279971282e-01 1.817945718765260343e-01 6.064157247543333629e-02
6.136502885818484465e-01 1.818032145500184660e-01 6.062713325023649791e-02
6.136261785030368010e-01 1.818604946136476164e-01 6.054611563682554820e-02
6.136598253250125090e-01 1.817836046218873625e-01 6.056973397731779674e-02
6.136345529556277434e-01 1.818424940109254484e-01 6.048585534095762828e-02
6.134942436218264739e-01 1.820338249206544523e-01 6.020990073680876353e-02
6.135005319118502776e-01 1.820863366127015714e-01 6.005641877651213267e-02
6.135835313797000090e-01 1.820730447769166593e-01 6.005531609058378795e-02
6.140892469882968108e-01 1.825120925903321867e-01 5.978184998035429576e-02
6.142880880832675139e-01 1.827953934669496183e-01 5.950531423091889871e-02
6.144898498058322112e-01 1.830807209014894132e-01 5.898305833339689830e-02
6.147862040996554533e-01 1.834332823753358488e-01 5.870306551456450084e-02
6.149448120594027678e-01 1.835484981536866789e-01 5.859734177589415172e-02
6.150616371631625334e-01 1.837231993675232378e-01 5.811129570007322886e-02
6.151002907752993742e-01 1.837716579437257414e-01 5.790044426918028453e-02
6.152374708652499358e-01 1.838567733764649992e-01 5.748981297016142467e-02
6.152881050109866301e-01 1.838647603988649015e-01 5.737051427364348033e-02
6.154309773445132414e-01 1.836315870285035734e-01 5.738575816154478648e-02
6.156153345108035246e-01 1.834392428398133879e-01 5.739781320095060924e-02
6.156817042827609221e-01 1.833100199699403410e-01 5.739031791687010386e-02
6.157603228092196623e-01 1.830791115760804777e-01 5.751948118209837535e-02
6.158186459541323821e-01 1.829376697540284757e-01 5.759154319763182261e-02
6.159407162666323821e-01 1.826795816421510343e-01 5.767536222934721568e-02
6.159247124195101897e-01 1.826822638511659269e-01 5.767135381698607066e-02
6.159313583374026457e-01 1.824954628944398527e-01 5.774562120437620738e-02
6.160949134826663176e-01 1.821316957473756437e-01 5.793444871902464488e-02
6.161986553668978850e-01 1.818562626838685636e-01 5.813951849937437633e-02
6.162770354747775237e-01 1.816525936126710539e-01 5.826829433441160777e-02
6.164378488063815276e-01 1.812504410743714933e-01 5.850330054759977916e-02
6.164244079589846770e-01 1.811969757080079679e-01 5.854944944381712535e-02
6.162964069843295256e-01 1.812522888183595304e-01 5.853636622428892711e-02
6.163414084911349455e-01 1.810520172119142179e-01 5.862940907478331187e-02
6.162508094310763518e-01 1.811009526252748136e-01 5.864475727081297496e-02
6.161453688144686858e-01 1.811110854148866300e-01 5.871625304222105601e-02
6.161781811714175383e-01 1.808951973915101652e-01 5.880947470664979471e-02
6.161422991752627532e-01 1.808639645576478605e-01 5.882848858833311656e-02
6.160790586471560637e-01 1.805949687957765226e-01 5.894003868103026011e-02
6.160435342788699309e-01 1.804956078529359464e-01 5.892285764217375377e-02
6.159591042995455901e-01 1.805890083312989836e-01 5.882217049598692515e-02
6.158588492870333830e-01 1.807819485664369230e-01 5.865906238555906871e-02
6.157148742675784270e-01 1.810743689537049894e-01 5.847168028354643443e-02
6.156586968898776213e-01 1.811879158020021086e-01 5.840252399444578746e-02
6.156501734256747405e-01 1.811957240104676847e-01 5.839596748352049449e-02
6.156502032279971282e-01 1.811924457550050382e-01 5.839669764041899302e-02
6.151200497150424162e-01 1.801167607307435636e-01 5.848147034645079234e-02
6.130930745601657073e-01 1.752470612525941496e-01 6.081084966659544566e-02
6.102903747558596770e-01 1.690712451934817118e-01 6.581282675266267312e-02
5.992277228832247893e-01 1.532110452651979093e-01 8.366762161254881480e-02
5.896658414602282683e-01 1.438733220100404386e-01 9.643894493579863170e-02
5.571963304281237761e-01 1.249943256378174272e-01 1.279074257612227983e-01
5.020201468467716532e-01 1.151468634605409269e-01 1.579108989238738880e-01
4.269683027267459074e-01 1.242381811141968218e-01 1.766370727121829853e-01
3.394614324532452265e-01 1.520406484603882280e-01 1.866366943717002735e-01
2.573432961106303374e-01 1.928638100624084917e-01 1.920240378379821644e-01
1.824746543169024904e-01 2.414607882499694158e-01 1.952115154266357289e-01
1.477600002288821102e-01 2.679809212684630682e-01 1.960138982534408436e-01
5.757996082305932850e-02 3.453352034091948797e-01 1.996736010909080650e-01
3.402825832366962455e-02 3.679947733879088689e-01 2.010920575261115895e-01
1.110860347747821830e-02 3.890187919139860839e-01 2.031621864438056813e-01
-2.911371350288372017e-02 4.230573356151579589e-01 2.077140665054321156e-01
-6.093153715133647896e-02 4.479310393333433837e-01 2.127460992336273060e-01
-8.465043067932115362e-02 4.666286587715147705e-01 2.173396280407905445e-01
-9.348985910415630318e-02 4.725250184535979003e-01 2.190991497039794789e-01
-1.105805075168607710e-01 4.840924322605131280e-01 2.225850751996040211e-01
-1.216758823394774036e-01 4.921733617782590997e-01 2.248908808827400074e-01
-1.271847224235533313e-01 4.954400241374967706e-01 2.262419617176055775e-01
-1.362659966945646839e-01 5.001525461673734796e-01 2.286965554952621327e-01
-1.406244373321531849e-01 5.031584382057188165e-01 2.298269352316856251e-01
-1.430473661422728138e-01 5.045351266860960138e-01 2.305123662948608265e-01
-1.455733811855314808e-01 5.060490846633909356e-01 2.310167035460471974e-01
-1.476420795917509632e-01 5.070249617099760187e-01 2.315763688087463246e-01
-1.480065023899077570e-01 5.071068584918974054e-01 2.317182353138923234e-01
-1.484473979473112659e-01 5.074308395385740411e-01 2.319423264265060292e-01
-1.479926741123198108e-01 5.070584893226621759e-01 2.318277215957641468e-01
-1.473820245265959339e-01 5.064847052097318780e-01 2.316496303677558766e-01
-1.475064492225645618e-01 5.056384682655332696e-01 2.318922287225723133e-01
-1.469306385517119007e-01 5.037671506404874933e-01 2.321283972263336048e-01
-1.465650236606597101e-01 5.018135786056516778e-01 2.324637031555175648e-01
-1.464265024662016468e-01 5.012579441070554864e-01 2.325708425045013295e-01
-1.460794842243193226e-01 5.007727622985838067e-01 2.325953623652458058e-01
-1.462556755542753772e-01 4.993452012538908136e-01 2.329914426803588734e-01
-1.468188202381132679e-01 4.987312436103819024e-01 2.332887655496597157e-01
-1.473397052288054065e-01 4.981848478317258966e-01 2.335028505325317250e-01
-1.483248507976530628e-01 4.958518326282499444e-01 2.341767778992652760e-01
-1.480539774894713001e-01 4.944261491298673761e-01 2.340133866667747364e-01
-1.489220595359800892e-01 4.935535073280332696e-01 2.342646574974059925e-01
-1.484606599807737903e-01 4.922112405300138605e-01 2.340640655159950123e-01
-1.488402521610258100e-01 4.917951107025144708e-01 2.342790222167968617e-01
-1.491455471515654163e-01 4.915208101272582342e-01 2.344864016771316395e-01
-1.491374111175535755e-01 4.912054419517515313e-01 2.345111972093582020e-01
-1.501250004768370228e-01 4.909320056438444269e-01 2.347734054923057423e-01
-1.503890490531919477e-01 4.901914179325101983e-01 2.349962598085403309e-01
-1.500930821895598011e-01 4.892583668231962335e-01 2.350608488917350636e-01
-1.497548854351041792e-01 4.882433295249937188e-01 2.351718923449516163e-01
-1.496844327449796674e-01 4.874180138111112726e-01 2.352446323633193836e-01
-1.497298812866209028e-01 4.869299411773679864e-01 2.352245306968688832e-01
-1.502990162372587202e-01 4.869588792324063276e-01 2.353827437758445329e-01
-1.504217123985288618e-01 4.866889595985410821e-01 2.354354640841483937e-01
-1.510656511783597944e-01 4.868760883808134210e-01 2.356468519568443165e-01
-1.511210834980009077e-01 4.869505047798156072e-01 2.356213709712028370e-01
-1.514163053035734730e-01 4.872041821479795587e-01 2.356347224116325245e-01
-1.520366704463956831e-01 4.870468854904173028e-01 2.359717941284179554e-01
-1.522985732555387495e-01 4.870921254158018243e-01 2.360954514145851002e-01
-1.526511943340299604e-01 4.873094439506528985e-01 2.362107715010642872e-01
-1.527584528923032758e-01 4.873743236064909112e-01 2.362028142809867726e-01
-1.529995834827421186e-01 4.874736547470090997e-01 2.362592598795890675e-01
-1.533324158191679554e-01 4.879068911075590265e-01 2.362516528367996083e-01
-1.532080209255217151e-01 4.877426803112028253e-01 2.361949837207794056e-01
-1.532619929313658313e-01 4.877626478672025812e-01 2.361557862162589894e-01
-1.537513768672941761e-01 4.885100305080412042e-01 2.360073110461234913e-01
-1.540348863601683216e-01 4.889854967594144952e-01 2.359039193391799794e-01
-1.543886399269102649e-01 4.897758841514585626e-01 2.358305460214614735e-01
-1.545760667324064808e-01 4.902609765529630792e-01 2.357306486368179188e-01
-1.548100447654722767e-01 4.907136440277097833e-01 2.356711184978484974e-01
-1.546439862251280384e-01 4.905809044837949884e-01 2.356192028522491322e-01
-1.547350025177000599e-01 4.907626688480375421e-01 2.355903169512748585e-01
-1.549554800987242298e-01 4.912643611431120050e-01 2.354955455660819874e-01
-1.549286282062529163e-01 4.912835240364072931e-01 2.354183053970336781e-01
-1.557952499389647083e-01 4.929932236671445978e-01 2.350987648963928089e-01
-1.558307147026060657e-01 4.930408775806425226e-01 2.351013278961181507e-01
-1.341147756576536731e-01 5.044738531112669122e-01 2.425598731637000904e-01
-1.126019990444181995e-01 5.157594263553617608e-01 2.601132920384406910e-01
-1.024862265586851673e-01 5.199710309505460870e-01 2.718302091956138478e-01
-8.707127332687364385e-02 5.223933339118955743e-01 2.970042532682418690e-01
-8.141509056091300600e-02 5.226459681987760675e-01 3.088397315144538746e-01
-7.416487097740159795e-02 5.210434377193449151e-01 3.301899066567420826e-01
-7.184753179550157354e-02 5.189616560935972345e-01 3.402092611789703236e-01
-6.968450903892503545e-02 5.147087454795835626e-01 3.561335062980651722e-01
-6.923139452934251592e-02 5.123166322708128106e-01 3.637118196487426625e-01
-6.883666276931749151e-02 5.085354924201963556e-01 3.771152949333190785e-01
-6.969952940940843389e-02 5.060953378677366388e-01 3.881454920768737660e-01
-7.075494885444627569e-02 5.039430737495420587e-01 3.975645756721496449e-01
-7.129034757614122197e-02 5.032801508903501642e-01 4.010926640033721791e-01
-7.205188632011400029e-02 5.020881175994871271e-01 4.074760532379150257e-01
-7.265097260475139596e-02 5.017782628536224809e-01 4.098446226119994984e-01
-7.330158710479722783e-02 5.016399502754209649e-01 4.117748594284057484e-01
-7.342538595199565865e-02 5.008014321327207696e-01 4.159296905994415150e-01
-7.343584656715379522e-02 5.002978920936582696e-01 4.174738830327987538e-01
-7.373178362846360967e-02 5.001300156116483819e-01 4.186857497692108021e-01
-7.406950354576097295e-02 5.002210915088651788e-01 4.206912523508071766e-01
-7.415405273437486455e-02 5.002778053283689630e-01 4.216913139820098744e-01
-7.438132524490342901e-02 5.007634043693540704e-01 4.230138516426086293e-01
-7.459965705871562935e-02 5.011392712593079057e-01 4.237005269527435170e-01
-7.478896141052232549e-02 5.013955414295194757e-01 4.238935267925262318e-01
-7.479337215423570440e-02 5.017439901828764093e-01 4.248905932903289662e-01
-7.459134221076951787e-02 5.017590403556821954e-01 4.253632581233978138e-01
-7.423472762107835576e-02 5.019484937191007745e-01 4.264227902889251576e-01
-7.410994529724107549e-02 5.020642161369321954e-01 4.268146312236785755e-01
-7.394796967506395147e-02 5.022394537925718438e-01 4.269329166412353382e-01
-7.327291727066026494e-02 5.021638751029966485e-01 4.273594772815704212e-01
-7.291737556457505987e-02 5.021360695362089288e-01 4.274943029880523548e-01
-7.279274225234971807e-02 5.022405862808225763e-01 4.276807761192321644e-01
-7.230791807174669072e-02 5.022477388381956231e-01 4.283057308197021351e-01
-7.193130612373338506e-02 5.020355761051176202e-01 4.285582160949706898e-01
-7.171771287918077276e-02 5.019453644752500665e-01 4.287332451343536244e-01
-7.150408983230582827e-02 5.019772827625272882e-01 4.294128125905990467e-01
-7.140100359916673467e-02 5.019845247268674981e-01 4.295658475160598622e-01
-7.140919923782335088e-02 5.020071744918821466e-01 4.297456598281860218e-01
-7.117560863494859502e-02 5.020184993743894708e-01 4.302764242887496815e-01
-7.108727455139152163e-02 5.018717229366300714e-01 4.305523490905761586e-01
-7.082778573036185854e-02 5.017659544944761407e-01 4.310758715867996083e-01
-7.081640124320970342e-02 5.020896077156065118e-01 4.313070631027221546e-01
-7.088944673538194463e-02 5.024939358234403741e-01 4.314849829673766957e-01
-7.074737906455980108e-02 5.028543055057523858e-01 4.319204545021056996e-01
-7.029983758926378057e-02 5.033060491085050714e-01 4.320748603343963490e-01
-7.014423966407762334e-02 5.037256658077238214e-01 4.324237859249114857e-01
-6.957844257354722783e-02 5.039062976837156427e-01 4.322727179527282582e-01
-6.870550274848918892e-02 5.042399644851682794e-01 4.321945464611053334e-01
-6.845358371734605596e-02 5.042962014675138605e-01 4.323214000463485585e-01
-6.779945254325853154e-02 5.040011286735532892e-01 4.322851008176803456e-01
-6.679767727851854131e-02 5.035571038722990167e-01 4.328158652782440052e-01
-6.645489096641526983e-02 5.033242881298063409e-01 4.329988217353820668e-01
-6.656226873397813604e-02 5.034206390380857599e-01 4.330051845312118397e-01
-6.710368752479534127e-02 5.038703560829160821e-01 4.330838179588317738e-01
-6.794005990028367803e-02 5.042484283447263849e-01 4.332108056545257435e-01
-6.831410884857164190e-02 5.041004896163938653e-01 4.331741487979888783e-01
-6.825879573822002389e-02 5.040640115737913263e-01 4.330267167091369496e-01
-6.822249650955186651e-02 5.040328383445737970e-01 4.329841887950897084e-01
-6.808975696563707158e-02 5.040333151817320001e-01 4.328693008422851429e-01
-6.800675749778734014e-02 5.040426433086393487e-01 4.327488249540328846e-01
-6.797531604766832158e-02 5.040300369262693536e-01 4.326974308490753041e-01
-6.791997313499437139e-02 5.039752006530759942e-01 4.326550519466400013e-01
-6.791183710098253057e-02 5.039753198623655450e-01 4.326439058780670033e-01
-6.790665149688707158e-02 5.039782702922819269e-01 4.326370811462402211e-01
-6.790399909019456670e-02 5.039796411991117608e-01 4.326340711116790638e-01
-6.790235996246324346e-02 5.039807438850401056e-01 4.326318061351775990e-01
-6.789788961410514467e-02 5.039831578731535089e-01 4.326273059844970570e-01
-6.789142251014695928e-02 5.039871811866758478e-01 4.326210474967956410e-01
-6.788671374320964791e-02 5.039899528026579034e-01 4.326170539855956898e-01
-6.788462758064256475e-02 5.039912641048429620e-01 4.326148337125778065e-01
-6.787926316261277959e-02 5.039945721626279962e-01 4.326113915443420277e-01
-6.787667036056505010e-02 5.039961516857145440e-01 4.326092606782913075e-01
-6.787422657012925908e-02 5.039976716041563165e-01 4.326074874401092396e-01
-6.786874294280997866e-02 5.040010392665861261e-01 4.326034045219421253e-01
