4.381960818171501959e-01 4.990214586257935570e-01 3.353053113818168507e-01
4.382005670666695440e-01 4.990229189395905540e-01 3.353048941493034230e-01
4.382133373618126715e-01 4.990278661251069114e-01 3.353029569983482228e-01
4.382223898172379339e-01 4.990318596363068626e-01 3.353016754984855519e-01
4.382315614819527472e-01 4.990354955196381614e-01 3.353005653619766102e-01
4.382354804873468401e-01 4.990372240543366478e-01 3.352998873591422901e-01
4.382446968555452349e-01 4.990411579608918236e-01 3.352986282110214100e-01
4.382499048113824847e-01 4.990430653095246361e-01 3.352982705831527577e-01
4.382539430260660174e-01 4.990450024604798362e-01 3.352976968884467945e-01
4.382612594962121966e-01 4.990486383438111351e-01 3.352966016530990467e-01
4.382702225446702959e-01 4.990521252155304954e-01 3.352956405282020436e-01
4.382786864042284014e-01 4.990560591220856712e-01 3.352947166562080250e-01
4.382824265956880572e-01 4.990576982498169945e-01 3.352942174673080311e-01
4.382906073331834795e-01 4.990616321563721702e-01 3.352933084964752064e-01
4.382939153909685137e-01 4.990636289119721458e-01 3.352928987145423756e-01
4.383078256249429705e-01 4.990694105625153587e-01 3.352916395664214955e-01
4.383115285634996416e-01 4.990709006786347435e-01 3.352911627292632923e-01
4.383141884207727434e-01 4.990723907947541282e-01 3.352907231450080738e-01
4.383148887753488543e-01 4.990739703178406761e-01 3.352899035811424122e-01
4.383146578073503496e-01 4.990747153759003685e-01 3.352894639968871937e-01
4.383142703771593096e-01 4.990755200386048362e-01 3.352884209156036244e-01
4.383142256736756170e-01 4.990756690502167747e-01 3.352881824970245228e-01
4.383141511678697588e-01 4.990758478641511009e-01 3.352878546714782582e-01
4.383140915632249834e-01 4.990760266780854271e-01 3.352875566482543812e-01
4.383140915632249834e-01 4.990760266780854271e-01 3.352875566482543812e-01
4.383139947056771124e-01 4.990762948989869163e-01 3.352874448895454274e-01
4.383140170574190142e-01 4.990761160850525902e-01 3.352872362732887135e-01
4.383140170574189032e-01 4.990761160850525902e-01 3.352872362732887135e-01
4.383139947056772234e-01 4.990762054920197532e-01 3.352871468663215504e-01
4.383139947056772234e-01 4.990762054920197532e-01 3.352871468663215504e-01
4.383139947056772234e-01 4.990762054920197532e-01 3.352871468663215504e-01
4.383139649033548357e-01 4.990762948989869163e-01 3.352869829535484181e-01
4.383139649033548357e-01 4.990762948989869163e-01 3.352869829535484181e-01
4.383138978481294634e-01 4.990765631198884056e-01 3.352869904041290150e-01
4.383138978481294634e-01 4.990765631198884056e-01 3.352869904041290150e-01
4.383138680458070757e-01 4.990766525268555687e-01 3.352868711948394642e-01
4.383139425516130450e-01 4.990763843059540794e-01 3.352868786454200611e-01
4.383138680458070757e-01 4.990766525268555687e-01 3.352868711948394642e-01
4.383138680458070757e-01 4.990766525268555687e-01 3.352868711948394642e-01
4.383139425516130450e-01 4.990763843059540794e-01 3.352868786454200611e-01
4.383139425516130450e-01 4.990763843059540794e-01 3.352868786454200611e-01
4.383138680458070757e-01 4.990766525268555687e-01 3.352868711948394642e-01
4.383138680458070757e-01 4.990766525268555687e-01 3.352868711948394642e-01
4.383139425516130450e-01 4.990763843059540794e-01 3.352868786454200611e-01
4.383138680458070757e-01 4.990766525268555687e-01 3.352868711948394642e-01
4.383138233423234942e-01 4.990767419338227318e-01 3.352866849303245411e-01
4.383138233423234942e-01 4.990767419338227318e-01 3.352866849303245411e-01
4.383138903975488665e-01 4.990764737129212425e-01 3.352866923809051380e-01
4.383138233423234942e-01 4.990767419338227318e-01 3.352866849303245411e-01
4.383138233423234942e-01 4.990767419338227318e-01 3.352866849303245411e-01
4.383138233423234942e-01 4.990767419338227318e-01 3.352866849303245411e-01
4.383138903975488665e-01 4.990764737129212425e-01 3.352866923809051380e-01
4.383138233423234942e-01 4.990767419338227318e-01 3.352866849303245411e-01
4.383138233423234942e-01 4.990767419338227318e-01 3.352866849303245411e-01
4.383138903975488665e-01 4.990764737129212425e-01 3.352866923809051380e-01
4.383138903975488665e-01 4.990764737129212425e-01 3.352866923809051380e-01
4.383138903975488665e-01 4.990764737129212425e-01 3.352866923809051380e-01
4.383138233423234942e-01 4.990767419338227318e-01 3.352866849303245411e-01
4.383138233423234942e-01 4.990767419338228428e-01 3.352866849303245411e-01
4.383138233423234942e-01 4.990767419338227318e-01 3.352866849303245411e-01
4.383138903975488665e-01 4.990764737129212425e-01 3.352866923809051380e-01
4.383138233423234942e-01 4.990767419338227318e-01 3.352866849303245411e-01
4.383138233423234942e-01 4.990767419338227318e-01 3.352866849303245411e-01
4.383138233423234942e-01 4.990767419338227318e-01 3.352866849303245411e-01
4.395163023471834185e-01 4.921693682670594261e-01 3.342461219429969654e-01
4.402910286188127520e-01 4.825006604194641002e-01 3.323818823695182667e-01
4.408616238832475664e-01 4.695026755332947777e-01 3.295641547441482411e-01
4.401590788364412310e-01 4.355854570865632103e-01 3.206467932462692128e-01
4.362414517998697283e-01 3.969956517219544456e-01 3.062978243827819691e-01
4.332508334517480852e-01 3.796618461608887718e-01 2.971980875730514393e-01
4.247566425800325396e-01 3.524306297302247093e-01 2.760413295030593739e-01
4.204039314389231285e-01 3.433643460273743675e-01 2.650704687833785878e-01
4.128068724274637780e-01 3.323117971420289085e-01 2.454315653443336354e-01
4.094461837410929284e-01 3.298780202865601585e-01 2.362291073799132890e-01
4.064146840572359642e-01 3.296394526958466575e-01 2.279668903350829945e-01
4.003398531675341210e-01 3.298694968223572221e-01 2.136588177084922657e-01
3.975066767632963738e-01 3.306422412395477739e-01 2.071172973513603077e-01
3.926660047471525750e-01 3.354264378547668901e-01 1.956541097164153920e-01
3.890736067295076928e-01 3.374497473239899126e-01 1.857692083716392384e-01
3.865916916728022179e-01 3.414111912250519243e-01 1.780303722620010243e-01
3.843274751305583159e-01 3.438242256641388384e-01 1.714757537841796742e-01
3.833122478425505242e-01 3.451136529445648637e-01 1.691293498873710499e-01
3.771197424829008105e-01 3.576394796371460405e-01 1.633467605710029469e-01
3.714013473689558031e-01 3.657338500022888628e-01 1.566297194361686573e-01
3.693526537716391167e-01 3.497910380363464800e-01 1.508503264188766346e-01
3.695057576149705092e-01 3.380807816982270841e-01 1.501822179555892811e-01
3.698967603594067177e-01 3.151174068450928178e-01 1.502036160230636463e-01
3.702456393837931237e-01 3.045605301856995073e-01 1.512530899047851429e-01
3.707265762239697060e-01 2.953327178955078569e-01 1.523710942268371449e-01
3.719305881857874474e-01 2.746952056884766069e-01 1.564434921741485462e-01
3.720306047797206084e-01 2.701578021049499956e-01 1.571575260162353382e-01
3.721727097034456810e-01 2.654456377029419389e-01 1.579587167501449452e-01
3.723963314294817528e-01 2.563795924186706987e-01 1.599234944581985340e-01
3.726072312891485772e-01 2.542137980461121050e-01 1.600600561499595509e-01
3.728143984079363427e-01 2.519549012184143510e-01 1.601203089952468739e-01
3.732686342298986992e-01 2.484771490097046343e-01 1.615142008662223405e-01
3.732977771759035668e-01 2.480532407760620561e-01 1.618022105097770558e-01
3.735380919277670464e-01 2.472554326057434526e-01 1.620553067326545582e-01
3.740837128460409722e-01 2.457011818885803667e-01 1.631876832246780262e-01
3.741119766235353472e-01 2.454913735389709917e-01 1.635563975572585926e-01
3.741546051204207579e-01 2.451435804367065874e-01 1.638222938776016102e-01
3.744571657478812376e-01 2.426628351211548296e-01 1.648520982265472279e-01
3.745299318432809832e-01 2.422359466552734819e-01 1.650337135791778431e-01
3.746358306705954710e-01 2.410161375999451128e-01 1.653331375122070179e-01
3.747459539771083037e-01 2.397382736206055132e-01 1.655444955825805531e-01
3.747553864121440093e-01 2.389773011207581010e-01 1.655520057678222523e-01
3.749013060331347624e-01 2.372673630714415838e-01 1.656529164314269609e-01
3.748399803042414824e-01 2.361912608146667925e-01 1.654773807525634632e-01
3.748349660634997527e-01 2.354100227355957475e-01 1.654471909999847279e-01
3.748551645874980132e-01 2.342491626739502397e-01 1.654302856326103077e-01
3.747533300518992583e-01 2.327927827835083452e-01 1.653868860006332264e-01
3.747213186323644640e-01 2.325394630432129350e-01 1.651749914884567128e-01
3.745458388328555266e-01 2.305071830749512163e-01 1.651476329565048085e-01
3.744711430370809557e-01 2.299662113189697710e-01 1.649413263797759877e-01
3.743453511595729033e-01 2.297679066658020464e-01 1.643420687317848072e-01
3.741385193169119994e-01 2.276699423789978471e-01 1.631852990388870106e-01
3.739503698050978819e-01 2.273301362991333452e-01 1.617151355743408070e-01
3.737847173213961760e-01 2.265922307968140093e-01 1.608945286273956166e-01
3.736687415838244597e-01 2.250426292419434038e-01 1.597331023216247425e-01
3.735859209299090544e-01 2.239577651023865190e-01 1.584406948089599476e-01
3.735163585841659306e-01 2.230291843414307085e-01 1.570356121659279014e-01
3.733294570446017424e-01 2.221758842468262163e-01 1.556765145063400135e-01
3.731499539315703551e-01 2.219363927841186968e-01 1.539590439200401173e-01
3.731503748893741368e-01 2.219082593917847124e-01 1.533805733919143544e-01
3.731658385694029967e-01 2.211683869361876775e-01 1.528589433431625233e-01
3.730882668495181798e-01 2.214336872100830522e-01 1.524415767192840443e-01
3.730673605203631560e-01 2.216600060462952104e-01 1.519429242610931541e-01
3.731037454307082335e-01 2.211216568946838823e-01 1.510796105861663685e-01
3.730090820789340733e-01 2.211933016777039018e-01 1.500128066539764271e-01
3.729441986978057622e-01 2.209614396095276323e-01 1.493354371190071250e-01
3.729285524785521666e-01 2.209488630294800249e-01 1.491476154327392445e-01
3.729020358622077147e-01 2.208863973617554155e-01 1.489039963483810292e-01
3.728096337616446654e-01 2.202581644058227983e-01 1.480588322877883778e-01
3.727609516680244206e-01 2.204742312431335893e-01 1.475948622822761402e-01
3.726572209596636931e-01 2.201079607009888139e-01 1.469981378316879139e-01
3.726403193175795714e-01 2.199443459510803667e-01 1.464420935511588917e-01
3.725703173875811736e-01 2.201028943061829057e-01 1.458966439962386952e-01
3.724729010462763945e-01 2.201731681823730913e-01 1.452070778608322010e-01
3.723326773941519896e-01 2.206628203392029253e-01 1.439615941047668324e-01
3.722460159659388701e-01 2.207947254180908647e-01 1.434181338548660145e-01
3.721974083781245390e-01 2.209416508674622026e-01 1.430708175897598133e-01
3.719775678217414061e-01 2.217563867568970171e-01 1.408825671672820912e-01
3.718924486637118498e-01 2.222223162651062456e-01 1.398770964145660267e-01
3.717865870893004576e-01 2.227293729782104936e-01 1.387990719079971180e-01
3.718454578518870512e-01 2.232791066169739214e-01 1.382764434814452992e-01
3.746657112240794341e-01 2.251136779785156694e-01 1.357253572344779835e-01
3.754231297969821135e-01 2.251154661178589311e-01 1.351371338963508473e-01
3.770772443711761235e-01 2.231534004211426225e-01 1.353328830003738270e-01
3.805611731112006901e-01 2.192359447479249601e-01 1.348159915208816673e-01
3.823124395310882329e-01 2.160299897193909135e-01 1.351916721463203297e-01
3.839399741590026061e-01 2.132191538810730425e-01 1.355041867494582997e-01
3.852949739992621581e-01 2.107248783111572710e-01 1.360056108236312733e-01
3.869953417778018157e-01 2.079239368438721147e-01 1.365502631664275990e-01
3.875341416895392022e-01 2.079432487487793413e-01 1.364755934476852284e-01
3.886277639865878264e-01 2.074770212173462358e-01 1.363482630252838002e-01
3.895301559567455052e-01 2.063623547554016557e-01 1.365885442495345936e-01
3.904766255617145299e-01 2.062184691429138628e-01 1.367164856195449696e-01
3.908498623967173180e-01 2.062717556953430620e-01 1.367467126250266896e-01
3.921422103047373930e-01 2.048681855201721635e-01 1.371919146180152760e-01
3.927550503611567656e-01 2.038377404212952104e-01 1.375019407272338734e-01
3.932210245728495757e-01 2.032977819442749468e-01 1.377673974633216725e-01
3.938761429488661925e-01 2.023586511611938921e-01 1.381066522002220021e-01
3.941140921413901488e-01 2.022792577743530718e-01 1.382403677701949940e-01
3.943941631913188139e-01 2.019113183021545854e-01 1.384929126501083241e-01
3.948889078199866454e-01 2.006652832031250444e-01 1.390208309888839588e-01
3.950186149775984923e-01 2.001685380935669389e-01 1.392680114507675038e-01
3.952845150232318083e-01 1.988102078437805620e-01 1.398603847622871266e-01
3.954539375007155577e-01 1.982889652252197710e-01 1.400528556108474598e-01
3.956864626705649535e-01 1.970422744750977007e-01 1.405025577545165882e-01
3.957058379054073094e-01 1.970836997032167082e-01 1.405330902338027821e-01
3.959863895177844206e-01 1.965240120887756792e-01 1.407964533567428456e-01
3.961449639499190489e-01 1.961226344108581987e-01 1.409036821126937733e-01
3.962493354082110564e-01 1.960675001144409624e-01 1.407665839791297779e-01
3.966462799906734227e-01 1.952063918113708940e-01 1.406768044829368458e-01
3.967325390875342528e-01 1.948839902877808061e-01 1.404898396134376393e-01
3.969299533963206450e-01 1.942490816116333452e-01 1.400455838441848622e-01
3.969144338369372527e-01 1.936472535133362260e-01 1.397989100217819081e-01
3.969536387920382658e-01 1.930687904357910600e-01 1.398029929399490223e-01
3.970392832159999053e-01 1.925131559371948686e-01 1.395649915933608876e-01
3.970997484028342406e-01 1.924365043640137163e-01 1.393280929327010975e-01
3.970482127368453185e-01 1.916376829147339311e-01 1.391125178337097035e-01
3.968128414452079533e-01 1.912080526351929155e-01 1.388773775100707875e-01
3.968691901862623772e-01 1.911158442497253862e-01 1.385176634788513050e-01
3.970297650992873351e-01 1.907061219215393510e-01 1.379494747519492970e-01
3.970462346076968352e-01 1.904591798782349077e-01 1.370632803440093861e-01
3.970777505636218230e-01 1.903241753578186479e-01 1.367111808061599598e-01
3.971267977356913725e-01 1.906238079071045366e-01 1.353099799156188832e-01
3.972104044258597533e-01 1.904966115951538530e-01 1.347110724449157582e-01
3.971923740208151976e-01 1.905652761459351030e-01 1.343833214044570790e-01
3.972934336960318724e-01 1.903024196624756303e-01 1.338873064517974720e-01
3.973877915740016142e-01 1.901678323745727983e-01 1.334026461839675770e-01
3.974558153748515288e-01 1.898334503173828569e-01 1.327013975381851063e-01
3.974951060116294621e-01 1.895247578620912199e-01 1.327232575416564808e-01
3.975366653501990477e-01 1.892319798469543901e-01 1.324359333515167103e-01
3.975617738068107365e-01 1.890354633331299272e-01 1.322845673561096058e-01
3.975845800340178093e-01 1.888177871704102007e-01 1.320365524291991777e-01
3.976664879918101470e-01 1.882841467857361284e-01 1.319307392835616932e-01
3.976816536486151854e-01 1.882017731666565385e-01 1.318621492385864125e-01
3.976902590692046324e-01 1.881725668907165971e-01 1.317746123671531544e-01
3.977294528484347502e-01 1.879427909851074663e-01 1.315048417448997364e-01
3.977715598046782652e-01 1.877983093261719194e-01 1.313814824819564686e-01
3.978455701470377526e-01 1.874501585960388628e-01 1.312656334042549000e-01
3.978294880688193480e-01 1.874230384826660600e-01 1.312512090802192555e-01
3.978512027859690825e-01 1.870981931686401811e-01 1.312385952472686634e-01
3.978660443425181548e-01 1.869200348854065385e-01 1.311920365691184864e-01
3.978771121799948851e-01 1.867526650428772417e-01 1.312036669254302845e-01
3.979178556799891631e-01 1.863492012023926225e-01 1.312710872292518482e-01
3.979463616013529936e-01 1.860895633697510210e-01 1.313391929864883012e-01
3.979843446612361113e-01 1.856981396675110307e-01 1.314051976799964772e-01
3.980005384981635252e-01 1.854677081108093706e-01 1.314091986417770253e-01
3.979712241888049284e-01 1.851293921470642534e-01 1.314408785104751454e-01
3.979411685466769377e-01 1.851879239082336870e-01 1.313803946971893177e-01
3.979530633985999266e-01 1.849510550498962846e-01 1.313566645979881153e-01
3.979751655459407012e-01 1.847539424896240678e-01 1.313788151741027699e-01
3.980284856259825865e-01 1.843945264816284624e-01 1.314900150895118580e-01
3.980522157251837889e-01 1.842182159423828569e-01 1.315863883495330955e-01
3.980792166292670409e-01 1.840523362159729448e-01 1.316498374938964711e-01
3.980980069935324828e-01 1.839299082756042925e-01 1.316936022043228016e-01
3.981965073943141142e-01 1.831652402877808061e-01 1.319503268599510060e-01
3.982686550915244261e-01 1.827128410339355913e-01 1.321365392208099232e-01
3.983677813410761992e-01 1.821982145309448686e-01 1.325022733211517201e-01
3.983842061460021178e-01 1.823821544647217241e-01 1.325527733564376698e-01
3.984982745349410216e-01 1.816262483596802202e-01 1.328885188698768482e-01
3.985463754832748173e-01 1.812983632087707964e-01 1.329889750480651722e-01
3.986458519101146458e-01 1.804773092269897905e-01 1.333010575175285206e-01
3.986722232401374022e-01 1.802413344383240190e-01 1.333461260795593128e-01
3.987391704320910613e-01 1.796131014823914018e-01 1.335752388834953175e-01
3.987901063263418755e-01 1.787342309951782671e-01 1.339581316709518299e-01
3.985889331996443907e-01 1.782432079315185991e-01 1.341557136178016529e-01
3.984172718226912657e-01 1.779035806655884233e-01 1.342988094687461720e-01
3.983899803459647337e-01 1.775831460952759233e-01 1.345021134614944325e-01
3.983455115556719939e-01 1.774930238723755327e-01 1.346008336544036732e-01
3.982840554416182677e-01 1.778610229492187944e-01 1.345229154825210438e-01
3.982960098981860320e-01 1.775931596755981889e-01 1.347340798377990589e-01
3.982867302000525633e-01 1.776757717132568803e-01 1.347243642807006703e-01
3.982806915044787566e-01 1.776368498802185503e-01 1.347799679636955128e-01
3.983032928407195805e-01 1.773724436759949175e-01 1.348493775725364552e-01
3.983459660410884062e-01 1.770312070846558061e-01 1.350065699219703541e-01
3.983362914621833006e-01 1.771325349807739702e-01 1.349623954296111927e-01
3.983680160343650023e-01 1.769625425338745561e-01 1.349893963336944447e-01
3.984264881908896605e-01 1.764646649360657182e-01 1.351062288880348072e-01
3.984945380687716643e-01 1.758798241615295854e-01 1.353487974405288563e-01
3.985358627140524468e-01 1.754874467849731889e-01 1.355132615566253529e-01
3.985026368498805205e-01 1.750773072242737260e-01 1.356722718477249012e-01
3.985350506007674376e-01 1.749088644981384721e-01 1.357963463664054737e-01
3.985740506649019799e-01 1.747289180755615678e-01 1.359457081556319780e-01
3.985874356329444090e-01 1.747066855430603471e-01 1.359896218776702748e-01
3.986027801036837737e-01 1.749589323997498003e-01 1.360335057973861561e-01
3.986002357304099242e-01 1.751196861267090288e-01 1.360442048311233387e-01
3.986262419819834868e-01 1.751832842826843706e-01 1.361048376560211326e-01
3.986344264447692076e-01 1.752737641334534135e-01 1.361617302894592152e-01
3.986526542901995818e-01 1.752973079681396928e-01 1.362672156095504628e-01
3.986705356836321990e-01 1.755568265914917436e-01 1.363796374201774464e-01
3.986540251970294158e-01 1.758420944213867632e-01 1.363072401285171376e-01
3.987039776146414916e-01 1.759264349937439409e-01 1.366035720705985890e-01
3.987375611066821257e-01 1.758895397186279741e-01 1.367426967620849476e-01
3.987615147233012358e-01 1.758295774459839311e-01 1.368216729164123402e-01
3.987503202259543578e-01 1.761901855468750444e-01 1.368174186348914967e-01
3.987548241019251982e-01 1.762778639793396440e-01 1.368622040748596058e-01
3.988133223354819457e-01 1.760791420936584917e-01 1.370442366600036488e-01
3.988412135839465300e-01 1.760505914688110796e-01 1.370772427320480213e-01
3.989893758296969573e-01 1.750292062759399858e-01 1.375167077779769764e-01
3.990664297342303435e-01 1.745467662811279741e-01 1.377395322918891774e-01
3.990935759246351799e-01 1.744010925292969194e-01 1.377846381068229542e-01
3.991026321053507964e-01 1.743996024131775346e-01 1.378034061193466053e-01
3.991544769704345463e-01 1.740711212158203569e-01 1.379023349285125599e-01
3.992016689479354064e-01 1.736866712570190874e-01 1.380080735683441029e-01
3.992219568789008299e-01 1.735557198524475542e-01 1.379423892498016224e-01
3.992576824128631352e-01 1.733049035072327104e-01 1.379299467802047596e-01
3.992731535434725920e-01 1.731938600540161577e-01 1.379700458049774037e-01
3.993357495963576476e-01 1.727294802665710893e-01 1.380617699027061329e-01
3.993426302075389067e-01 1.726845383644104448e-01 1.379608592391013966e-01
3.993791566789152703e-01 1.724134564399719682e-01 1.380799269676208085e-01
3.995365315675739049e-01 1.709182739257812944e-01 1.381670093536376820e-01
4.003555478155615965e-01 1.640301823616028276e-01 1.342653414607047901e-01
4.006213957071307341e-01 1.608862161636352983e-01 1.284146463871002064e-01
4.006286451220515410e-01 1.602991700172424760e-01 1.251366889476775990e-01
4.005950094759466729e-01 1.595160245895386186e-01 1.182321241497993336e-01
4.004444481432440917e-01 1.605322837829590288e-01 1.109868144989013539e-01
4.003114143013957182e-01 1.611093163490295854e-01 1.073750710487365589e-01
4.001539090275767485e-01 1.623842597007751909e-01 1.015735572576522694e-01
3.998911531269553343e-01 1.636264204978943315e-01 9.841133713722227672e-02
3.997624816000464598e-01 1.660960197448730913e-01 9.223918676376341441e-02
3.997121790051463286e-01 1.676001429557800737e-01 8.886256873607634166e-02
3.995284476876261870e-01 1.685405850410461870e-01 8.653679549694059947e-02
3.994669207930567900e-01 1.700060248374939409e-01 8.330431640148161510e-02
3.993794770538809935e-01 1.709868192672729936e-01 8.179031372070311168e-02
3.992669509351256529e-01 1.723067641258240190e-01 7.904322504997252086e-02
3.992224299907687346e-01 1.728073239326477495e-01 7.815228462219236949e-02
3.991719001531603972e-01 1.735958337783813921e-01 7.689437329769133189e-02
3.992042542994025389e-01 1.739533424377441850e-01 7.610307693481446756e-02
3.991270923614504973e-01 1.746386766433716264e-01 7.482402086257933238e-02
3.990437427163127104e-01 1.755283355712891069e-01 7.329037845134733775e-02
3.990330064296725987e-01 1.756579756736755815e-01 7.296316385269163707e-02
3.990171292424204985e-01 1.758249282836914507e-01 7.269614994525908092e-02
3.989403100311759154e-01 1.767047524452209917e-01 7.105250716209410289e-02
3.989150413870814482e-01 1.770456910133362260e-01 7.050374209880827525e-02
3.988649958372119109e-01 1.777423501014709917e-01 6.923063158988951304e-02
3.988515065610411803e-01 1.779752850532532182e-01 6.883305370807646373e-02
3.988705874979499022e-01 1.780100345611572710e-01 6.875670015811918834e-02
3.989399747550490538e-01 1.782314062118530718e-01 6.813176035881041148e-02
3.988779635727408013e-01 1.787759542465210405e-01 6.719400048255916302e-02
3.988367506861689726e-01 1.791236877441406694e-01 6.664699375629423717e-02
3.988054470717909972e-01 1.794037103652954546e-01 6.602715015411375621e-02
3.988107705116274992e-01 1.793845176696777788e-01 6.557923614978788951e-02
3.988254518806937376e-01 1.793115615844727007e-01 6.505608618259428599e-02
3.987678365409376702e-01 1.797199726104736772e-01 6.411762595176695445e-02
3.986923658847811858e-01 1.796479105949401189e-01 6.385658740997313121e-02
3.987101094424727599e-01 1.796597719192505327e-01 6.345474779605864146e-02
3.988257499039176146e-01 1.795785903930664507e-01 6.307257771492003062e-02
3.987735287845137755e-01 1.802564740180969682e-01 6.168009400367735484e-02
3.987662644684317748e-01 1.805354833602905718e-01 6.094831287860869029e-02
3.987525181472304503e-01 1.807926774024963823e-01 6.042817294597624400e-02
3.987306804955008666e-01 1.811122775077820268e-01 5.983629882335661510e-02
3.987662942707542180e-01 1.809210062026977983e-01 5.959810376167296031e-02
3.987984584271910826e-01 1.806750178337097612e-01 5.968652725219725230e-02
3.988110871613028685e-01 1.805862069129944292e-01 5.971838593482969859e-02
3.988095039129260222e-01 1.805980086326599565e-01 5.979344308376310924e-02
3.988108152151110808e-01 1.805773258209228960e-01 5.991303980350493052e-02
3.988036254048350493e-01 1.806264400482178178e-01 6.000346004962919810e-02
3.987937906384471098e-01 1.806989789009094682e-01 6.005330443382261851e-02
3.987988197803500334e-01 1.806568384170532671e-01 6.011402666568754771e-02
3.955982626974585692e-01 1.824044466018677202e-01 6.281937718391417125e-02
3.872176820039752165e-01 1.869493603706360307e-01 7.486699581146238902e-02
3.798533754050734679e-01 1.897675871849060503e-01 8.434915602207182506e-02
3.558486198633912245e-01 1.986629247665405718e-01 1.080177283287048207e-01
3.154095934331420104e-01 2.160609841346741167e-01 1.306178873777389393e-01
2.883687058091166655e-01 2.268923401832581010e-01 1.415010175108909474e-01
2.234780752658846736e-01 2.510450959205627885e-01 1.613367652893066273e-01
1.136537605524065020e-01 2.980642795562743474e-01 1.841230845451354847e-01
8.053180217742944569e-02 3.143271386623380792e-01 1.910347497463225908e-01
2.040263652801538319e-02 3.471747219562529296e-01 2.023919975757598744e-01
-2.972454190254192330e-02 3.788124799728392333e-01 2.113875901699066029e-01
-6.860486030578594185e-02 4.078239977359770507e-01 2.174400916695594654e-01
-8.426136136054968029e-02 4.208564341068266601e-01 2.198036617040634022e-01
-1.146318352222440717e-01 4.499739289283750665e-01 2.242591536045074330e-01
-1.216412818431852894e-01 4.574065685272215021e-01 2.251120886206626759e-01
-1.300875580310819069e-01 4.683556437492368829e-01 2.262150502204894886e-01
-1.393337583541868208e-01 4.793727874755857599e-01 2.278501024842262135e-01
-1.414052581787106910e-01 4.826394498348234308e-01 2.282600483298301564e-01
-1.444294190406797962e-01 4.880034804344175470e-01 2.290189123153686390e-01
-1.465207672119139271e-01 4.914077103137968194e-01 2.297127774357795582e-01
-1.473404502868650989e-01 4.922357380390165460e-01 2.303193664550781117e-01
-1.485205924510954456e-01 4.927803158760069024e-01 2.309949627518653736e-01
-1.486642694473265247e-01 4.924453079700469305e-01 2.312745606899261341e-01
-1.494872307777403431e-01 4.917229592800138605e-01 2.319226568937301503e-01
-1.483986413478849964e-01 4.906184256076810968e-01 2.318688488006591664e-01
-1.484380400180815296e-01 4.891852617263792169e-01 2.323560199141502247e-01
-1.482764518260954456e-01 4.878676116466520440e-01 2.327436438202857838e-01
-1.481536364555356977e-01 4.865593791007993829e-01 2.330616644024848805e-01
-1.479201650619504926e-01 4.859646439552305353e-01 2.330977922677993641e-01
-1.476599311828611372e-01 4.847173571586607110e-01 2.332625842094421253e-01
-1.475437915325162885e-01 4.840671896934507501e-01 2.333626306056976185e-01
-1.478161549568174360e-01 4.836719512939451349e-01 2.335391274094581193e-01
-1.486372387409207740e-01 4.839090287685392511e-01 2.337558498978614674e-01
-1.499085462093351362e-01 4.838572919368742120e-01 2.341404637694358692e-01
-1.512809729576108930e-01 4.844564974308012140e-01 2.343955343961715565e-01
-1.525051927566526411e-01 4.840609312057494451e-01 2.347007697820663319e-01
-1.530504858493803022e-01 4.841371357440946710e-01 2.348778477311134205e-01
-1.538029646873472212e-01 4.844372451305387628e-01 2.349716281890869007e-01
-1.541280186176298139e-01 4.846100091934202325e-01 2.349869689345359669e-01
-1.554893290996549604e-01 4.859262585639951837e-01 2.352485588192939625e-01
-1.559670603275297718e-01 4.864013075828550470e-01 2.353114715218543873e-01
-1.569934523105620539e-01 4.875653564929960382e-01 2.354834309220313893e-01
-1.571028864383696155e-01 4.880926489830015313e-01 2.355171671509742604e-01
-1.572767233848570423e-01 4.886369884014127862e-01 2.354633888602256642e-01
-1.573067641258238392e-01 4.887356042861936700e-01 2.353286153078079090e-01
-1.572263872623442249e-01 4.885569393634794366e-01 2.353199502825736589e-01
-1.573997771739958917e-01 4.888080537319181573e-01 2.352809911966323719e-01
-1.578618323802946644e-01 4.892760992050169122e-01 2.353867149353027211e-01
-1.581747269630430774e-01 4.896774172782896173e-01 2.353980770707130299e-01
-1.582583224773405628e-01 4.898028254508970392e-01 2.353853663802146778e-01
-1.579903399944303510e-01 4.894463598728178155e-01 2.354152432084083424e-01
-1.581307983398436146e-01 4.894647479057310235e-01 2.354532262682914601e-01
-1.580333149433135187e-01 4.892777681350706231e-01 2.354092603921890126e-01
-1.582878863811491565e-01 4.899183094501493585e-01 2.352834945917129383e-01
-1.586231029033659534e-01 4.906996667385099542e-01 2.352511888742446766e-01
-1.587259805202482776e-01 4.910391747951505792e-01 2.351761764287948475e-01
-1.579677498340605335e-01 4.913693249225614679e-01 2.337140521407127247e-01
-1.580533719062803821e-01 4.915434002876279962e-01 2.336536949872970448e-01
-1.575813329219816761e-01 4.922598183155058038e-01 2.345058774948119984e-01
-1.482296323776243763e-01 4.970604956150053155e-01 2.376734471321105824e-01
-1.392913496494291858e-01 5.019815742969511163e-01 2.431786364316940174e-01
-1.185877656936644153e-01 5.113913297653196466e-01 2.612763798236846791e-01
-1.090642547607420521e-01 5.152957916259763849e-01 2.734107381105422840e-01
-9.266457319259630010e-02 5.173863947391508233e-01 2.990387013554572926e-01
-8.046675086021409795e-02 5.172459661960600030e-01 3.219489759206771717e-01
-7.366350650787339971e-02 5.152249217033384454e-01 3.415441295504569874e-01
-7.008558869361863897e-02 5.117891013622282159e-01 3.578748336434364186e-01
-6.877386927604661748e-02 5.078934311866758478e-01 3.721930539608001576e-01
-6.862852334976188295e-02 5.060158848762510431e-01 3.789426392316818104e-01
-6.894702076911912725e-02 5.022176682949064386e-01 3.940287983417510853e-01
-6.954253077507005498e-02 5.001531422138212335e-01 4.018929606676101551e-01
-6.981510281562791631e-02 4.993750631809233398e-01 4.051484620571136341e-01
-7.026279330253587529e-02 4.984432041645048828e-01 4.108183836936950550e-01
-7.096079349517808721e-02 4.983312964439390869e-01 4.128800189495086537e-01
-7.175609827041612432e-02 4.984150409698485107e-01 4.154518252611160145e-01
-7.219612956047050112e-02 4.984185874462126464e-01 4.175626790523528920e-01
-7.247591376304612920e-02 4.984451115131376953e-01 4.182415163516998158e-01
-7.261938214302049444e-02 4.985379159450529785e-01 4.185891604423522816e-01
-7.301783919334398076e-02 4.986055970191954345e-01 4.187721318006515370e-01
-7.315504908561692998e-02 4.985929310321806640e-01 4.190573996305465565e-01
-7.352424025535569951e-02 4.986186206340788574e-01 4.194886094331741200e-01
