4.953299999999999925e-01 2.731419999999999959e-01 1.578349999999999920e+00
4.953299999999999925e-01 2.731419999999999959e-01 1.578349999999999920e+00
4.953299999999999925e-01 2.731419999999999959e-01 1.578349999999999920e+00
4.953299999999999925e-01 2.731419999999999959e-01 1.578349999999999920e+00
4.953299999999999925e-01 2.731419999999999959e-01 1.578349999999999920e+00
4.953299999999999925e-01 2.731419999999999959e-01 1.578349999999999920e+00
4.953299999999999925e-01 2.731419999999999959e-01 1.578349999999999920e+00
4.953299999999999925e-01 2.731419999999999959e-01 1.578349999999999920e+00
4.953299999999999925e-01 2.731419999999999959e-01 1.578349999999999920e+00
4.953299999999999925e-01 2.731419999999999959e-01 1.578349999999999920e+00
4.953299999999999925e-01 2.731419999999999959e-01 1.578349999999999920e+00
4.953299999999999925e-01 2.731419999999999959e-01 1.578349999999999920e+00
4.953299999999999925e-01 2.731419999999999959e-01 1.578349999999999920e+00
4.953299999999999925e-01 2.731419999999999959e-01 1.578349999999999920e+00
4.953299999999999925e-01 2.731419999999999959e-01 1.578349999999999920e+00
4.953299999999999925e-01 2.731419999999999959e-01 1.578349999999999920e+00
4.953299999999999925e-01 2.731419999999999959e-01 1.578349999999999920e+00
4.953299999999999925e-01 2.731419999999999959e-01 1.578349999999999920e+00
6.496581614731102849e-01 -2.605952451054452945e-01 1.756430441297842648e-01
6.496719360462634985e-01 -2.604942065646350668e-01 1.757461382496012803e-01
6.492203739415765007e-01 -2.632029637285172585e-01 1.776502534610480133e-01
6.587810685933918053e-01 -2.744291160951852215e-01 1.502346248516006622e-01
6.647539185183704014e-01 -2.900740050771534184e-01 1.242428805915414269e-01
6.614494760959207520e-01 -2.789719734272658735e-01 1.529922271263659539e-01
6.641469208320766038e-01 -2.945891284909247787e-01 1.267103843059969037e-01
6.568193168685406702e-01 -2.872602511254548907e-01 1.580822365231260296e-01
6.599585123886198001e-01 -3.002269733670949181e-01 1.301128509684845724e-01
6.634599291498630702e-01 -3.007471585673987535e-01 1.292244213953865906e-01
6.568213291083186967e-01 -2.870959437275230064e-01 1.583218209965242540e-01
6.679754404946773860e-01 -3.050006993262767696e-01 9.543318281317803020e-02
6.615480406862824792e-01 -2.881699902327656826e-01 1.238214685203180565e-01
6.587110518905132661e-01 -2.743006826113164043e-01 1.506027267917646739e-01
6.561480909450888577e-01 -2.679584510295390798e-01 1.478095196621833640e-01
6.511924070673614784e-01 -2.452433309596628030e-01 1.699851490080446226e-01
6.461206142449200662e-01 -2.299077821021824897e-01 1.924496637920214415e-01
6.464392546810180384e-01 -2.252026706877350293e-01 1.910708959622218206e-01
6.504804599042236513e-01 -2.240290349707751982e-01 1.603453408738748642e-01
6.503732187747508497e-01 -2.221139541284143648e-01 1.607653974742397907e-01
6.510477869314282851e-01 -2.198851377237140414e-01 1.572187205593957859e-01
6.453514873959600440e-01 -2.109392222236841363e-01 1.822299130123719024e-01
6.510638434743464265e-01 -2.199318386677652226e-01 1.571419723028077975e-01
6.513765035927504554e-01 -2.186843426591902895e-01 1.558694209810285169e-01
6.510490198828130515e-01 -2.198956859152912946e-01 1.572829548563254853e-01
6.511735358693331310e-01 -2.199955901258289770e-01 1.569934226112321696e-01
6.507994263860732431e-01 -2.211125098257064880e-01 1.586246182261838999e-01
6.508261640888214350e-01 -2.211840585520565283e-01 1.584619885566442843e-01
6.508192617825746540e-01 -2.211858115126192903e-01 1.584428156460255810e-01
6.507916907903970039e-01 -2.211583531505315892e-01 1.585208002643569980e-01
6.507803150508374435e-01 -2.211258314947783521e-01 1.585571811956303367e-01
6.507958546405643308e-01 -2.212236010289042598e-01 1.583996526626885171e-01
6.508391509853541645e-01 -2.212627513472735508e-01 1.582159333051800232e-01
6.507964084373683011e-01 -2.211109516377002260e-01 1.585965283585577534e-01
6.507720549505144891e-01 -2.211261442015319545e-01 1.586455525997458871e-01
6.511169398363053640e-01 -2.199703771325647594e-01 1.570764133643207661e-01
6.508198518377542596e-01 -2.211583424426764310e-01 1.584269856872750903e-01
6.504003914374469897e-01 -2.222377778285443695e-01 1.602718638805120666e-01
6.507871166648685479e-01 -2.211517884419708924e-01 1.585949669651580685e-01
6.507270517934113929e-01 -2.211017058468610075e-01 1.587479138965786074e-01
6.511891869330226346e-01 -2.201247671246825965e-01 1.567187968098759931e-01
6.513365133553266073e-01 -2.185659975841790226e-01 1.562959989168448693e-01
6.511046937563746972e-01 -2.199249671667366790e-01 1.571242484182326926e-01
6.507966720538704841e-01 -2.211990895027219906e-01 1.583924036892905285e-01
6.511040125153958469e-01 -2.199398404941111385e-01 1.571372873028054062e-01
6.507551850492000467e-01 -2.210770286654382688e-01 1.586539698568447676e-01
6.510819899913669051e-01 -2.198916803431361644e-01 1.573347813927843397e-01
6.446533578824191757e-01 -2.131116857509314788e-01 1.855639543988212292e-01
6.512616815955758476e-01 -2.184126101974994127e-01 1.565724981239897673e-01
6.515410301466048049e-01 -2.171343138933777284e-01 1.553909728741376117e-01
6.456790339970767123e-01 -2.080343688306063310e-01 1.808851997840565939e-01
6.486854625382602046e-01 -2.155819592356234826e-01 1.539230690420763104e-01
6.487572408810943214e-01 -2.121844972494840720e-01 1.536031627317830939e-01
6.465256840942322780e-01 -2.030685757738053820e-01 1.490018141819595687e-01
6.083803672539531693e-01 -1.674313832660465906e-01 1.910352932174039786e-01
5.507679670712696263e-01 -1.129171829286072515e-01 1.582349183286717587e-01
4.944612700895842372e-01 -1.446858946419876668e-02 1.945422062574000410e-01
4.648783268856138129e-01 3.420986772087220018e-02 1.425247608676387667e-01
4.434282754056095843e-01 8.984207523787018923e-02 1.971502846752346549e-01
4.226987657387867858e-01 1.304373772458881087e-01 1.791126757598631158e-01
4.069895816563054991e-01 1.606329545640498568e-01 1.645402248918270693e-01
4.028058790925025945e-01 1.814139384024143764e-01 1.561303951224086717e-01
3.972915102330326631e-01 1.918622496381997555e-01 9.886913855916867888e-02
3.858360148027658032e-01 1.974986239424347811e-01 1.513057280925453885e-01
3.612065937609195698e-01 1.978767296165823697e-01 1.495713591305911638e-01
3.213975656339794762e-01 2.025735079803764327e-01 1.728907535099013515e-01
2.642729875514685522e-01 2.207618598466515869e-01 2.824164215807585254e-01
1.723095166195630634e-01 2.702385886659622871e-01 3.460651361627460343e-01
1.116067638721406352e-01 3.013324028840660973e-01 3.339793545013696185e-01
7.151237576872709889e-02 3.272081341241598329e-01 3.247095272823781187e-01
3.912334538407918894e-02 3.615006564932466415e-01 3.721985313038436161e-01
-4.615191155147524427e-03 3.999175637559294616e-01 3.264057732397971368e-01
-2.348635091774475825e-02 4.228707384136319858e-01 3.430951245779216841e-01
4.953299999999999925e-01 2.731419999999999959e-01 1.578349999999999920e+00
4.953299999999999925e-01 2.731419999999999959e-01 1.578349999999999920e+00
4.953299999999999925e-01 2.731419999999999959e-01 1.578349999999999920e+00
4.953299999999999925e-01 2.731419999999999959e-01 1.578349999999999920e+00
4.953299999999999925e-01 2.731419999999999959e-01 1.578349999999999920e+00
4.953299999999999925e-01 2.731419999999999959e-01 1.578349999999999920e+00
4.953299999999999925e-01 2.731419999999999959e-01 1.578349999999999920e+00
4.953299999999999925e-01 2.731419999999999959e-01 1.578349999999999920e+00
-4.371047308297160150e-02 4.113545173001885713e-01 3.742109773926078908e-01
-4.760945604630706374e-02 3.319674494885206384e-01 2.776305553905307200e-01
-3.275042029857622161e-03 2.321174814093708849e-01 2.051377556261835267e-01
5.817359856410614372e-02 1.396260587831735789e-01 1.582520802560478668e-01
1.538915579499185449e-01 6.562656926444176975e-02 1.825300036571742002e-01
2.258278874281168247e-01 -9.765660790845676065e-03 9.917010186090036150e-02
2.826083017799794206e-01 -4.220883182279761003e-02 1.119220047206683777e-01
3.587934792149662933e-01 -9.197032070936256298e-02 1.029226953873796369e-01
4.541721170797519136e-01 -1.752438278926759796e-01 8.087339679229077483e-02
4.754228810340892508e-01 -1.984727712047211767e-01 1.266660118225821918e-01
4.710653314445003570e-01 -2.090364308104068203e-01 1.308946680822469233e-01
4.724857422340795199e-01 -2.323902997651696167e-01 1.096879822197398546e-01
4.953299999999999925e-01 2.731419999999999959e-01 1.578349999999999920e+00
4.953299999999999925e-01 2.731419999999999959e-01 1.578349999999999920e+00
4.590020632219042329e-01 -2.371108696074299138e-01 3.854740920358468159e-02
4.953299999999999925e-01 2.731419999999999959e-01 1.578349999999999920e+00
4.953299999999999925e-01 2.731419999999999959e-01 1.578349999999999920e+00
4.953299999999999925e-01 2.731419999999999959e-01 1.578349999999999920e+00
4.953299999999999925e-01 2.731419999999999959e-01 1.578349999999999920e+00
4.953299999999999925e-01 2.731419999999999959e-01 1.578349999999999920e+00
4.953299999999999925e-01 2.731419999999999959e-01 1.578349999999999920e+00
4.953299999999999925e-01 2.731419999999999959e-01 1.578349999999999920e+00
4.953299999999999925e-01 2.731419999999999959e-01 1.578349999999999920e+00
4.953299999999999925e-01 2.731419999999999959e-01 1.578349999999999920e+00
4.953299999999999925e-01 2.731419999999999959e-01 1.578349999999999920e+00
4.953299999999999925e-01 2.731419999999999959e-01 1.578349999999999920e+00
4.953299999999999925e-01 2.731419999999999959e-01 1.578349999999999920e+00
4.953299999999999925e-01 2.731419999999999959e-01 1.578349999999999920e+00
4.953299999999999925e-01 2.731419999999999959e-01 1.578349999999999920e+00
4.953299999999999925e-01 2.731419999999999959e-01 1.578349999999999920e+00
4.953299999999999925e-01 2.731419999999999959e-01 1.578349999999999920e+00
4.953299999999999925e-01 2.731419999999999959e-01 1.578349999999999920e+00
5.365869695974245790e-01 -2.833414644895047019e-01 -1.527437556599764434e-02
6.028512772007748044e-01 -2.445289709541499656e-01 9.303846995034148470e-02
6.524929028871356840e-01 -2.464342601118981457e-01 1.056138493941842782e-01
6.791871169331610281e-01 -2.690000019256919561e-01 7.958670418875657404e-02
6.621715650533228636e-01 -2.471277476569413711e-01 1.373339440936103273e-01
6.595486353275568092e-01 -2.407259425223767513e-01 1.346907453070804728e-01
6.594627306888043439e-01 -2.386856003022789496e-01 1.352982473549750875e-01
6.598083870674967821e-01 -2.375262314155995869e-01 1.337711116357893637e-01
6.597607857007622423e-01 -2.374706942275017219e-01 1.340291806828275423e-01
6.595160582566648166e-01 -2.406189249712526457e-01 1.347336083752557201e-01
6.594864475506990731e-01 -2.386271404602527124e-01 1.353816347884639892e-01
6.595647265549688942e-01 -2.388831118868886549e-01 1.347771059842570729e-01
6.595094209791689810e-01 -2.387926848166435634e-01 1.350359714960187585e-01
6.595653222056120368e-01 -2.407636743455230655e-01 1.345893415971235463e-01
6.592397465871124851e-01 -2.437024209517537898e-01 1.360268369288069046e-01
6.528087887218654295e-01 -2.334224786900877535e-01 1.640743533825308464e-01
6.528652601108521081e-01 -2.336309804200678852e-01 1.635160986957462370e-01
6.525738370760828522e-01 -2.369123197055607866e-01 1.642132454988001200e-01
6.522804947959900401e-01 -2.381521172425150601e-01 1.654638621311963487e-01
6.527014915819704388e-01 -2.371141684455722598e-01 1.637480287333770157e-01
6.524828992161630925e-01 -2.367896613541394246e-01 1.647362591712580038e-01
6.552797473470568512e-01 -2.479356825469433701e-01 1.384812631778327141e-01
6.552804635352522666e-01 -2.480066429626941182e-01 1.383761048988654263e-01
6.556165339267789882e-01 -2.468394465827196405e-01 1.368975926336393201e-01
6.551405740237802311e-01 -2.477177525779157841e-01 1.390891943390875074e-01
6.556720172115921841e-01 -2.469421251670419482e-01 1.367214511593966009e-01
6.553188306902468785e-01 -2.480610241293906837e-01 1.381495701601056503e-01
6.551437441142200502e-01 -2.477538293759971588e-01 1.391003203629062046e-01
6.552469972365946305e-01 -2.479507618174106032e-01 1.386615202347964981e-01
6.551846722860693584e-01 -2.477536439243405719e-01 1.390168530645206069e-01
6.552538400571912280e-01 -2.478806524090170493e-01 1.386386078819019652e-01
6.551219348701745604e-01 -2.476460052268653900e-01 1.392937724073408656e-01
6.526487835255563308e-01 -2.370652625538855474e-01 1.639482348922027821e-01
6.556060255806832604e-01 -2.467751397207677555e-01 1.371910156616196197e-01
6.522215827979593872e-01 -2.380439549549668576e-01 1.659046498717338114e-01
6.523227554824828633e-01 -2.382517512279748173e-01 1.652520491007685166e-01
4.953299999999999925e-01 2.731419999999999959e-01 1.578349999999999920e+00
6.525185206314414454e-01 -2.368494746615290580e-01 1.645915863524063383e-01
6.524016417996942874e-01 -2.383045938076674419e-01 1.649882385570107246e-01
6.591052835109620922e-01 -2.454988280234485509e-01 1.362085528020442471e-01
6.525855252250463145e-01 -2.368302137149869979e-01 1.644592818704948556e-01
6.527325085268974592e-01 -2.371311848628669949e-01 1.635821348027213240e-01
6.526768865228086414e-01 -2.369810346205979412e-01 1.639309225089073951e-01
6.590920943297713386e-01 -2.453977973737269114e-01 1.364364604037848760e-01
6.591593158114283924e-01 -2.455916062738746353e-01 1.358916604305326903e-01
6.592082193112344113e-01 -2.456251991927474454e-01 1.357090398213027793e-01
6.660542914990306151e-01 -2.549690283623635145e-01 1.059263083201258393e-01
6.591913991051554511e-01 -2.437700638135373299e-01 1.362362353776545021e-01
6.661501081425129644e-01 -2.530711610860973404e-01 1.059607335760783808e-01
6.594212228952467392e-01 -2.424155426466166885e-01 1.351965247556268235e-01
6.661097379260481066e-01 -2.530741991344988562e-01 1.060462086664497594e-01
6.660065317780732297e-01 -2.547932327989637646e-01 1.063557285041540901e-01
6.595525789248137816e-01 -2.426473453316539408e-01 1.345016880995719699e-01
6.594977422082572982e-01 -2.424446043769568071e-01 1.349468992261677602e-01
6.660907980919092974e-01 -2.530691115570962157e-01 1.060790097024575385e-01
6.594904682016581310e-01 -2.425056921281069366e-01 1.348385623805581357e-01
6.661151454021632112e-01 -2.532192782006412735e-01 1.057964932330204277e-01
6.661210211184382946e-01 -2.531953864709138302e-01 1.058444998315630770e-01
6.660727358087689121e-01 -2.529629911266416120e-01 1.062416841783611066e-01
6.595540663213551591e-01 -2.425695135882347531e-01 1.345748573552711935e-01
6.594588173312783130e-01 -2.443104991230666267e-01 1.345985072539657157e-01
6.593290669192194420e-01 -2.442251141465455189e-01 1.350384271522386825e-01
6.594403733162462755e-01 -2.425260211184918357e-01 1.348071796199976635e-01
6.594181530224740850e-01 -2.425433147942274437e-01 1.347625477920337822e-01
6.594538735125601292e-01 -2.444343413580506996e-01 1.344393558015510859e-01
6.595589124072611664e-01 -2.426662988523840547e-01 1.344244548461048794e-01
6.661111053323417464e-01 -2.531993707573115815e-01 1.057271283076270940e-01
6.595955754022926332e-01 -2.427264396329820162e-01 1.341928070487694580e-01
6.594818303446113861e-01 -2.425476254376321972e-01 1.346795932679427654e-01
6.660832038526415255e-01 -2.549716427899747506e-01 1.059185416665122670e-01
6.593436156387686431e-01 -2.422690747501254072e-01 1.355107059417723914e-01
6.660764570891559710e-01 -2.530835946756302413e-01 1.060386935626744798e-01
6.592242962392687033e-01 -2.437962385145127642e-01 1.358988156600802188e-01
6.595818074988066826e-01 -2.427516818279176758e-01 1.342550652240230846e-01
6.594633755657970386e-01 -2.442892558639496725e-01 1.347429384524927443e-01
6.660561896206140808e-01 -2.529811283942162703e-01 1.062766983689811262e-01
6.660938811237693269e-01 -2.531868703017234323e-01 1.059252644726456083e-01
6.658394447486996048e-01 -2.543552083522826468e-01 1.071626589728460477e-01
6.660634054403692383e-01 -2.530122979041933284e-01 1.062736594056024053e-01
6.728081509209067335e-01 -2.675353968960195172e-01 7.649811762730474030e-02
6.657615280626059118e-01 -2.561016432196199233e-01 1.074267781761377716e-01
6.655975177776635165e-01 -2.578091202007233851e-01 1.079843877080262082e-01
6.588895003758341584e-01 -2.487695510439127677e-01 1.370366973444610004e-01
6.588758176413774814e-01 -2.489240204098671083e-01 1.367799825261191149e-01
6.617167783322394081e-01 -2.603830512775480166e-01 1.099264507877706354e-01
6.553620999444216277e-01 -2.498712437504976569e-01 1.378805981844961615e-01
6.551488891321748387e-01 -2.495542344276308888e-01 1.387444055059179338e-01
6.654721390487015054e-01 -2.576407648411243589e-01 1.086497211544141805e-01
6.589591851741909423e-01 -2.471591601287275730e-01 1.368722381311580083e-01
6.654522772463082880e-01 -2.575709816940426888e-01 1.088427260489284176e-01
6.589909894826293524e-01 -2.470969935084878777e-01 1.369022730312376979e-01
6.655452760367661647e-01 -2.576224040542095528e-01 1.083991132665365065e-01
6.589931694350421587e-01 -2.471015965051650554e-01 1.369163658333152345e-01
6.522696201301694252e-01 -2.381024471084624006e-01 1.655421618184194088e-01
6.551919062929183468e-01 -2.478532500360309532e-01 1.387932431486709195e-01
6.552161513990730768e-01 -2.497586658367812462e-01 1.383058469302014259e-01
6.552596733956307373e-01 -2.499252635254710642e-01 1.380283019718049342e-01
6.553228875463158465e-01 -2.500166622578501863e-01 1.376889453418268516e-01
6.552084579831600752e-01 -2.498277441175579539e-01 1.383345302187382053e-01
6.549021571275502884e-01 -2.510048534293323197e-01 1.398366444595815494e-01
6.617195750469505588e-01 -2.605762656641006370e-01 1.096892625325112114e-01
6.549738957543700391e-01 -2.529677649532258155e-01 1.392285435277655914e-01
6.582642567208260020e-01 -2.532888846497684532e-01 1.392612807609885373e-01
6.586406593690394828e-01 -2.503603620068282076e-01 1.379966901385143441e-01
6.580305303360909353e-01 -2.527563090603500706e-01 1.406565433932871478e-01
6.581776139938920744e-01 -2.530958654905706151e-01 1.397813163883236953e-01
6.649009460718631193e-01 -2.643185843956917247e-01 1.101818922314359295e-01
6.650483448050826807e-01 -2.626851463063507586e-01 1.098376866306514099e-01
6.581333901490717952e-01 -2.530742910367697052e-01 1.399322472163886388e-01
6.515921048642276947e-01 -2.440981510619222583e-01 1.683172026617674177e-01
6.618014105631560007e-01 -2.502886200195550415e-01 1.388204827427252930e-01
6.582533835106729736e-01 -2.513160986487120718e-01 1.398865684487358152e-01
6.554822548404664051e-01 -2.401328680629581103e-01 1.659391294117809057e-01
6.754826657930851352e-01 -2.722385350287109262e-01 8.018778533532477937e-02
6.686608193396061939e-01 -2.594561043460666960e-01 1.096887993371558068e-01
6.687006922370761774e-01 -2.594816969016343067e-01 1.095094329586954185e-01
6.687917976282238275e-01 -2.595773669506012959e-01 1.092881056847543331e-01
6.687533127888589668e-01 -2.595374301793872962e-01 1.092040023642106839e-01
6.685881361245542553e-01 -2.592592526519149621e-01 1.101413793376535555e-01
6.618312803277403011e-01 -2.502623560380041190e-01 1.388324429508374092e-01
6.650966018518060796e-01 -2.607345234886407348e-01 1.102681387361332810e-01
6.516158755545228276e-01 -2.421362163778691956e-01 1.688413753736048850e-01
6.517745817817032217e-01 -2.427167497919947015e-01 1.673117594857944646e-01
6.515549711099147823e-01 -2.440847834626137525e-01 1.681460630567699344e-01
6.580821217736929629e-01 -2.529879178251623895e-01 1.400693369052454784e-01
6.582749510514855906e-01 -2.532809672905504406e-01 1.393027501629025000e-01
6.582707768631458345e-01 -2.533161464548110420e-01 1.394740437374353270e-01
6.582490299661696298e-01 -2.532437222611457206e-01 1.396382971000982298e-01
6.582040827590436294e-01 -2.532031280268132178e-01 1.398581781135572744e-01
6.650096220836818617e-01 -2.624458357723802315e-01 1.105647279134018834e-01
6.582069152349203645e-01 -2.531964150063842345e-01 1.397625085702896008e-01
6.650159290021986358e-01 -2.624662609385698953e-01 1.104570186270712462e-01
6.582580262742906418e-01 -2.532538589394837114e-01 1.395446037088154956e-01
6.650380735263139442e-01 -2.624628851677774932e-01 1.104069895147157254e-01
6.649723248901814321e-01 -2.623570034113079652e-01 1.107100667222586932e-01
6.719746895670621889e-01 -2.738176691682040476e-01 8.004857729346892548e-02
6.684012529271483594e-01 -2.627674307624846550e-01 1.102387535711033539e-01
6.719792284820138573e-01 -2.737029196084141414e-01 8.020265525562475517e-02
6.684499894007116527e-01 -2.627519366182535787e-01 1.100449491697699234e-01
6.718316960717618525e-01 -2.734105607426911000e-01 8.090059151643669288e-02
6.617890545082449893e-01 -2.520661125730126462e-01 1.386766816729143592e-01
6.719641613296896132e-01 -2.737429351316242876e-01 8.012812254660128808e-02
6.616897766672282799e-01 -2.518549610286504592e-01 1.392831777444005770e-01
6.718881256714850370e-01 -2.736183777536451700e-01 8.050813126702172084e-02
6.718423128371298070e-01 -2.735218497728556519e-01 8.078512085624778294e-02
6.650330784709632681e-01 -2.624091997724920522e-01 1.104166594764901532e-01
6.616913170383988962e-01 -2.518741433046012834e-01 1.392041461199300389e-01
6.617168118756174833e-01 -2.518393701401203666e-01 1.392503516778602624e-01
6.684603906249672045e-01 -2.628314908119886439e-01 1.099627561448841551e-01
6.617292550058275769e-01 -2.518821794371157718e-01 1.390846146762965141e-01
6.650571922006159875e-01 -2.623702686834931130e-01 1.104125858929230208e-01
6.617434830386846878e-01 -2.519249819465427809e-01 1.390323723714976811e-01
6.649597358395575863e-01 -2.622911141496151455e-01 1.107995353198245603e-01
6.683921536113173190e-01 -2.626475079220235154e-01 1.104493294253094948e-01
6.650884699505508202e-01 -2.625709000355153644e-01 1.101864664031222407e-01
6.684698018032133593e-01 -2.628281415884345940e-01 1.099584072850032790e-01
6.617388399209797045e-01 -2.519502016968130920e-01 1.390983442648618951e-01
6.617635201504736830e-01 -2.520111254663318090e-01 1.388551565940527865e-01
6.682916813293486857e-01 -2.625143989854604176e-01 1.109328210442601659e-01
6.718923742309301783e-01 -2.735742561074345769e-01 8.062204218250501597e-02
6.650763606250137405e-01 -2.624726193850784872e-01 1.102848307209223222e-01
6.684205139310419597e-01 -2.627772963214665691e-01 1.101994656788543026e-01
6.617921925159900853e-01 -2.520664538339078553e-01 1.387669318509592298e-01
6.616499821069240506e-01 -2.518853408831655538e-01 1.392719446108190429e-01
6.646904798467457853e-01 -2.636895612328201133e-01 1.118285915439740652e-01
6.650507708485453584e-01 -2.624360698924361746e-01 1.103424514641775378e-01
6.651237480595498797e-01 -2.607700038068145876e-01 1.100914272261468430e-01
6.720963479003697616e-01 -2.720371091531962326e-01 7.991842804766591257e-02
6.685817997743547236e-01 -2.612389715830385484e-01 1.094770621638836428e-01
6.651756859071820127e-01 -2.609723935550600227e-01 1.094819889964133708e-01
6.650947405405760460e-01 -2.625212114232330918e-01 1.100596607620523137e-01
6.650797935177386044e-01 -2.624012937686890368e-01 1.102482460374816231e-01
6.650146994189292116e-01 -2.623662283469885281e-01 1.104157456476180243e-01
6.684529525331348587e-01 -2.627903357104658943e-01 1.099521014218911574e-01
6.650498322955041841e-01 -2.623613643307685650e-01 1.104777171541051484e-01
6.686030284188986261e-01 -2.612766888009756538e-01 1.094781643113569292e-01
6.653211886035441669e-01 -2.612815066965221700e-01 1.087217713283001874e-01
6.720204599598467166e-01 -2.719421884095072905e-01 8.007131864989691650e-02
6.650680691175281378e-01 -2.624200341123491542e-01 1.102793558898940152e-01
6.722309280630170969e-01 -2.724921460759490710e-01 7.866861897500010414e-02
6.722427467288374370e-01 -2.723636776182651320e-01 7.899337405475970186e-02
6.721188306728541617e-01 -2.722133440212606836e-01 7.938411316651405869e-02
6.685879427159339139e-01 -2.612524743879735545e-01 1.094925817453906713e-01
6.721080418298870374e-01 -2.721747461601793372e-01 7.944429118798224110e-02
6.719299428911149619e-01 -2.736035697931348820e-01 8.041885611293908553e-02
6.723338337795764508e-01 -2.707389147670268836e-01 7.873182057241345788e-02
6.652365235482722294e-01 -2.609317090948670703e-01 1.095524634583027179e-01
6.653142917418479740e-01 -2.610652639130949249e-01 1.091316683690606304e-01
6.720894882330149533e-01 -2.721474276601970055e-01 7.955135012741232359e-02
6.720125824209153276e-01 -2.719547723039388298e-01 8.015300801695279809e-02
6.685309224537818729e-01 -2.611716616541444602e-01 1.097150210904553891e-01
6.619765779894709601e-01 -2.506368166090398586e-01 1.379581368139788378e-01
6.652015005478411069e-01 -2.608403815862536113e-01 1.098585411963417524e-01
6.651815141990422564e-01 -2.608905296167731147e-01 1.097894592514931933e-01
6.650291238545924521e-01 -2.623976339791864176e-01 1.103300394370585469e-01
6.651156433957785552e-01 -2.625538409356027447e-01 1.099204516676752785e-01
6.718704646302431360e-01 -2.735328760280608673e-01 8.067465686585761908e-02
6.718236093654632590e-01 -2.734313017314970451e-01 8.096892724781934447e-02
6.719336328803867664e-01 -2.736114749660044643e-01 8.032516770389963590e-02
6.719669063751131377e-01 -2.738287491186707778e-01 7.990003217560959214e-02
6.718376307434648087e-01 -2.734736390381007909e-01 8.085678623782688312e-02
6.722474810608506379e-01 -2.724235348843484505e-01 7.902798019625389969e-02
6.684945702079683194e-01 -2.611099928794354263e-01 1.099704613054304225e-01
6.719714027387022615e-01 -2.737165654878317977e-01 8.013063148605525932e-02
6.684488580689131876e-01 -2.628031010043621052e-01 1.100114931140274699e-01
6.718537984810262209e-01 -2.734398075703382558e-01 8.079023176915200999e-02
6.719785246902614251e-01 -2.736418592866211585e-01 8.024664464091046945e-02
6.719504759254545379e-01 -2.735918865274190592e-01 8.042783080890614222e-02
6.721417565197139732e-01 -2.722157229774891940e-01 7.950396878982646243e-02
6.720909414617121103e-01 -2.720334955076872951e-01 7.986680765905984636e-02
6.619855380951553681e-01 -2.506053528942465691e-01 1.379066604350818182e-01
6.619176475463658393e-01 -2.504956446102559187e-01 1.381926440967009562e-01
6.619121716367393216e-01 -2.504654962934106388e-01 1.383038984961122431e-01
6.723551416739315112e-01 -2.707631695184856691e-01 7.866864294159703341e-02
6.652211259026348245e-01 -2.608924005391597412e-01 1.096219509060292197e-01
6.722340649092941600e-01 -2.705051585029959460e-01 7.934306672683510975e-02
6.723318681201368996e-01 -2.706688925398438861e-01 7.889712666802117802e-02
6.685482134741127513e-01 -2.612046952118575183e-01 1.096027142590463299e-01
6.720044933025658418e-01 -2.719026863350123002e-01 8.020632964007701204e-02
6.684943869348048961e-01 -2.610923422925919279e-01 1.099829743166162999e-01
6.721684847581327338e-01 -2.721121433808654233e-01 7.968444645194860954e-02
6.719351990473121372e-01 -2.736017452240585568e-01 8.031833849575353845e-02
6.684496762899696520e-01 -2.627434101449102055e-01 1.101077242435024584e-01
6.688422743000715931e-01 -2.598309623330831153e-01 1.087001781292067371e-01
6.686013439377844758e-01 -2.612423396535962228e-01 1.095802608540936696e-01
6.617677576781451076e-01 -2.519102233937531299e-01 1.389854413950220025e-01
6.686926583949476255e-01 -2.613153900079130953e-01 1.093776358990325992e-01
6.683440042662739389e-01 -2.625989769012331831e-01 1.105210842214465750e-01
6.682895035939424577e-01 -2.625610917974412484e-01 1.108820986800327368e-01
6.617083189193159187e-01 -2.518358425351083230e-01 1.393259513107285574e-01
6.616927874272555687e-01 -2.517304069071858441e-01 1.396141645439028522e-01
6.683180656008005371e-01 -2.624966652093380093e-01 1.110150071185902476e-01
6.683868969304979091e-01 -2.625174823808222868e-01 1.108000636321559984e-01
6.682775503457396571e-01 -2.624218780037611554e-01 1.112063772276759011e-01
6.683284116689235388e-01 -2.624937573789059564e-01 1.110226349242016131e-01
6.680430365744799426e-01 -2.639014342419653270e-01 1.120099505536824580e-01
6.683917488072336210e-01 -2.627207311678528279e-01 1.105101439460427493e-01
6.683815394478738181e-01 -2.625897245288788540e-01 1.108825870307088568e-01
6.684117893039435154e-01 -2.627126789066194790e-01 1.105093561613366138e-01
6.684385556443541709e-01 -2.628012891710995724e-01 1.102802091972276965e-01
6.685285394368321032e-01 -2.630413448457419312e-01 1.097778469829067127e-01
6.682524805151521807e-01 -2.624685426319539605e-01 1.112283495474515327e-01
6.718438161064177461e-01 -2.735916005692481945e-01 8.088809925130768796e-02
6.615457733668417273e-01 -2.534727102252542497e-01 1.398264193123830434e-01
6.677442864013910517e-01 -2.671605011655390216e-01 1.129441003355948769e-01
6.678426200895279941e-01 -2.673639527277945627e-01 1.124004784601793094e-01
6.644483809803277685e-01 -2.546919622920453263e-01 1.421298712989493840e-01
6.679036201201289380e-01 -2.534290632811486144e-01 1.415170108215761946e-01
6.680652468572050307e-01 -2.536570807949899975e-01 1.408458986529723678e-01
6.758000936701268335e-01 -2.612651658195256354e-01 1.510611431674944161e-01
6.969129911950380230e-01 -3.313289032903909415e-01 1.203063525857821503e-01
4.953299999999999925e-01 2.731419999999999959e-01 1.578349999999999920e+00
5.162736328712362877e-01 -1.814539420985914475e-01 3.521960927992902057e-01
3.804050516431555229e-01 -1.203262760110944685e-01 3.622098809984750645e-01
2.328965403283596025e-01 -9.410337282969055694e-02 4.097290268366557964e-01
1.295499632799982925e-01 -1.220416168110817212e-01 3.346990873988047177e-01
1.241612795217275633e-01 -1.733903419786392841e-01 1.740707334449083099e-01
1.686662994405448424e-01 -1.645914268815964199e-01 1.967952870693727707e-01
2.504617899992406249e-01 -1.904095925399660327e-01 1.164000548936157120e-01
3.842561966338142732e-01 -2.089691773284226284e-01 5.800791925406234562e-02
4.957473198690250382e-01 -2.510450357768088114e-01 8.323675576468936299e-02
5.685573641795754751e-01 -2.817957185045778523e-01 1.419578050020366966e-01
5.851658670512244198e-01 -3.073127356121986287e-01 1.584726705601011698e-01
5.809724266587033004e-01 -3.187453450662046661e-01 1.610469834175995985e-01
5.908279471104681546e-01 -3.462863183962702762e-01 1.053136603197661891e-01
5.946355716605231656e-01 -3.765956582709699130e-01 4.239195700573383796e-02
5.756298525262832921e-01 -3.335450762925147306e-01 1.325005410989763543e-01
5.661056740195199444e-01 -3.076815427006334147e-01 1.888476311229385640e-01
5.770038291468992941e-01 -3.493140568227916520e-01 1.040376435500969254e-01
5.856733841767221005e-01 -3.295135117636918132e-01 1.709217638903810510e-01
6.228627395094989971e-01 -3.517246704934239299e-01 3.307520589954848766e-02
6.222704936042160462e-01 -2.799245006267428448e-01 1.456586859059438854e-01
6.554168616248339241e-01 -3.095024486039578693e-01 2.364878993495844739e-02
6.471409078484297028e-01 -2.508361298513859250e-01 1.726057700904919390e-01
6.717391313287168764e-01 -2.391054810242056461e-01 1.681765946505680009e-01
6.751809935907840954e-01 -2.493195182863324477e-01 1.395721206214799448e-01
6.763161420387149292e-01 -2.381569033662527812e-01 1.360898834715857930e-01
6.813525641471296357e-01 -2.283624016643166499e-01 1.299494102137102036e-01
6.811372748701304269e-01 -2.263661420231758981e-01 1.303799267295970843e-01
6.845953897829950563e-01 -2.397568828244804884e-01 1.021390087329534513e-01
6.795949594492614043e-01 -2.385749452376216273e-01 1.358392223798139398e-01
6.789979179662942732e-01 -2.449160600125044329e-01 1.378716654279903420e-01
6.757796622091561956e-01 -2.428492787182479906e-01 1.379148721386431742e-01
6.756370002289444621e-01 -2.427743531915545205e-01 1.381663046538843531e-01
6.758224003484964992e-01 -2.447777155873775423e-01 1.374070602694867915e-01
6.728085776190251277e-01 -2.358664527749567696e-01 1.367678746325642347e-01
6.696465517031640058e-01 -2.398079724247455524e-01 1.350474016421661094e-01
6.755819411283909837e-01 -2.562588848917931039e-01 1.097894292640133607e-01
6.687892083432763757e-01 -2.473383313926160176e-01 1.385959384022787955e-01
6.685571518330007956e-01 -2.488243986309766620e-01 1.392976637422276287e-01
6.688155595901459360e-01 -2.456749331474899767e-01 1.385877373777908428e-01
6.693406400316566085e-01 -2.429582528032660227e-01 1.361905745385512123e-01
6.728727226241468795e-01 -2.533137987744509823e-01 1.068640462531538216e-01
6.700582562443375689e-01 -2.464680445995330871e-01 1.048736162218391055e-01
6.714717410102247763e-01 -2.396799243198781681e-01 9.860218378394103311e-02
6.649114231231481043e-01 -2.261202237014174332e-01 1.268412252511814664e-01
6.618594227217257098e-01 -2.243656048613041076e-01 1.259669973016961375e-01
6.655539274177372233e-01 -2.196424767052978233e-01 1.247607689511938123e-01
4.953299999999999925e-01 2.731419999999999959e-01 1.578349999999999920e+00
6.594187146169572245e-01 -2.162516131169050504e-01 1.223625914698986961e-01
4.953299999999999925e-01 2.731419999999999959e-01 1.578349999999999920e+00
6.649880756913185698e-01 -2.339562969140708271e-01 9.764545705261529207e-02
6.612136547972977674e-01 -2.288982094388454791e-01 1.280797922883616380e-01
6.736290893655866308e-01 -2.574771869775950295e-01 7.368730408668056064e-02
6.797722421993076525e-01 -2.663097462299465756e-01 7.688347826240971017e-02
6.717446252817421692e-01 -2.890067095318734625e-01 1.242160496054574015e-01
6.716632055817216562e-01 -2.888567191691696623e-01 1.245508833442585672e-01
4.953299999999999925e-01 2.731419999999999959e-01 1.578349999999999920e+00
6.687139749318271598e-01 -2.730993695786595454e-01 1.513986489328993379e-01
4.953299999999999925e-01 2.731419999999999959e-01 1.578349999999999920e+00
4.953299999999999925e-01 2.731419999999999959e-01 1.578349999999999920e+00
4.953299999999999925e-01 2.731419999999999959e-01 1.578349999999999920e+00
4.953299999999999925e-01 2.731419999999999959e-01 1.578349999999999920e+00
6.661610244162022854e-01 -2.667367845678925153e-01 1.483678998778730218e-01
6.665585246144533071e-01 -2.637441609966754696e-01 1.470449969919562783e-01
4.953299999999999925e-01 2.731419999999999959e-01 1.578349999999999920e+00
6.668015593916296613e-01 -2.605436732401400501e-01 1.460247229344351361e-01
6.774676800727188475e-01 -2.813396505984067653e-01 8.620815011167826114e-02
6.774143775896162012e-01 -2.792400412857830583e-01 8.682226758769884256e-02
6.778469683167784865e-01 -2.801919194838702332e-01 8.424815099926763473e-02
6.671954932609737154e-01 -2.575686870012730556e-01 1.445157842342421617e-01
6.710354640773177337e-01 -2.671213918719440028e-01 1.140213364227695703e-01
6.671551100644796950e-01 -2.574912086572050951e-01 1.448743820767923740e-01
6.781244469162494015e-01 -2.787328767797648821e-01 8.337313668302748226e-02
6.741972068093031734e-01 -2.670211073813438252e-01 1.149358340427861780e-01
6.773680321311622565e-01 -2.791261277272700791e-01 8.709899765543505090e-02
4.953299999999999925e-01 2.731419999999999959e-01 1.578349999999999920e+00
4.953299999999999925e-01 2.731419999999999959e-01 1.578349999999999920e+00
4.953299999999999925e-01 2.731419999999999959e-01 1.578349999999999920e+00
4.953299999999999925e-01 2.731419999999999959e-01 1.578349999999999920e+00
4.953299999999999925e-01 2.731419999999999959e-01 1.578349999999999920e+00
4.953299999999999925e-01 2.731419999999999959e-01 1.578349999999999920e+00
4.953299999999999925e-01 2.731419999999999959e-01 1.578349999999999920e+00
4.953299999999999925e-01 2.731419999999999959e-01 1.578349999999999920e+00
4.953299999999999925e-01 2.731419999999999959e-01 1.578349999999999920e+00
4.953299999999999925e-01 2.731419999999999959e-01 1.578349999999999920e+00
4.953299999999999925e-01 2.731419999999999959e-01 1.578349999999999920e+00
4.953299999999999925e-01 2.731419999999999959e-01 1.578349999999999920e+00
4.953299999999999925e-01 2.731419999999999959e-01 1.578349999999999920e+00
6.737319388556330946e-01 -2.680075379490703402e-01 1.171537477905570945e-01
6.738920273836106478e-01 -2.682679617592096388e-01 1.165096797975524456e-01
6.740560817753046274e-01 -2.668274544876814147e-01 1.156119563373909642e-01
6.781315935298471986e-01 -2.767986834134757435e-01 8.360938457171163130e-02
6.708347665201991328e-01 -2.667189078310430173e-01 1.148088075363351557e-01
6.749531823002159481e-01 -2.489791001460254227e-01 1.409792542547403382e-01
6.716321170910566352e-01 -2.389533589804618829e-01 1.681814436558661807e-01
6.749343091876923717e-01 -2.487384000350236490e-01 1.411893645002453290e-01
6.715422200253844398e-01 -2.389242035137712494e-01 1.683130824876815090e-01
6.716145546453624604e-01 -2.390629219773262315e-01 1.680287813912302308e-01
6.748882084694296513e-01 -2.486291624605953821e-01 1.415145360927863027e-01
6.749332346721559350e-01 -2.488824910258501111e-01 1.409063974554209953e-01
6.750350191861153037e-01 -2.491022755501270114e-01 1.402025795862911206e-01
6.752817547121315878e-01 -2.476534768977164958e-01 1.393845022846713633e-01
6.751625911188781082e-01 -2.474255834516733699e-01 1.400000202102584801e-01
6.750472269058614971e-01 -2.472461600428968453e-01 1.404878739034831625e-01
6.749156040898204312e-01 -2.487560048678814917e-01 1.410157683788388905e-01
6.717897055866509648e-01 -2.391861640264690003e-01 1.675900409176154238e-01
6.345782452671796525e-01 -2.265415696595907413e-01 2.812578243952648105e-01
6.590324360689372440e-01 -2.746407868162393795e-01 2.186071990201099435e-01
7.236182724780708675e-01 -2.759881537758707704e-01 1.619975230605616989e-01
6.947706603848934348e-01 -1.965281783396899407e-01 3.595164652775317826e-01
6.850166323487132392e-01 -2.521285763887166631e-01 2.433776589778109400e-01
7.185241569802611750e-01 -2.470736679610162634e-01 2.152456352347997814e-01
7.018754056832761101e-01 -2.133638959513157740e-01 3.159529982728539466e-01
6.830567441890984526e-01 -2.165957840916364896e-01 2.853729465321153125e-01
4.953299999999999925e-01 2.731419999999999959e-01 1.578349999999999920e+00
6.846823487687885290e-01 -2.380196831679492753e-01 1.019529834133041657e-01
6.847448671281725074e-01 -2.252747344389110506e-01 1.294292746462404331e-01
6.801870705356091173e-01 -2.323419553552567574e-01 1.336401638674036274e-01
6.799532032559394423e-01 -2.374282268489747993e-01 1.342539054844242852e-01
6.794338720563948275e-01 -2.380977932887970994e-01 1.372540470431982129e-01
6.724942060775935815e-01 -2.311900990347861562e-01 1.656187504991857296e-01
6.724406041604668038e-01 -2.311948647498190401e-01 1.657424615526481571e-01
6.722501172697573635e-01 -2.327967646302431248e-01 1.661453684112994544e-01
4.953299999999999925e-01 2.731419999999999959e-01 1.578349999999999920e+00
6.727667940149962833e-01 -2.300633675037920267e-01 1.638614843111931840e-01
4.953299999999999925e-01 2.731419999999999959e-01 1.578349999999999920e+00
4.953299999999999925e-01 2.731419999999999959e-01 1.578349999999999920e+00
6.769171218184530936e-01 -2.318056379539817080e-01 1.340540825998113306e-01
4.953299999999999925e-01 2.731419999999999959e-01 1.578349999999999920e+00
6.775365490127444046e-01 -2.293497448647767167e-01 1.310899049144611528e-01
