4.382458889484407427e-01 4.991591155529023216e-01 3.352666726708412037e-01
4.382458889484407427e-01 4.991591155529023216e-01 3.352666726708412037e-01
4.382458144426347735e-01 4.991593539714814232e-01 3.352666726708412037e-01
4.382458889484407427e-01 4.991591155529023216e-01 3.352666726708412037e-01
4.382458144426347735e-01 4.991593539714814232e-01 3.352666726708412037e-01
4.382458144426347735e-01 4.991593539714814232e-01 3.352666726708412037e-01
4.382458144426347735e-01 4.991593539714814232e-01 3.352666726708412037e-01
4.382458889484407427e-01 4.991591155529023216e-01 3.352666726708412037e-01
4.382458889484407427e-01 4.991591155529023216e-01 3.352666726708412037e-01
4.382458889484407427e-01 4.991591155529023216e-01 3.352666726708412037e-01
4.382458144426347735e-01 4.991593539714814232e-01 3.352666726708412037e-01
4.382459187507631304e-01 4.991589963436127708e-01 3.352668142318725453e-01
4.382459187507631304e-01 4.991589963436127708e-01 3.352668142318725453e-01
4.382458442449571612e-01 4.991592943668366478e-01 3.352668142318725453e-01
4.382459187507630194e-01 4.991589963436127708e-01 3.352668142318725453e-01
4.382458442449571612e-01 4.991592943668367588e-01 3.352668142318725453e-01
4.382458442449571612e-01 4.991592943668366478e-01 3.352668142318725453e-01
4.382458442449571612e-01 4.991592943668366478e-01 3.352668142318725453e-01
4.382459187507631304e-01 4.991589963436127708e-01 3.352668142318725453e-01
4.382458442449571612e-01 4.991592943668366478e-01 3.352668142318725453e-01
4.382457697391511919e-01 4.991592645645142601e-01 3.352668142318725453e-01
4.382458367943765642e-01 4.991589665412903831e-01 3.352668142318725453e-01
4.382457697391511919e-01 4.991592645645142601e-01 3.352668142318725453e-01
4.382458367943764532e-01 4.991589665412903831e-01 3.352668142318725453e-01
4.382458367943765642e-01 4.991589665412903831e-01 3.352668142318725453e-01
4.382460305094720843e-01 4.991589963436128818e-01 3.352668142318725453e-01
4.382458367943765642e-01 4.991589665412903831e-01 3.352668142318725453e-01
4.382458367943765642e-01 4.991589665412903831e-01 3.352668142318725453e-01
4.382457697391511919e-01 4.991592645645142601e-01 3.352668142318725453e-01
4.382458367943765642e-01 4.991589665412903831e-01 3.352668142318725453e-01
4.382458367943765642e-01 4.991589665412903831e-01 3.352668142318725453e-01
4.382458367943765642e-01 4.991589665412903831e-01 3.352668142318725453e-01
4.382457697391510809e-01 4.991592645645142601e-01 3.352668142318725453e-01
4.382457697391511919e-01 4.991592645645142601e-01 3.352668142318725453e-01
4.382458367943765642e-01 4.991589665412903831e-01 3.352668142318725453e-01
4.382457697391511919e-01 4.991592645645142601e-01 3.352668142318725453e-01
4.382458367943765642e-01 4.991589665412903831e-01 3.352668142318725453e-01
4.382457697391511919e-01 4.991592645645142601e-01 3.352668142318725453e-01
4.382458367943765642e-01 4.991589665412903831e-01 3.352668142318725453e-01
4.382460305094720843e-01 4.991589963436127708e-01 3.352668142318725453e-01
4.382457697391511919e-01 4.991592645645142601e-01 3.352668142318725453e-01
4.382458367943765642e-01 4.991589665412903831e-01 3.352668142318725453e-01
4.382458367943765642e-01 4.991589665412903831e-01 3.352668142318725453e-01
4.382458367943765642e-01 4.991589665412903831e-01 3.352668142318725453e-01
4.382458367943765642e-01 4.991589665412903831e-01 3.352668142318725453e-01
4.382458814978601458e-01 4.991588473320008323e-01 3.352668961882591114e-01
4.382458814978601458e-01 4.991588473320008323e-01 3.352668961882591114e-01
4.382458814978601458e-01 4.991588473320008323e-01 3.352668961882591114e-01
4.382458367943765642e-01 4.991589665412903831e-01 3.352668142318725453e-01
4.382460603117944720e-01 4.991588473320008323e-01 3.352669036388397084e-01
4.382460603117944720e-01 4.991588473320008323e-01 3.352669036388397084e-01
4.382458814978601458e-01 4.991588473320008323e-01 3.352668961882591114e-01
4.382458814978601458e-01 4.991588473320008323e-01 3.352668961882591114e-01
4.382458814978600348e-01 4.991588473320008323e-01 3.352668961882591114e-01
4.382458144426347735e-01 4.991591155529023216e-01 3.352668961882591114e-01
4.382458814978601458e-01 4.991588473320008323e-01 3.352668961882591114e-01
4.382458814978600348e-01 4.991588473320008323e-01 3.352668961882591114e-01
4.382458814978601458e-01 4.991588473320008323e-01 3.352668961882591114e-01
4.382458814978601458e-01 4.991588473320008323e-01 3.352668961882591114e-01
4.382458814978601458e-01 4.991588473320008323e-01 3.352668961882591114e-01
4.382458814978600348e-01 4.991588473320008323e-01 3.352668961882591114e-01
4.382458814978601458e-01 4.991588473320008323e-01 3.352668961882591114e-01
4.382460603117944720e-01 4.991588473320008323e-01 3.352669036388397084e-01
4.382458814978601458e-01 4.991588473320008323e-01 3.352668961882591114e-01
4.382458814978601458e-01 4.991588473320008323e-01 3.352668961882591114e-01
4.382458144426347735e-01 4.991591155529023216e-01 3.352668961882591114e-01
4.382458814978600348e-01 4.991588473320008323e-01 3.352668961882591114e-01
4.382458814978601458e-01 4.991588473320008323e-01 3.352668961882591114e-01
4.382458814978601458e-01 4.991588473320008323e-01 3.352668961882591114e-01
4.382458814978601458e-01 4.991588473320008323e-01 3.352668961882591114e-01
4.382458814978600348e-01 4.991588473320008323e-01 3.352668961882591114e-01
4.382458814978601458e-01 4.991588473320008323e-01 3.352668961882591114e-01
4.382458144426347735e-01 4.991591155529023216e-01 3.352668961882591114e-01
4.382460603117944720e-01 4.991588473320008323e-01 3.352669036388397084e-01
4.382458814978601458e-01 4.991588473320008323e-01 3.352668961882591114e-01
4.382458144426347735e-01 4.991591155529023216e-01 3.352668961882591114e-01
4.382458814978601458e-01 4.991588473320008323e-01 3.352668961882591114e-01
4.382458814978601458e-01 4.991588473320008323e-01 3.352668961882591114e-01
4.382458814978601458e-01 4.991588473320008323e-01 3.352668961882591114e-01
4.382458814978601458e-01 4.991588473320008323e-01 3.352668961882591114e-01
4.382458814978601458e-01 4.991588473320008323e-01 3.352668961882591114e-01
4.382458814978601458e-01 4.991588473320008323e-01 3.352668961882591114e-01
4.382458814978601458e-01 4.991588473320008323e-01 3.352668961882591114e-01
4.382458814978601458e-01 4.991588473320008323e-01 3.352668961882591114e-01
4.382458144426347735e-01 4.991591155529023216e-01 3.352668961882591114e-01
4.382460603117943609e-01 4.991588473320008323e-01 3.352669036388397084e-01
4.446982556581499102e-01 4.942979097366334007e-01 3.342995426058769093e-01
4.592900612950326922e-01 4.788964569568635032e-01 3.294697260856628285e-01
4.777687156200410845e-01 4.561924219131470726e-01 3.199826633930206166e-01
4.985515290498735430e-01 4.277533173561097191e-01 3.049581280350684986e-01
5.103416556119920733e-01 4.115505099296570823e-01 2.956531202793121205e-01
5.414866173267366412e-01 3.686763823032380705e-01 2.652553698420524464e-01
5.490872228145601275e-01 3.592189431190492277e-01 2.556290632486343251e-01
5.603411012887956621e-01 3.466620624065400724e-01 2.368053203821182118e-01
5.634810888767244341e-01 3.440025925636293058e-01 2.279154291749000416e-01
5.661711359024049761e-01 3.416905581951142912e-01 2.208066886663436756e-01
5.694460088014604571e-01 3.397955179214479093e-01 2.078516042232513295e-01
5.701778197288515093e-01 3.402252376079560880e-01 2.021866521239280567e-01
5.714404249191286089e-01 3.401696264743806486e-01 1.917036703228950367e-01
5.714089089632036211e-01 3.410301387310029630e-01 1.869901424646377430e-01
5.709197634458543780e-01 3.428812205791476053e-01 1.827444663643837119e-01
5.707646870613101164e-01 3.435101687908174162e-01 1.766404627263545857e-01
5.698049330711366656e-01 3.455632209777833586e-01 1.719844198226928578e-01
5.633379781246187212e-01 3.464698076248170500e-01 1.701962655782699452e-01
5.488151127099992754e-01 3.488266646862031584e-01 1.767905285954475270e-01
5.400477015972139361e-01 3.508125424385072355e-01 1.831927827000617848e-01
5.226066821813585284e-01 3.576943755149842308e-01 2.013583934307098255e-01
5.144551509618761065e-01 3.633821189403534935e-01 2.130027940869331227e-01
5.062933081388475420e-01 3.712125003337861107e-01 2.255235692858695851e-01
4.895155692100527367e-01 3.944283008575440452e-01 2.516922956705093251e-01
4.803124630451204302e-01 4.114481389522553489e-01 2.621753892302512989e-01
4.637829029560091021e-01 4.452228724956513450e-01 2.798432937264442311e-01
4.568483421206476214e-01 4.607584357261658714e-01 2.872787123918533192e-01
4.514133596420289996e-01 4.732844710350037620e-01 2.934236457943916188e-01
4.428971374034883501e-01 4.935668587684632347e-01 3.029295733571052418e-01
4.399506786465646746e-01 5.007848322391510454e-01 3.066838464140891896e-01
4.379022160172463263e-01 5.057104706764221635e-01 3.100878676772117482e-01
4.358799347281457348e-01 5.100784778594971147e-01 3.159253305196761952e-01
4.359370136260987683e-01 5.088342010974884477e-01 3.206755003333091603e-01
4.361826145648957653e-01 5.075182795524597612e-01 3.224600633978843556e-01
4.367833548784257336e-01 5.049100399017334428e-01 3.251367962360381947e-01
4.369520807266236706e-01 5.040627002716064897e-01 3.261964923143386708e-01
4.369586223363878252e-01 5.030336260795593706e-01 3.280335149168968067e-01
4.369531908631326678e-01 5.025434672832489458e-01 3.289766615629196034e-01
4.370083549618722918e-01 5.017925083637237993e-01 3.305578237771987782e-01
4.370781818032266619e-01 5.016049623489380327e-01 3.310209518671035633e-01
4.371330329775812151e-01 5.014586627483368364e-01 3.314365005493163929e-01
4.372565710544588091e-01 5.010135650634766069e-01 3.321920713782310353e-01
4.386412689089776995e-01 4.934739649295807884e-01 3.321072688698768482e-01
4.399487861990930559e-01 4.836182475090027855e-01 3.306262052059173451e-01
4.417203107476236346e-01 4.546995639801026390e-01 3.247101983428001271e-01
4.414078259468080523e-01 4.164969205856324241e-01 3.142910009622573719e-01
4.380024784803392413e-01 3.786032676696778343e-01 2.979103854298591481e-01
4.351878875494005205e-01 3.642686188220978782e-01 2.877312308549880848e-01
4.320366719365121844e-01 3.533921718597413109e-01 2.765142327547073231e-01
4.256395661830904564e-01 3.376333296298981712e-01 2.559937393665313587e-01
4.196422958374025902e-01 3.307848453521729515e-01 2.376410371065139637e-01
4.134757408499720177e-01 3.291633307933809482e-01 2.221750697493553028e-01
4.082659298181536278e-01 3.315783917903901146e-01 2.088590568304061756e-01
4.031970614194872460e-01 3.341893732547761009e-01 1.974077752232551441e-01
4.009464682638647637e-01 3.359313786029816118e-01 1.924752822518348561e-01
3.973540925979616723e-01 3.399989783763885942e-01 1.833368247747421131e-01
3.945572228729727349e-01 3.424763858318329302e-01 1.753820559382438526e-01
3.930421249568465392e-01 3.454061329364777055e-01 1.697281754016876365e-01
3.918408641219141564e-01 3.471806228160858598e-01 1.673876947164535389e-01
3.831791171431543352e-01 3.632054805755615678e-01 1.602441674470901356e-01
3.792528064548971178e-01 3.687736868858337846e-01 1.537928438186645375e-01
3.783700840175153735e-01 3.650363266468048540e-01 1.518476760387420521e-01
3.775512354075911126e-01 3.447823703289032427e-01 1.502528345584869252e-01
3.783938625454905114e-01 3.188241302967071977e-01 1.512025451660156117e-01
3.790714369714262566e-01 3.068498849868774858e-01 1.520306175947189198e-01
3.799704314768316826e-01 2.867697954177856889e-01 1.547474792599677906e-01
3.805951365828517119e-01 2.779655337333679643e-01 1.563971644639968739e-01
3.813386449217799345e-01 2.630615115165710893e-01 1.591764545440673695e-01
3.811793030798437676e-01 2.566572308540344682e-01 1.602819567918777333e-01
3.815737926959993920e-01 2.469826817512512651e-01 1.612501597404479847e-01
3.819834554195405962e-01 2.416749477386475053e-01 1.619937574863433705e-01
3.822887355089190642e-01 2.326040148735046831e-01 1.619022569060325489e-01
3.823926226794722716e-01 2.300029873847961870e-01 1.625364130735397206e-01
3.826637046039108037e-01 2.282833337783813921e-01 1.627085512876510487e-01
3.836841547489169835e-01 2.261013865470886675e-01 1.634362643957137928e-01
3.843888753652575652e-01 2.251638054847717729e-01 1.644077903032303001e-01
3.850485087931159178e-01 2.240008592605591264e-01 1.651774874329566822e-01
3.855624610185626189e-01 2.231244921684265581e-01 1.656419342756271229e-01
3.858098649978640715e-01 2.230554699897766557e-01 1.655969178676605091e-01
3.858948127925398985e-01 2.211518168449402300e-01 1.649390017986297474e-01
3.860582412779334227e-01 2.203423261642456499e-01 1.647956377267837391e-01
3.865609394013884703e-01 2.191213250160217729e-01 1.653538501262664662e-01
3.867724241316321532e-01 2.180576205253601518e-01 1.655755347013473378e-01
3.869070933759215514e-01 2.175707697868347612e-01 1.656861460208892689e-01
3.870220670104029259e-01 2.168313741683960405e-01 1.659066906571388111e-01
3.870046773552897612e-01 2.160638451576233354e-01 1.659461563825607167e-01
3.869663068652156035e-01 2.155008196830749956e-01 1.659454709291457997e-01
3.871660345792773406e-01 2.139680862426758257e-01 1.660888573527335987e-01
3.871935346722605864e-01 2.134188890457154875e-01 1.660907125473022328e-01
3.870819734036925475e-01 2.117943048477173296e-01 1.661050251126289234e-01
3.871739210188391844e-01 2.106408357620239702e-01 1.660492426156997547e-01
3.871026226878169219e-01 2.095247387886047807e-01 1.658048337697982655e-01
3.870001399517062346e-01 2.083563685417175737e-01 1.657817667722701893e-01
3.869442866742613951e-01 2.076907038688660112e-01 1.656845813989639149e-01
3.867985197901728789e-01 2.064754843711853471e-01 1.655789768695831166e-01
3.867477887868884801e-01 2.062214493751526323e-01 1.653771331906318809e-01
3.864969500899317900e-01 2.043835997581482378e-01 1.650611615180969105e-01
3.863020391762259642e-01 2.042466282844543901e-01 1.647861903905868397e-01
3.859782928228381316e-01 2.039831757545471635e-01 1.640628209710121022e-01
3.858702705800536314e-01 2.037658572196960893e-01 1.632966554164886341e-01
3.857004457712176482e-01 2.037484526634216753e-01 1.629807284474372453e-01
3.855141738057139555e-01 2.034577608108520952e-01 1.624749606847762928e-01
3.854260595142844359e-01 2.033201336860657182e-01 1.622824376821517811e-01
3.853919805586341063e-01 2.033356904983520952e-01 1.618478006124496327e-01
3.853579239547255120e-01 2.034011960029602495e-01 1.614407306909561024e-01
3.851985746622088591e-01 2.038117527961731401e-01 1.595340079069137440e-01
3.851365038752558312e-01 2.039319753646851030e-01 1.589573031663894520e-01
3.850984016060832182e-01 2.039070010185242143e-01 1.586867874860763417e-01
3.849192188680174986e-01 2.039666652679443803e-01 1.579645431041717674e-01
3.847386093437674681e-01 2.039208889007568803e-01 1.572837015986442433e-01
3.845806160569193999e-01 2.038450717926025835e-01 1.566091334819793568e-01
3.844777607917789219e-01 2.035660624504089800e-01 1.563486462831497059e-01
3.843143695592883269e-01 2.033474922180176225e-01 1.555050244927405900e-01
3.842721061408522765e-01 2.031136631965637651e-01 1.550895130634307728e-01
3.841634617745879332e-01 2.024665355682373491e-01 1.545506498217582569e-01
3.839920537173751036e-01 2.025486707687378374e-01 1.536395779252052174e-01
3.839789108932021300e-01 2.018440246582031694e-01 1.532608425617217884e-01
3.838878685235980193e-01 2.016522765159607378e-01 1.529389029741287098e-01
3.837859669327739476e-01 2.013978242874145952e-01 1.524991473555564747e-01
3.837063537538054625e-01 2.015098214149475542e-01 1.523208251595496998e-01
3.836746962368491332e-01 2.014331698417664018e-01 1.517347848415374623e-01
3.836221808195117156e-01 2.015871286392212358e-01 1.513397625088691578e-01
3.834459708631041686e-01 2.020161032676697221e-01 1.503903648257255421e-01
3.832237833738330046e-01 2.022829532623291460e-01 1.495844131708145008e-01
3.831141778826717137e-01 2.025819301605226164e-01 1.487625843286514149e-01
3.829605692625048796e-01 2.026966094970703569e-01 1.478974825143813954e-01
3.828608544170859496e-01 2.026504158973694292e-01 1.472360125184059010e-01
3.826999777555469273e-01 2.026802182197571245e-01 1.468677228689193592e-01
3.821483702957633177e-01 2.028020501136780229e-01 1.460136181116103993e-01
3.818704822659495512e-01 2.026347398757935014e-01 1.457885062694549427e-01
3.810848744213584660e-01 2.029365777969360796e-01 1.447444936633109913e-01
3.804419302940371672e-01 2.030374884605408159e-01 1.440884998440742359e-01
3.799376526474955718e-01 2.032640457153320757e-01 1.434224626421928273e-01
3.795235680043700377e-01 2.033641815185547319e-01 1.429990312457084523e-01
3.785954156517985503e-01 2.037626981735229936e-01 1.420539772510528431e-01
3.776973859965804259e-01 2.041277766227722612e-01 1.411147421598434315e-01
3.775649444758895079e-01 2.043989181518555132e-01 1.404923728108405934e-01
3.804637902975085417e-01 2.034925699234009233e-01 1.392181223630905018e-01
3.818855473399165312e-01 2.020948410034180132e-01 1.391219800710677967e-01
3.874339164793494938e-01 1.983818888664246050e-01 1.395575708150863514e-01
3.897020594775679747e-01 1.961353898048401323e-01 1.399182832241058216e-01
3.926051707565787474e-01 1.929795622825623003e-01 1.406387990713119374e-01
3.931812757253649870e-01 1.922262787818909135e-01 1.409957116842269764e-01
3.940263466537001769e-01 1.906371593475342241e-01 1.415429568290710038e-01
3.944278398156169096e-01 1.898267745971680132e-01 1.419542884826660023e-01
3.956616373360160033e-01 1.885651230812073198e-01 1.425260013341903553e-01
3.965372668206694762e-01 1.881790041923523393e-01 1.426182097196578846e-01
3.982411214709284941e-01 1.866057395935059038e-01 1.431775546073913441e-01
3.990991079807284514e-01 1.867977261543274370e-01 1.432101434469222889e-01
3.996923343837264220e-01 1.864113092422485796e-01 1.432734882831573353e-01
4.005063885450366179e-01 1.855007886886597124e-01 1.435534363985061512e-01
4.022438974678519408e-01 1.845418095588684526e-01 1.437894260883331166e-01
4.035498911142352263e-01 1.832978606224060503e-01 1.442552512884139881e-01
4.047263303399089018e-01 1.827461600303650346e-01 1.442791378498077259e-01
4.056677633523944060e-01 1.823789358139038530e-01 1.444671607017516957e-01
4.071878308057788054e-01 1.816627860069275346e-01 1.446453711390495167e-01
4.076755979657176177e-01 1.815926909446716753e-01 1.446962660551071034e-01
4.092371502518657445e-01 1.810372352600098100e-01 1.448763763904571678e-01
4.096411356329920928e-01 1.808005452156067339e-01 1.449698662757873402e-01
4.101579079031947295e-01 1.804293870925903764e-01 1.451882278919219837e-01
4.109493532776835600e-01 1.798322677612305132e-01 1.455723947286605702e-01
4.110434615612033049e-01 1.798440694808960405e-01 1.455555415153503285e-01
4.118405768275263390e-01 1.789248466491699663e-01 1.461174345016479359e-01
4.119728842377665678e-01 1.786085247993469682e-01 1.462478196620941029e-01
4.123154693841937224e-01 1.781626820564270464e-01 1.465690141916274891e-01
4.125061818957331816e-01 1.777112960815430132e-01 1.468624329566955433e-01
4.126598948240283171e-01 1.773339390754700151e-01 1.471248051524162159e-01
4.129989707469943205e-01 1.765819072723389116e-01 1.475698134303092823e-01
4.132760727405551116e-01 1.758834600448608843e-01 1.479833281040191517e-01
4.136630558967593907e-01 1.749038577079774504e-01 1.484749472141265736e-01
4.139426910877230803e-01 1.746986389160156694e-01 1.486024862527847157e-01
4.142709636688235442e-01 1.746047019958496538e-01 1.487413278222084190e-01
4.144681730866435210e-01 1.743597865104675737e-01 1.488886258006095753e-01
4.149083831906321684e-01 1.738610744476318803e-01 1.491638129949569569e-01
4.156297037005427519e-01 1.735284209251404253e-01 1.492916500568389759e-01
4.158232325315478484e-01 1.731652498245239702e-01 1.494313037395477162e-01
4.161666893959048430e-01 1.730497956275940385e-01 1.495034030079841481e-01
4.168636241555216948e-01 1.726026415824890581e-01 1.496764129400253163e-01
4.169532173871997038e-01 1.724323511123657671e-01 1.497213026881217823e-01
4.172493407130244414e-01 1.723692297935486284e-01 1.498371517658233509e-01
4.174984806776049773e-01 1.722436428070068803e-01 1.499552583694457875e-01
4.177868479490283726e-01 1.722266554832458940e-01 1.500599837303161488e-01
4.179125019907954375e-01 1.719342350959778276e-01 1.502601808309554920e-01
4.179402256011965910e-01 1.720210790634155718e-01 1.501844978332519398e-01
4.180946761369708220e-01 1.717935085296631303e-01 1.504013842344283924e-01
4.182414898276332060e-01 1.710768222808838335e-01 1.507868102192878590e-01
4.182943367958071867e-01 1.708080649375915971e-01 1.508513844013213978e-01
4.183665403723720311e-01 1.704840540885925737e-01 1.510632193088531361e-01
4.184489288926127593e-01 1.700630068778992143e-01 1.513511991500854359e-01
4.185550475120547453e-01 1.693468570709228960e-01 1.517464375495910511e-01
4.185198509693148772e-01 1.691408634185791460e-01 1.518553724884986744e-01
4.184907042980197112e-01 1.691774606704712358e-01 1.518362393975257740e-01
4.185190686583522002e-01 1.683431148529053178e-01 1.522384664416313038e-01
4.185069018602374236e-01 1.679717779159546343e-01 1.523721820116042958e-01
4.182715678215029875e-01 1.677402138710022417e-01 1.523917621374130116e-01
4.179970139265063445e-01 1.670781254768372026e-01 1.524940586090087757e-01
4.178652802109721343e-01 1.668404817581177202e-01 1.525287634134292469e-01
4.175198489427569548e-01 1.664779663085937944e-01 1.525456687808036671e-01
4.172863253951076268e-01 1.662006258964539018e-01 1.526260009407996998e-01
4.170863816142085234e-01 1.659036159515381303e-01 1.527109450101852284e-01
4.168893957138064543e-01 1.658401370048523393e-01 1.525464063882827626e-01
4.164670372009280364e-01 1.655871152877808061e-01 1.525800681114196644e-01
4.161208683252337615e-01 1.653185963630676714e-01 1.524941331148147450e-01
4.159946405887606780e-01 1.652396798133850542e-01 1.524688830971717424e-01
4.155631849169734160e-01 1.649870753288269487e-01 1.524694567918777333e-01
4.150897154212001006e-01 1.647213578224182573e-01 1.525632596015930043e-01
4.149010816216471831e-01 1.644366264343262163e-01 1.526761806011199818e-01
4.148748183250430821e-01 1.643519878387451616e-01 1.527038893103599415e-01
4.147089907526972929e-01 1.642466664314270464e-01 1.527464321255683766e-01
4.146058523654940209e-01 1.640202879905701128e-01 1.528446829319000111e-01
4.145546072721484343e-01 1.640364408493042436e-01 1.527997708320617543e-01
4.144375959038737456e-01 1.639216423034668413e-01 1.528502783179283009e-01
4.142862075567248503e-01 1.638078570365906206e-01 1.528418666124343739e-01
4.141956233978274504e-01 1.638021349906921831e-01 1.528230911493301258e-01
4.141474106907847563e-01 1.635614514350891557e-01 1.528558439016342030e-01
4.141108953952792326e-01 1.635157942771912065e-01 1.528556650876998768e-01
4.139842280745509306e-01 1.636044263839722124e-01 1.527679270505905018e-01
4.139523619413378874e-01 1.634302020072937456e-01 1.527921935915946827e-01
4.139543437957767247e-01 1.632254600524902788e-01 1.528591072559356556e-01
4.137764909863475005e-01 1.629956245422363725e-01 1.528132638335227833e-01
4.137135708332064787e-01 1.628709912300110307e-01 1.528431481122970448e-01
4.136788734793666600e-01 1.626943826675415483e-01 1.529213717579841481e-01
4.135173821449282250e-01 1.625670075416565385e-01 1.529784357547759599e-01
4.134286978840831517e-01 1.627089262008667436e-01 1.528750067949294911e-01
4.133553618192675749e-01 1.623862862586975542e-01 1.529650545120239125e-01
4.133548402786257903e-01 1.623250722885132280e-01 1.530217385292053089e-01
4.133293071389201323e-01 1.623530268669128862e-01 1.529518818855285511e-01
4.132317268848422209e-01 1.621366024017334428e-01 1.530649518966674671e-01
4.132230097055438200e-01 1.620960712432861772e-01 1.530523753166198597e-01
4.131605216860774199e-01 1.620964884757996050e-01 1.530527701973914967e-01
4.130098038911822478e-01 1.622801899909973589e-01 1.529880544543266163e-01
4.129434415698054472e-01 1.621765971183777300e-01 1.529588407278060780e-01
4.127899521589282195e-01 1.621795773506164995e-01 1.528252518177032337e-01
4.127651044726375340e-01 1.621775507926941362e-01 1.528041368722915516e-01
4.126334750652316252e-01 1.620427250862120916e-01 1.527261292934417314e-01
4.126105794310572783e-01 1.620287775993347612e-01 1.526802262663841114e-01
4.125366026163104216e-01 1.620139956474304643e-01 1.525517559051513539e-01
4.124708586931231658e-01 1.619040846824646440e-01 1.525892919301986561e-01
4.124214911460879485e-01 1.617728948593140093e-01 1.525909608602523670e-01
4.122719728946688811e-01 1.617558479309082475e-01 1.525896570086479054e-01
4.122346231341365574e-01 1.617959618568420854e-01 1.525674617290496693e-01
4.122320005297663847e-01 1.616944551467895952e-01 1.526585599780082569e-01
4.121920579671862206e-01 1.612726926803589311e-01 1.528655892610549794e-01
4.121936449408534209e-01 1.610250353813171831e-01 1.529886355996131764e-01
4.122021982073786894e-01 1.609128594398498979e-01 1.530809259414672718e-01
4.121824020147326628e-01 1.604980111122131792e-01 1.533053299784660206e-01
4.121463561058046898e-01 1.602453470230102983e-01 1.533642864227294789e-01
4.120400288701060454e-01 1.600839972496033159e-01 1.533690249919891224e-01
4.119593167304995696e-01 1.599973320960998979e-01 1.533576181530952320e-01
4.119158798456195036e-01 1.599571585655212846e-01 1.533531925082206593e-01
4.118826726078990141e-01 1.599322438240051714e-01 1.533010533452033863e-01
4.118346461653712431e-01 1.598366379737854448e-01 1.533468222618102894e-01
4.118122273683550993e-01 1.593951463699341264e-01 1.535962080955505238e-01
4.117946812510493437e-01 1.593552708625793901e-01 1.535793399810790605e-01
4.116898664832118193e-01 1.592454195022583452e-01 1.536606407165527211e-01
4.116510638594630400e-01 1.589736819267273393e-01 1.537666624784469471e-01
4.115778097510340849e-01 1.587257266044617143e-01 1.538421964645385609e-01
4.115463683009150664e-01 1.586245775222778764e-01 1.538701063394546376e-01
4.115173780918124358e-01 1.584589362144470659e-01 1.539037233591079579e-01
4.114807361364367644e-01 1.585465550422668901e-01 1.539077168703079090e-01
4.114091286063197295e-01 1.586053848266602007e-01 1.538697189092635975e-01
4.113553503155711333e-01 1.585228323936462846e-01 1.538798367977142201e-01
4.113203251361849944e-01 1.584559559822082964e-01 1.539203679561614857e-01
4.113002383708956877e-01 1.584491610527039018e-01 1.539267456531524525e-01
4.112080076336863677e-01 1.581768274307251421e-01 1.539782440662383900e-01
4.111781829595568816e-01 1.580767512321472612e-01 1.539494848251342640e-01
4.109285065531733672e-01 1.580511212348938432e-01 1.538713729381561146e-01
4.107379654049876372e-01 1.578273057937622514e-01 1.538962802290916310e-01
4.107480311393740813e-01 1.569354414939880815e-01 1.536038076877593861e-01
4.116891139745715300e-01 1.531033992767334428e-01 1.515830016136169300e-01
4.126518109440807103e-01 1.477823138236999956e-01 1.445208197832107688e-01
4.132501670718196074e-01 1.450217843055725542e-01 1.350949189066886769e-01
4.139437937736514250e-01 1.449998497962952104e-01 1.255665352940559254e-01
4.140677416324618498e-01 1.458244800567627397e-01 1.198674744367599354e-01
4.138941803574565093e-01 1.473023176193237749e-01 1.097484385967254783e-01
4.135833048820498625e-01 1.484733700752258745e-01 1.051875507831573353e-01
4.132813775539401213e-01 1.501772880554199663e-01 1.001151508092880116e-01
4.127459117770198027e-01 1.526952266693115678e-01 9.213988542556761363e-02
4.124436342716220061e-01 1.540771603584289995e-01 8.899889945983885386e-02
4.122022429108622710e-01 1.551402688026428667e-01 8.606441378593443492e-02
4.118990564346316496e-01 1.564457297325134721e-01 8.177852690219877818e-02
4.116591030359271208e-01 1.577048778533935991e-01 7.830970048904417613e-02
4.115525597333910546e-01 1.580289483070373979e-01 7.681496500968931773e-02
4.110949376225474516e-01 1.592682480812073198e-01 7.407160162925718883e-02
4.109418579936030547e-01 1.602045178413391557e-01 7.244941651821135142e-02
4.108315446972850005e-01 1.610199689865112749e-01 7.055480837821959117e-02
4.107203224301341771e-01 1.617307543754578081e-01 6.952510833740235818e-02
4.105104023218157927e-01 1.626610636711121050e-01 6.806740224361418345e-02
4.104463422298434416e-01 1.631951212882996050e-01 6.741797983646391490e-02
4.103849568963053862e-01 1.636113405227661577e-01 6.695543289184568980e-02
4.102248364686968962e-01 1.644050359725952593e-01 6.609854161739348033e-02
4.102146142721179167e-01 1.645293712615967241e-01 6.603007078170775035e-02
4.101545402407649199e-01 1.650075793266296831e-01 6.534318685531614879e-02
4.101199620962145964e-01 1.652867674827576128e-01 6.507234334945680154e-02
4.101106935739520232e-01 1.653991222381592241e-01 6.492148399353026011e-02
4.100806155800822417e-01 1.657112717628479448e-01 6.458637177944182017e-02
4.100844973325732390e-01 1.657028079032898393e-01 6.446887612342833140e-02
4.100842738151553313e-01 1.657385706901550737e-01 6.431067049503325084e-02
4.100395852327349822e-01 1.661332726478577104e-01 6.376734435558317760e-02
4.100576752424243132e-01 1.661175370216370073e-01 6.355293154716490367e-02
4.101253190636637846e-01 1.657751083374023882e-01 6.360562205314634898e-02
4.101072216033938012e-01 1.660771846771240678e-01 6.317010581493376353e-02
4.101509192585948149e-01 1.659620285034180132e-01 6.312525331974028209e-02
4.101735168695452849e-01 1.659093976020813432e-01 6.305883884429930308e-02
4.101957866549495457e-01 1.658250570297241655e-01 6.304948091506956676e-02
4.102189654111865202e-01 1.657575249671936479e-01 6.298106968402861217e-02
4.102488273382189909e-01 1.656139969825745073e-01 6.293757319450377086e-02
4.102793449163439909e-01 1.654983639717102495e-01 6.284231007099150279e-02
4.102694654464724699e-01 1.655824661254883257e-01 6.271518826484678844e-02
4.102938362956050078e-01 1.655332922935486284e-01 6.240786671638487437e-02
4.102748000621798674e-01 1.657840490341186968e-01 6.185986161231993297e-02
4.102752470970157384e-01 1.658270239830017534e-01 6.168422162532805064e-02
4.102619403600695769e-01 1.659726381301880327e-01 6.142284035682676890e-02
4.102482908964160124e-01 1.661185503005981889e-01 6.122325420379637340e-02
4.102447146177294890e-01 1.662579059600830522e-01 6.104314386844633677e-02
4.102035427093508879e-01 1.667898774147034135e-01 6.039278268814085582e-02
4.101590478420260588e-01 1.672367334365845171e-01 6.002809166908262828e-02
4.100095519423487822e-01 1.677397966384888139e-01 5.968719780445097545e-02
4.099831396341326872e-01 1.680751323699951616e-01 5.946742057800291636e-02
4.099241012334826628e-01 1.689690232276916948e-01 5.845914840698240855e-02
4.099186474084857146e-01 1.691227436065673162e-01 5.830271601676936810e-02
4.099330568313601653e-01 1.692702054977417436e-01 5.808621704578398326e-02
4.099234157800677458e-01 1.694561123847961870e-01 5.756487011909483531e-02
4.099134394526484093e-01 1.695640563964844194e-01 5.736057519912715619e-02
4.099229016900065581e-01 1.696042895317078081e-01 5.688990712165831187e-02
4.099378475546839873e-01 1.695127367973328081e-01 5.683276116847990611e-02
4.099232667684558074e-01 1.695382475852966753e-01 5.631001353263853648e-02
4.099424669146540801e-01 1.693680167198181596e-01 5.625659286975859263e-02
4.099679404497149626e-01 1.689863085746765581e-01 5.623027741909025767e-02
4.099503943324091515e-01 1.689407110214233843e-01 5.614037871360777476e-02
4.099862912297251305e-01 1.683032989501953569e-01 5.624346494674681285e-02
4.100253471732142607e-01 1.679915666580200639e-01 5.629761576652525523e-02
4.100268074870112578e-01 1.679059743881226030e-01 5.598463177680967906e-02
4.100622871518138646e-01 1.676655888557435636e-01 5.596448540687559703e-02
4.101021403074267546e-01 1.673879504203796831e-01 5.594094157218931773e-02
4.101392143964770476e-01 1.669260144233704057e-01 5.588372111320494273e-02
4.101209753751757781e-01 1.669429421424866167e-01 5.586598873138426402e-02
4.100993016362193266e-01 1.669980168342590776e-01 5.584545493125911420e-02
4.100359940528872649e-01 1.673276305198670988e-01 5.570958614349363902e-02
4.100107887387278716e-01 1.674895167350769487e-01 5.565191864967344859e-02
4.099861645698550383e-01 1.676552772521973100e-01 5.560272991657255748e-02
4.099664130806925932e-01 1.677774071693420854e-01 5.566476345062254527e-02
4.099663683772089562e-01 1.677799701690674272e-01 5.571594893932341197e-02
4.064725303649904808e-01 1.673626780509948064e-01 5.844987988471983531e-02
3.956276999413970152e-01 1.676031231880188432e-01 7.028853952884672740e-02
3.866034971177580992e-01 1.682806491851807085e-01 7.974745392799376109e-02
3.599981443583968321e-01 1.729879260063171831e-01 1.036956018209457264e-01
3.166087140887978713e-01 1.884861469268799272e-01 1.267181789875030384e-01
2.884342485666278044e-01 2.007781744003296343e-01 1.370321816205978260e-01
2.209768036007883907e-01 2.301076531410217729e-01 1.562942868471145497e-01
1.849058681726458431e-01 2.469765424728392889e-01 1.645363873243331776e-01
1.176128947734835228e-01 2.837563037872313787e-01 1.787160789966583119e-01
4.705437660217309803e-02 3.292687118053435613e-01 1.923080688714980946e-01
-1.034877061843852974e-02 3.754078328609465331e-01 2.033198705315589772e-01
-3.380877137184123971e-02 3.951987206935881347e-01 2.081082171201705799e-01
-5.377680420875530221e-02 4.123834550380705566e-01 2.117254367470741139e-01
-8.777663469314556099e-02 4.438532173633574218e-01 2.179188063740730152e-01
-1.009449696540830610e-01 4.570012867450712335e-01 2.202341189980506764e-01
-1.200184261798856733e-01 4.760721802711485040e-01 2.238368025422096119e-01
-1.345290279388426380e-01 4.909761130809782159e-01 2.265487170219421253e-01
-1.392340397834776478e-01 4.956614553928373468e-01 2.275119206309318409e-01
-1.490483915805815296e-01 5.062475383281705987e-01 2.295230484008788929e-01
-1.524257695674894886e-01 5.097131013870237481e-01 2.302197894454002247e-01
-1.571047341823576526e-01 5.141922116279600274e-01 2.314377880096435414e-01
-1.591298019886015491e-01 5.162812054157255304e-01 2.319508349895477162e-01
-1.604296898841856556e-01 5.178255617618559015e-01 2.323166063427924977e-01
-1.609558200836180286e-01 5.183779478073119451e-01 2.325587278604507313e-01
-1.629606819152830677e-01 5.202045619487760675e-01 2.329097098112106190e-01
-1.630554533004759388e-01 5.214594185352323663e-01 2.324318891763687001e-01
-1.633412575721739368e-01 5.223865985870359552e-01 2.323860383033752308e-01
-1.643488740921019153e-01 5.241281569004057062e-01 2.323737373948097096e-01
-1.645632719993589954e-01 5.243055403232572687e-01 2.324229410290717945e-01
-1.644115185737608509e-01 5.246690690517423761e-01 2.323934590816497670e-01
-1.646146512031553821e-01 5.247797846794126642e-01 2.324543526768684254e-01
-1.649108266830442981e-01 5.251167893409727228e-01 2.325211322307586537e-01
-1.649385428428649103e-01 5.253141403198240411e-01 2.324925518035888539e-01
-1.649490928649900434e-01 5.250429689884184015e-01 2.325448846817016746e-01
-1.647116279602049427e-01 5.240224480628965509e-01 2.327011084556579457e-01
-1.642598247528074817e-01 5.234297692775724542e-01 2.327147504687309132e-01
-1.639120912551878528e-01 5.222415208816526544e-01 2.329161098599433766e-01
-1.639790868759153919e-01 5.215915024280546319e-01 2.330470836162567005e-01
-1.635427808761595325e-01 5.202009558677671563e-01 2.332102066278457508e-01
-1.632089352607725696e-01 5.186920642852782537e-01 2.334351471066474781e-01
-1.629636025428770618e-01 5.180610299110410821e-01 2.334488859772682057e-01
-1.626372671127317981e-01 5.161455452442167413e-01 2.337306073307990895e-01
-1.620779967308042524e-01 5.142410576343534601e-01 2.338546222448349143e-01
-1.611668801307676868e-01 5.121393680572507989e-01 2.338856986165046281e-01
-1.599919235706327991e-01 5.097297012805936944e-01 2.339194050431251393e-01
-1.589709854125975208e-01 5.077552974224088800e-01 2.338780319690704212e-01
-1.586425340175627863e-01 5.069651782512663019e-01 2.338899379968642778e-01
-1.526538467407225208e-01 4.978734135627744806e-01 2.332612431049346791e-01
-1.523876225948332386e-01 4.974611580371854913e-01 2.332391595840453968e-01
-1.517865097522733686e-01 4.989271640777586114e-01 2.334524101018905506e-01
-1.424825823307035999e-01 5.056349813938139093e-01 2.359831488132476673e-01
-1.334675586223600940e-01 5.115144431591032159e-01 2.408629289269447471e-01
-1.136050260066985285e-01 5.223948538303373468e-01 2.577394178509712086e-01
-1.041060423851011829e-01 5.245340347290037286e-01 2.696964746713638172e-01
-9.534523248672477358e-02 5.255459427833555353e-01 2.819910204410552845e-01
-8.246761918067918584e-02 5.243618965148924005e-01 3.067507898807525502e-01
-7.440317034721355416e-02 5.221564948558805597e-01 3.287269926071166859e-01
-7.060322523117051885e-02 5.179374098777769220e-01 3.476262992620468006e-01
-6.941190719604484194e-02 5.139328122138975274e-01 3.629500126838683949e-01
-6.917360782623277471e-02 5.115454673767088067e-01 3.713148689270019398e-01
-6.944284200668315865e-02 5.092825472354887140e-01 3.792246139049529896e-01
-7.043630242347698189e-02 5.062760591506956231e-01 3.912041342258453236e-01
-7.071039438247672670e-02 5.050288319587705743e-01 3.968292629718780384e-01
-7.052955389022813604e-02 5.027051150798795831e-01 4.056559062004089222e-01
-7.036048531532274053e-02 5.020659148693082940e-01 4.086201345920562611e-01
-6.953859686851487920e-02 5.008363604545591485e-01 4.143179214000701771e-01
-6.939843654632560366e-02 5.003266811370847833e-01 4.179087436199188099e-01
-6.927878022193895147e-02 4.999445259571074218e-01 4.198611533641815052e-01
-6.946203470230088994e-02 4.995300054550169677e-01 4.237367665767669545e-01
-6.951165556907640264e-02 4.993665397167203479e-01 4.250135725736617909e-01
-6.936645865440349557e-02 4.991155743598936767e-01 4.272426223754882679e-01
-6.931865572929368779e-02 4.990643441677092285e-01 4.282697296142577992e-01
