8.526809905155747771e-01 -2.079045707215741168e-01 1.196179087891913184e-01
8.524885247627704832e-01 -2.094264488914086841e-01 1.202074977495171115e-01
8.632688452013641545e-01 -2.179242081180438606e-01 9.015963126408976791e-02
8.669045269899845474e-01 -2.146842500124126196e-01 8.968327814979404344e-02
8.594675513638465603e-01 -1.878557029507979259e-01 1.469416616727730052e-01
8.639044283499865973e-01 -1.788882322154715376e-01 1.435429706710107389e-01
8.572924787721953876e-01 -1.585920691184308229e-01 1.698863005321313846e-01
8.562876265175014545e-01 -1.349318960819914648e-01 1.887701747053867063e-01
8.444174110173672254e-01 -9.567689235412324411e-02 2.595813774742952162e-01
8.702306573324858352e-01 -8.241118943029640542e-02 1.995766992434053755e-01
8.574464038560212220e-01 -2.743130918800829043e-02 2.283315826788692160e-01
8.487704486087619404e-01 6.588553960219012406e-03 2.409855381382268735e-01
8.435182140386342509e-01 3.761426469200851441e-02 2.523523922483503767e-01
8.471074286937891884e-01 6.248424718114736764e-02 2.411135046060624010e-01
8.435217576255022998e-01 8.261756699210409671e-02 2.564915215962559891e-01
8.464015187468290069e-01 1.002278087458014499e-01 2.477043936034977190e-01
8.451990421972990220e-01 1.129448075476587321e-01 2.427131770013299938e-01
8.525445523889959576e-01 1.140051088467240459e-01 2.151097438922433547e-01
8.629408689905047058e-01 1.065160278903842239e-01 1.633943225509286723e-01
8.772635117029727869e-01 1.014909241911769455e-01 1.079271801675527609e-01
8.573032070325076193e-01 1.083502362420856735e-01 1.613161794621584821e-01
8.441510558558166233e-01 1.064552753497064463e-01 2.226562598877608323e-01
8.437997025551438046e-01 8.669603946873549738e-02 2.559808777480392372e-01
8.421296328747391868e-01 7.145691173842555477e-02 2.612496433636040116e-01
8.427654814709006903e-01 3.934316554239397634e-02 2.549833418483435921e-01
8.452427473794936752e-01 9.960915204912434984e-03 2.426242244801430914e-01
8.482740622754036952e-01 -2.364418600393825010e-02 2.284480010960294738e-01
8.622468437322974300e-01 -7.130181210710101469e-02 1.598038199457572084e-01
8.278164734903394884e-01 -7.144043097354468852e-02 2.443295130805507309e-01
7.999766618669613694e-01 -9.297483048072086032e-02 2.177459904061345153e-01
7.717477972126781660e-01 -7.964970111902053285e-02 2.358762882695033536e-01
7.505537118764221693e-01 -8.221250301171839636e-02 1.712021540420189947e-01
7.019508232530385916e-01 -5.681431913556150848e-02 2.402734276055931151e-01
6.833911071473330878e-01 -6.528032482841605866e-02 1.544548515868142680e-01
6.217270311381384307e-01 -2.904706243777271935e-02 2.146627780229648508e-01
5.461951342594087988e-01 1.988236521834130244e-02 2.646638873626143695e-01
5.120664247580286599e-01 5.205944869797307639e-02 3.204983482487560043e-01
4.916018177082884244e-01 5.918752449130643134e-02 2.413995909868871248e-01
4.626864589520103821e-01 8.716609753116222326e-02 3.206109508077141790e-01
4.428819663418366859e-01 1.087896177448183233e-01 3.337118713426703298e-01
4.136000903404012385e-01 1.408900514573306340e-01 3.768135551259035321e-01
3.957537928836673546e-01 1.615586499668955622e-01 3.867034636565906958e-01
3.768886209665953668e-01 1.737737854944765292e-01 3.629210057980298831e-01
3.700545216573357110e-01 1.863255648938119680e-01 4.114795908479600417e-01
3.581110582164614975e-01 2.006175515770614037e-01 4.242152483071341962e-01
3.561140893965393239e-01 2.007496188085376998e-01 4.061814010312063683e-01
3.584648793030499880e-01 2.053362576627731917e-01 4.215944325563787398e-01
3.570340936855584957e-01 2.043368788294792626e-01 3.876879832159534356e-01
3.539629874956577993e-01 2.057093987188637341e-01 4.038339681040659102e-01
3.511046283648103783e-01 2.070973028517961723e-01 4.209212586066768402e-01
3.650040607173532514e-01 2.106765938428640794e-01 4.526953777955338154e-01
3.680246371061682287e-01 2.163079643591046541e-01 4.523912943867205438e-01
3.677846844797282855e-01 2.207541309128701612e-01 4.667943158344312060e-01
3.620494839420795863e-01 2.172126375444233815e-01 4.200558373033551618e-01
3.593618710960000406e-01 2.149963474191725621e-01 4.206371026872470775e-01
3.621870098268091254e-01 2.051474936989843845e-01 4.562100832278668250e-01
3.695245350630312897e-01 2.013077448000312186e-01 5.060001167478636042e-01
3.851576835926949771e-01 1.833266608701348277e-01 4.997081682088642118e-01
4.046733183305978310e-01 1.640683067216575086e-01 5.086211511348812664e-01
4.363982010882437312e-01 1.455766799955368063e-01 5.313312367430000904e-01
5.102882075945428531e-01 9.455457474846856725e-02 5.141583960264113351e-01
5.401185896698824651e-01 8.122321816056221611e-02 5.531650109335202181e-01
6.328152441704630871e-01 2.775042724040149844e-02 5.061230011976689536e-01
6.761962923986851726e-01 8.210308513939557074e-04 4.714154891785145018e-01
7.055924266373246878e-01 -1.924946228601781550e-02 4.696121592129729461e-01
7.645688703759654370e-01 -8.163078552081803885e-02 3.713855759136763801e-01
8.100338164171427824e-01 -1.319196207486912908e-01 2.715768823821718136e-01
8.158257315034092017e-01 -1.369282382004260445e-01 2.725699379819004342e-01
8.635523072661146493e-01 -1.819944124815277009e-01 1.446125097503196955e-01
8.642717154827133097e-01 -1.810002965729571311e-01 1.423958948614214570e-01
8.645707290080621998e-01 -1.795350282975770317e-01 1.414788475595716299e-01
8.720542560647741581e-01 -1.869286008879430250e-01 1.122287723831014716e-01
8.798329086862832771e-01 -1.929669236715063074e-01 8.150937383679091042e-02
8.799973636275529865e-01 -1.913869675616771127e-01 8.111841384529339116e-02
8.727730550227120743e-01 -1.753517729486263610e-01 1.097052287508222257e-01
8.601697164051052003e-01 -1.394478908383240956e-01 1.607223690056291954e-01
8.660559682024240313e-01 -1.082522384325414477e-01 1.523384636886819798e-01
8.520092085390031933e-01 -4.116209416085475636e-02 2.117988574723155271e-01
8.486680716003417446e-01 1.989295288339298917e-03 2.412445496795667665e-01
8.591245245977043865e-01 5.219176796886326741e-02 2.178993172657994748e-01
8.504164154999912517e-01 8.038621406590940044e-02 2.309451205078809632e-01
8.566284023826300498e-01 9.095998799586291206e-02 1.977321610967484045e-01
8.653079005378484512e-01 1.020433498010934192e-01 1.654959398089794753e-01
8.593763488252461613e-01 1.109435996579825612e-01 1.890401071247220788e-01
8.530528688718199692e-01 1.152913559803664389e-01 2.135240878746180737e-01
8.545690461882293754e-01 1.111690093792379597e-01 2.181517263498724546e-01
8.479486303431689187e-01 1.112654408043921017e-01 2.432779362056969319e-01
8.567442430252552032e-01 1.023978002763689110e-01 2.209556939547865362e-01
8.747172054718077572e-01 9.145390321451429827e-02 1.754056195779174487e-01
8.778047181856334369e-01 8.807019421294337569e-02 1.754231559013248454e-01
8.746880778758465702e-01 7.853535527667410143e-02 1.850653086799203262e-01
8.683144826764761515e-01 5.575459013575317924e-02 1.953440614396362296e-01
8.531601267995954085e-01 3.883379934427144686e-02 2.274984230505259220e-01
8.706220449804364936e-01 -4.816895790368258545e-03 1.341035311028955235e-01
8.287231846631646359e-01 -1.703967910854514711e-02 2.225719308948173047e-01
7.994179207823455258e-01 -4.064796121579400401e-02 2.532269625586776041e-01
8.031401506850004424e-01 -7.324879447197912841e-02 1.796445004662632350e-01
7.785046026757806992e-01 -7.485613349362452151e-02 2.053017770808063247e-01
7.528367411365508577e-01 -6.774708029611403726e-02 2.261354441181344654e-01
7.181135256433486269e-01 -5.288736767110974180e-02 2.691214268925927744e-01
6.904239652611673383e-01 -3.249660361196843317e-02 2.816074559474772698e-01
6.727664725300908088e-01 -3.534265325179697381e-02 1.975820238310721511e-01
6.205436452873454023e-01 7.515929836913959328e-03 3.022008620087244246e-01
5.923758294200718311e-01 2.959962687204781284e-02 3.135090041937724781e-01
5.575531919990047713e-01 5.799078126384321630e-02 3.202116404872483724e-01
5.352894286413796276e-01 7.592405177875616307e-02 2.869662123324030478e-01
5.081161391145383455e-01 1.001858190478999155e-01 3.207849510099465284e-01
4.752885860837064436e-01 1.293702922557667390e-01 3.679293627717215021e-01
4.544683377612903641e-01 1.525540118407458512e-01 3.956076006486675123e-01
4.385731617495804979e-01 1.804182709497213488e-01 4.360870662374867202e-01
4.294787153448984540e-01 2.071797379815727980e-01 4.410717063319005149e-01
4.246137599574282273e-01 2.248477176368385844e-01 4.501922643419078440e-01
4.171466028699904460e-01 2.340122280938923272e-01 4.314313051286382539e-01
4.103793441346362814e-01 2.416587098669856770e-01 4.599650119802973780e-01
4.083592649244785489e-01 2.464223760517835760e-01 4.577950990470527337e-01
4.084313995745972314e-01 2.475394772038311819e-01 4.556576420339188971e-01
4.026077248359396510e-01 2.385952423986643089e-01 3.945657458752356295e-01
3.983950972432359627e-01 2.323792728597670609e-01 4.137570941924222367e-01
3.983281558813899781e-01 2.182771830420196513e-01 4.036888771488680305e-01
4.031879897902041487e-01 2.146224688013494419e-01 4.714906611484512844e-01
4.184738220318585666e-01 1.925483323509096789e-01 5.313348549296810219e-01
4.367682606654793021e-01 1.683893047984242330e-01 5.407760312918676870e-01
4.657005296401106054e-01 1.407136014301851867e-01 5.392400754874306923e-01
5.103051651189701721e-01 9.927939955265913108e-02 5.284529639669803824e-01
5.441471680560014956e-01 7.121951896541567351e-02 5.453429440457735478e-01
5.830806196944668951e-01 4.048802242551741148e-02 5.285649815493127512e-01
6.317366864959627071e-01 -6.581074612736714791e-03 4.455610285438731388e-01
6.694075666108727507e-01 -3.526359769114845166e-02 4.248849755978314491e-01
7.141285381911695040e-01 -8.033797950027132817e-02 3.602508481701247600e-01
7.431491203207953866e-01 -1.161085033452622373e-01 2.789159253534416738e-01
7.798623968598290546e-01 -1.578991266832909801e-01 1.839526979651240346e-01
8.011336056000277761e-01 -1.776682184115461749e-01 1.285459547680658510e-01
8.209843388622760640e-01 -1.954732973031252652e-01 6.764703288822904170e-02
8.145227297717629877e-01 -1.860325829607248072e-01 9.789593896488235636e-02
8.046115018181934087e-01 -1.674796153148152000e-01 1.587517060943219871e-01
8.141124154393359902e-01 -1.747983355706893005e-01 1.303900224418248488e-01
8.143252828693314793e-01 -1.750555676698348773e-01 1.298072957961438068e-01
8.141953300979941632e-01 -1.748449251794590986e-01 1.302814909340568317e-01
8.083219039017215390e-01 -1.665323489941246127e-01 1.571598821293371806e-01
8.129871573532521101e-01 -1.526182602761387841e-01 1.533808498524336095e-01
8.081266958224542218e-01 -1.157107191268224033e-01 2.319455858688057592e-01
8.361513548036842991e-01 -8.207293465841558611e-02 2.224700128044136971e-01
8.328026608648717577e-01 -2.870260989552730901e-02 2.853454033727793604e-01
8.668718388606607705e-01 -1.429699398036299307e-02 2.277450037714316977e-01
8.644890326915800616e-01 1.942040157541635725e-02 2.699531035688995662e-01
8.799781052356541178e-01 4.909401161137227909e-02 2.797974436318932945e-01
9.150499558375060349e-01 5.007386752909420702e-02 2.031842191861896740e-01
9.308237271971047111e-01 5.705102305707332455e-02 1.722763333464620850e-01
9.432200831062316215e-01 6.177497482484584079e-02 1.425721088654459123e-01
9.341804921168386233e-01 7.736599781373149076e-02 1.625186219382583896e-01
9.428264719057619647e-01 7.662565427973866417e-02 1.348333920712052603e-01
9.354145887576281737e-01 8.468266659936307672e-02 1.587643645832479411e-01
9.323449642131924620e-01 8.654070094731453056e-02 1.586389189312544801e-01
9.355370470481038092e-01 8.626953168150786055e-02 1.583881385893373128e-01
9.463385909040569199e-01 7.953073753568534743e-02 1.338796159680633036e-01
9.406762243935407053e-01 8.312060089746126090e-02 1.620135948230085887e-01
9.403047413358033291e-01 8.021088774028423130e-02 1.632448228386460531e-01
9.568884595073818833e-01 6.944153627789018124e-02 1.098761856020151750e-01
9.275805980939447748e-01 6.194653995421528503e-02 1.727250405190525750e-01
9.181403434788644180e-01 4.080881392782925721e-02 1.510433405439286503e-01
8.743064953690707908e-01 3.387602239531284365e-02 2.369050024013548139e-01
8.523477592980861495e-01 -1.425241580963132471e-03 2.162007888774633013e-01
8.148668643649578103e-01 -5.534541620030974940e-03 2.677208401537640725e-01
7.971017876558960102e-01 -1.982175868430730015e-02 2.409579283789575754e-01
7.572427384795844540e-01 -1.854469415834542056e-02 2.300859113066493489e-01
7.360304876589536249e-01 -2.795839397083221822e-02 1.417752303720252183e-01
6.879367228668689105e-01 -8.954773537471871769e-03 1.252923409135981991e-01
6.044649003690436562e-01 4.354471877489984877e-02 2.581647355310341396e-01
5.650531751074009401e-01 5.714616915018111420e-02 2.481839129383389686e-01
5.358102918566136630e-01 6.970035774588584365e-02 2.651777743484331484e-01
5.107680730068818731e-01 7.965346371591652819e-02 2.589077713082168497e-01
4.884973329932112418e-01 9.092623696553336909e-02 2.527399027947356824e-01
4.670634927588343532e-01 1.064706136185228913e-01 2.902981173362344514e-01
4.233206237948015094e-01 1.443106193494349543e-01 2.943316551637342737e-01
4.120279977741211352e-01 1.654568180468380389e-01 3.473897799708260958e-01
3.986565672312021302e-01 1.809020699030459145e-01 3.596737056945591426e-01
3.942458510746539302e-01 1.913838320491313971e-01 3.565272061588078412e-01
3.869696105745851211e-01 2.056051559885144764e-01 4.040865702985136920e-01
3.792555799816846318e-01 2.113768464511931455e-01 3.672125620692043846e-01
3.769240623590768280e-01 2.152934504984021502e-01 3.655998578809946942e-01
3.772400739572584483e-01 2.214950212286114217e-01 3.612676622868149501e-01
3.740664744092196958e-01 2.239392328828274659e-01 3.790140935793950838e-01
3.703458774911344564e-01 2.272096240713894488e-01 4.137785774484870061e-01
3.701853005372286454e-01 2.260152546378970118e-01 4.131382364645301841e-01
3.686196362158625783e-01 2.288787556604445217e-01 3.949793753555730369e-01
3.713149059243261441e-01 2.298900183578729828e-01 3.953158765537170272e-01
3.690791072169244402e-01 2.255066023128032837e-01 3.779534750441522206e-01
3.652603010006904016e-01 2.183079751954376535e-01 3.996625975067169545e-01
3.692990175142675802e-01 2.141935314160883230e-01 4.210149234861597645e-01
3.819852081769435914e-01 1.978003849261105174e-01 4.451232928672923528e-01
3.962735518171965898e-01 1.800649671626389781e-01 4.351754596730825764e-01
4.080693293272121824e-01 1.739732856016308338e-01 4.717772890118010487e-01
4.355038452348202194e-01 1.464816004083455137e-01 4.509787862126959368e-01
4.582495826320945875e-01 1.402576472647786288e-01 5.044466409581394029e-01
4.892744040508891779e-01 1.134068194550462705e-01 4.326435873259231180e-01
5.302187086626581891e-01 9.774239858487993038e-02 4.446727934585783526e-01
5.528073447224304271e-01 9.514956137526037194e-02 5.171902383816977533e-01
5.916963935621395443e-01 7.708602970631422968e-02 5.149460052952847811e-01
6.377773620261996124e-01 5.191619331547620009e-02 4.805063833078397906e-01
6.935218707962960139e-01 1.115345205406104157e-02 4.489016371396803429e-01
7.491225584032118467e-01 -4.001348127187037695e-02 3.478867414255162327e-01
8.280247002162688386e-01 -1.364636710988264001e-01 1.862707226234969760e-01
8.400299890889950660e-01 -1.593797963782567217e-01 1.621297091120454947e-01
8.428106035825312370e-01 -1.609280386086702763e-01 1.637254320739656155e-01
8.825051680004685206e-01 -1.946408953955694465e-01 4.458420823533471022e-02
8.544706327330748863e-01 -1.609832505574179673e-01 1.310338353192919136e-01
8.615337951947725781e-01 -1.713000353230032524e-01 1.021877978213170390e-01
8.615131018535486795e-01 -1.713088850207757363e-01 1.020656739500476196e-01
8.512727813570759583e-01 -1.624569089247491216e-01 1.304327469389934269e-01
8.615042525509715166e-01 -1.713467441372573119e-01 1.020959106888741363e-01
8.512828243254595417e-01 -1.624550285754333689e-01 1.304777013470899139e-01
8.513070461988709869e-01 -1.625212943898942108e-01 1.303971218994399717e-01
