9.062720371086419036e-01 -2.508802919809817733e-01 1.181806718304783121e-01
9.062924441388726660e-01 -2.509125364737212482e-01 1.181163203397599393e-01
9.062761072732209433e-01 -2.508915286885797791e-01 1.182852335504978036e-01
9.062182148922384162e-01 -2.508453480818569337e-01 1.183178424833475351e-01
9.063192031154334583e-01 -2.509857915378510551e-01 1.180359073668000303e-01
9.060790057200849290e-01 -2.507113412317484302e-01 1.187792924850747944e-01
9.062614187024236045e-01 -2.509131482319831852e-01 1.182547517608703025e-01
9.061178068543076503e-01 -2.507842641345112700e-01 1.186285395561172962e-01
9.064259014087200361e-01 -2.510716925685255729e-01 1.177836812495962615e-01
9.061363181123793797e-01 -2.507788821051716299e-01 1.185732687418432629e-01
9.060754117191255341e-01 -2.507384257554262086e-01 1.188048932345433517e-01
9.061231357594609070e-01 -2.507516875692307745e-01 1.186162751137702642e-01
8.948928594492971955e-01 -2.419191737795919062e-01 1.471012342571185183e-01
8.835842811132192942e-01 -2.348347268889844075e-01 1.755920276646643075e-01
8.908914079823553323e-01 -2.463298108062296765e-01 1.488049364555910081e-01
8.893051345178007994e-01 -2.550982619180381383e-01 1.535746369952410983e-01
8.815276307946026124e-01 -2.497573098092227828e-01 1.817537122320072029e-01
8.815996665891111528e-01 -2.497885323701202753e-01 1.816484144638479403e-01
8.814046270424842344e-01 -2.496447958827018587e-01 1.823193081654070902e-01
9.063022856011450079e-01 -2.726310312480627607e-01 1.282596870277701306e-01
9.276913047647714627e-01 -2.838307187579869884e-01 1.015835895589589644e-01
9.608047563563644200e-01 -2.857679926504939627e-01 7.273203771487901648e-02
9.589095190526127910e-01 -2.399154465419650051e-01 1.649990381086705593e-01
9.657887272982723648e-01 -1.451460943243372825e-01 2.572227965232627422e-01
9.901470720585919816e-01 -1.291328968934062904e-01 2.237308716447914403e-01
9.955102841743126429e-01 -1.116897384577728580e-01 2.175924933421227170e-01
9.744198152979910432e-01 -7.341764848589898973e-02 2.830384878065139720e-01
9.788802610717534103e-01 -6.111454280819000884e-02 2.786822558486923285e-01
9.800088352737008623e-01 -5.271863838307561112e-02 2.755385471358879901e-01
9.702453439716994810e-01 -4.024950495558976549e-02 2.943299897388724773e-01
1.009285862052857752e+00 -5.026896407380698761e-02 1.879887933439285952e-01
1.007202586446887427e+00 -4.734989503653341814e-02 1.853808313368154881e-01
1.007680319768935462e+00 -4.588943197728689860e-02 1.840207871544969898e-01
1.007789182528722183e+00 -4.591222566533081917e-02 1.838353420855938225e-01
1.007839047604292659e+00 -4.599819261623921962e-02 1.837144417598559620e-01
1.000367322324669406e+00 -4.129806270343061581e-02 2.121993170583487132e-01
9.876305682365595917e-01 -5.192169585984940383e-02 2.468210126354126732e-01
9.915477750225187847e-01 -7.670174384568628767e-02 2.281534166378094142e-01
9.968625666917800832e-01 -1.063638778771608395e-01 2.133186501209094477e-01
9.475317445017850115e-01 -1.188558740218816911e-01 3.001447530992187307e-01
9.649051329999536186e-01 -1.599461695067808109e-01 2.331120720707229310e-01
9.173666986495048192e-01 -1.609043659932091475e-01 3.107567254509038257e-01
9.368559647093177567e-01 -1.924589898637533159e-01 2.418125431367217359e-01
8.949902371182679728e-01 -1.808515784159153705e-01 3.153573232637241208e-01
9.112014825887977398e-01 -2.126811107335388473e-01 2.437724153812765859e-01
8.784896694441675091e-01 -1.985721063497066230e-01 2.909077056944069373e-01
8.777135121082424440e-01 -2.032536491223573827e-01 2.628856129325805036e-01
8.482569360594331975e-01 -1.790542613323628518e-01 3.035381152201830357e-01
8.118830582309365385e-01 -1.341929438908397998e-01 3.326669075719386193e-01
7.627722343627119095e-01 -7.735699910858873096e-02 3.916339693525334731e-01
6.907941470609396672e-01 7.441506007127451916e-03 4.487101426585471398e-01
6.053371047763169699e-01 9.183285293678944416e-02 5.091381560431673670e-01
5.880038208674222000e-01 1.108790101146101548e-01 4.812717115201665674e-01
5.767784419390931117e-01 1.308900774739533701e-01 4.883665411958837410e-01
5.676678044204928053e-01 1.666966072553024425e-01 4.537197641004007131e-01
5.562273756855458107e-01 1.808640159060955210e-01 4.972143683146579285e-01
5.552036385750889202e-01 1.830756221491098845e-01 4.795822902297675050e-01
5.551975041934132937e-01 1.843345060719251416e-01 4.799162894406734381e-01
5.554637492683410782e-01 1.864877951723337701e-01 4.787520026947618135e-01
5.577884036329522344e-01 1.863130094443112839e-01 4.788608885667227089e-01
5.561589955204472302e-01 1.840888458296209840e-01 4.633230006998247941e-01
5.536668059969723776e-01 1.831396768285631915e-01 4.634316595232812475e-01
5.507630271699301971e-01 1.868710301570967180e-01 4.780310502505156212e-01
5.556061346519186595e-01 1.876237598430961495e-01 4.776521163731120012e-01
5.565257898458212393e-01 1.863315127243101998e-01 4.615556155254256776e-01
5.547171769506618055e-01 1.841104749056250434e-01 4.463343469157017296e-01
5.498598329524010397e-01 1.831495729995369914e-01 4.451700575669452764e-01
5.413059557309831682e-01 1.863030656216033143e-01 4.761082746362972351e-01
5.387497911382481686e-01 1.853309432998150319e-01 4.773978659721858087e-01
5.413531287102848477e-01 1.792472530464828129e-01 4.628198839244290763e-01
5.536954817964494513e-01 1.637441114313304413e-01 4.364457376006545264e-01
5.571896963685832871e-01 1.567131351587549015e-01 4.903872034329819218e-01
5.807608915274337091e-01 1.320970961046665781e-01 4.705144326227985729e-01
6.037548753977327598e-01 1.062717693071961733e-01 4.667110873655988534e-01
6.204212580581560665e-01 8.323720242376625444e-02 4.794443978246532012e-01
6.449315231109171709e-01 4.441478886879979271e-02 4.633866552307872588e-01
6.584505346705735729e-01 2.761315777684747452e-02 5.269130083795712238e-01
6.962670270999208322e-01 -9.328221704524020108e-03 4.954112589475001549e-01
7.392211824298609013e-01 -4.881373027478624893e-02 4.628740419066759149e-01
7.881107234140396489e-01 -9.164597395285958847e-02 4.281062987653165841e-01
8.186617968237668297e-01 -1.219591168302222861e-01 4.023860017918607923e-01
8.324828735817402237e-01 -1.307889744089618111e-01 4.103611962738880070e-01
8.591442914513647278e-01 -1.670921165327429181e-01 3.564833176721902142e-01
8.560911766752242746e-01 -1.711910732559710768e-01 3.570115259038728617e-01
8.911750791796804183e-01 -2.128260417250245895e-01 2.381888781873182648e-01
8.965209103811382363e-01 -2.211665585614741025e-01 2.096693683411985365e-01
9.050500625209272343e-01 -2.264314947608709327e-01 1.800535758259385055e-01
9.247858403998374666e-01 -2.305657114174514688e-01 1.137038200294477885e-01
9.329835868725360193e-01 -2.343303060141801453e-01 7.525246249245687302e-02
9.521042711086690202e-01 -2.546991023143827526e-01 8.949051584917100399e-03
9.265498625070125449e-01 -2.344452188832685247e-01 7.300837679395888458e-02
8.884164593161105739e-01 -2.036030785413681932e-01 1.610992514270932485e-01
8.885123295317680636e-01 -2.037244412431642171e-01 1.607387875669024080e-01
8.881107589444696693e-01 -2.049600483359098058e-01 1.620120521000534275e-01
8.884707848438918587e-01 -2.037429759431629850e-01 1.607765854529157323e-01
8.878911889772982402e-01 -2.065096570806428389e-01 1.625175895626596034e-01
8.977757672993987859e-01 -2.204049175849482067e-01 1.379544538540236065e-01
8.962826122071146928e-01 -2.311089063623696094e-01 1.426593535038813698e-01
9.224747035155416164e-01 -2.575602487445919908e-01 8.551943243510296000e-02
9.143935527677475861e-01 -2.325474441354125343e-01 1.486044049288495206e-01
9.093001806674838594e-01 -2.157658996046185051e-01 1.776740659347175733e-01
9.187241779328256808e-01 -1.939365320353433342e-01 2.006249796514474326e-01
9.340261296628147303e-01 -1.705783722294345051e-01 1.936241772444227127e-01
9.275539803828939389e-01 -1.377188612419627534e-01 2.434643507962550579e-01
9.456153075178325151e-01 -1.260513962731658610e-01 2.081710969401655564e-01
9.528502664197624483e-01 -9.866472109167273574e-02 1.960709060510084090e-01
9.548478698911100349e-01 -8.705491568259149382e-02 1.901325053019202738e-01
9.435282640685618283e-01 -6.307561606332656723e-02 2.064335033248243523e-01
9.339705646226346136e-01 -4.694317567721006945e-02 2.267470280173837782e-01
9.469108260735332738e-01 -4.301948680712275319e-02 1.966756079123630485e-01
9.478520526692032488e-01 -3.732492078439886285e-02 1.939271586418283011e-01
9.276380164820074992e-01 -1.456644311137494929e-02 2.378043296024305864e-01
9.274037431031465495e-01 -1.442641258214411026e-02 2.383816870291843859e-01
9.285540222784758324e-01 -9.091496774643659240e-03 2.351908483903317748e-01
9.389232095450162907e-01 -1.726181225301326450e-02 2.122930912854299468e-01
9.486759454268157699e-01 -2.993186786797646937e-02 1.915274411557734702e-01
9.593079565069497772e-01 -4.491673003728685609e-02 1.684200067207410889e-01
9.583561361060082273e-01 -4.922650281016532903e-02 1.712385491738601662e-01
9.560507671798168516e-01 -6.384463728031508634e-02 1.779131930939794604e-01
9.532801202977954080e-01 -7.674622529111801983e-02 1.856541884256408537e-01
9.395333710248231496e-01 -8.749332098294793081e-02 2.177421214041574959e-01
9.150312828625037920e-01 -1.078957105724103194e-01 2.550015008920538673e-01
9.235628851793681315e-01 -1.389525915132399647e-01 2.077886456336064391e-01
8.967987116690404603e-01 -1.340241607735026541e-01 2.637660126146395001e-01
8.694183494769632814e-01 -1.325990120712667308e-01 3.143998030450001480e-01
8.769836320118844508e-01 -1.562953223177044881e-01 2.682458249906403136e-01
8.426711453819751840e-01 -1.340526926020830512e-01 3.367506260398462903e-01
8.275423732677131827e-01 -1.179342488665356958e-01 3.510844419478511558e-01
8.150408075698829524e-01 -1.051221365766021876e-01 3.453758735735632524e-01
7.885191008116603228e-01 -7.829595230895275426e-02 3.754080235503789442e-01
7.475033566690176823e-01 -2.028602437530452329e-02 4.530244164375663019e-01
7.274788691482841907e-01 5.938785327009921122e-03 4.561060334967934615e-01
7.102641950078874000e-01 2.593133296184246817e-02 4.446567542282937602e-01
6.912374769841760358e-01 4.950876016911864852e-02 4.294034077720176867e-01
6.708540119669944568e-01 7.058206683748963206e-02 4.360162909671378983e-01
6.505867869719803576e-01 9.141090738925339299e-02 4.436096401724813898e-01
6.340434532581000759e-01 1.183833875549734072e-01 4.662674529745145513e-01
6.354068470158562576e-01 1.319199301687926651e-01 4.239578479053951465e-01
6.174379977408125386e-01 1.557314766444415355e-01 4.828754833786685907e-01
6.119062247099786855e-01 1.644682397049664901e-01 4.943432013265327551e-01
6.129454175979047736e-01 1.656045910470784199e-01 4.424688125862463739e-01
5.933591455928891589e-01 1.805220964125394678e-01 5.014909031312031473e-01
5.944120327576920548e-01 1.751856571059375867e-01 4.359649279547905820e-01
5.848567842983916076e-01 1.820290833353251370e-01 4.663762548800669538e-01
5.812852727138355657e-01 1.847274437270909897e-01 4.822516920483044256e-01
5.923716612334697373e-01 1.788122098359465895e-01 4.339940077396198248e-01
5.848546277660906512e-01 1.831709718910455864e-01 4.670358420893341300e-01
5.885462984555751564e-01 1.804357766264677032e-01 4.502906532783996774e-01
5.888142585056409528e-01 1.827298407177478379e-01 4.493316879241293638e-01
5.926687488604173160e-01 1.812085156573802203e-01 4.327854994034356917e-01
5.760547014470033256e-01 1.895662791425362093e-01 4.941116264585529994e-01
5.782390993071779839e-01 1.834303690626472028e-01 4.296483056477704565e-01
5.794062154970638368e-01 1.820862357478216231e-01 4.127924175295267784e-01
5.797794017159751956e-01 1.856317725226656057e-01 4.108214232270512856e-01
5.738660139949515182e-01 1.909356798789054177e-01 4.278337628098001222e-01
5.752543635848723635e-01 1.908067186906710622e-01 4.087874475653101580e-01
5.649280253160923193e-01 1.985609772887528268e-01 4.584483602437867678e-01
5.706621030870183686e-01 1.946151236464530587e-01 4.420170650514012589e-01
5.795744988412543375e-01 1.844188217356056425e-01 4.121545781256801266e-01
5.845182235087186262e-01 1.784943178228139971e-01 4.676954149217260603e-01
5.992879752221852430e-01 1.626266338184177984e-01 4.769939356388137597e-01
6.156641598931431592e-01 1.437612042775154308e-01 4.702072029403268072e-01
6.323573172405571041e-01 1.218414901741444734e-01 4.811118389812125695e-01
6.533149692036002154e-01 9.754970534050466657e-02 4.774986641718788061e-01
6.670413997307360621e-01 7.501312283970412720e-02 4.903455925119446501e-01
6.992695569081186502e-01 3.477504128848013520e-02 4.774446633400246665e-01
7.210528565066486317e-01 6.739579048529287242e-03 4.746731029700368421e-01
7.325570827095300164e-01 -1.704868571384998699e-02 5.074845682275346270e-01
7.654078507258530450e-01 -5.454514636018753526e-02 4.700734530401562417e-01
8.032592880202577001e-01 -1.012431121394298805e-01 3.900964171124277069e-01
8.161643016178190546e-01 -1.220832619373053152e-01 4.012660123722895378e-01
8.296291378545701534e-01 -1.492175245753079860e-01 3.707473552048579091e-01
8.372965425612509671e-01 -1.678037515983133998e-01 3.529725117021633718e-01
8.728417001745580883e-01 -2.187583224517852254e-01 2.681659325023397766e-01
8.933552060929239591e-01 -2.407818225437551307e-01 1.857287799207045786e-01
8.963107197457015340e-01 -2.470853392590134923e-01 1.529414717905506205e-01
8.868339735128104584e-01 -2.298455255921482698e-01 1.756895703358918315e-01
8.846249651609421338e-01 -2.271321491722166352e-01 1.727056891083806889e-01
8.820174209713458335e-01 -2.242134011395722493e-01 1.704630034232779145e-01
8.902363325566053920e-01 -2.313692597949057739e-01 1.402288863367007199e-01
9.164814358930766236e-01 -2.574012454966455588e-01 4.449073877846743130e-02
9.043372072786987070e-01 -2.515693049400299364e-01 7.633699031787344325e-02
9.128719967891156806e-01 -2.627541817701309346e-01 4.453216043357111076e-02
9.006924282565473838e-01 -2.547737759115099587e-01 7.682830164461118549e-02
9.125439694382310174e-01 -2.678809316478371061e-01 4.560487203438290393e-02
9.122874778845548871e-01 -2.676771101184933777e-01 4.625545456619417628e-02
9.122016830469548143e-01 -2.675772641113549066e-01 4.668301172994526738e-02
9.112124205089747742e-01 -2.741413996029943290e-01 4.960456933727108719e-02
9.055963705278277098e-01 -2.825954172655343322e-01 5.628622340357880560e-02
8.993958134798407666e-01 -2.828602543471008257e-01 9.163836165906613651e-02
8.805496816491246159e-01 -2.503735243444889513e-01 1.846288798816455579e-01
8.954403911030411889e-01 -2.550127536972015552e-01 1.554665698146595609e-01
9.214619237664758433e-01 -2.520726057921945928e-01 1.238295654929517653e-01
9.160377118627847093e-01 -2.147837596148848283e-01 1.772894946861713894e-01
9.272603972905784087e-01 -1.952735525673403860e-01 2.039204160041072633e-01
9.575678887130782968e-01 -1.828002441316507465e-01 1.704964159792716760e-01
9.715871442396208923e-01 -1.660711358120851022e-01 1.676598416861394547e-01
9.906422461501140919e-01 -1.555887508357884919e-01 1.688996554929502736e-01
1.002661870126697385e+00 -1.387332782501206063e-01 1.978305143390379772e-01
1.020980252278268274e+00 -1.337074303766488392e-01 1.658620646438657698e-01
1.038918123899489565e+00 -1.309363021042495578e-01 1.692525468830479163e-01
1.029923532724082547e+00 -1.128103876219391233e-01 1.927792671691774817e-01
1.031679584859076071e+00 -1.041315742615237516e-01 1.882409568381644416e-01
1.031903948637938440e+00 -1.025548399971425440e-01 1.876375638220815212e-01
1.032974930435523575e+00 -9.681287290801854351e-02 1.847116311717651449e-01
1.033029115413105492e+00 -9.690702128508688062e-02 1.844931663189917082e-01
1.032988682341826170e+00 -9.682529730695488279e-02 1.845613855461001318e-01
1.033002373305779820e+00 -9.849084035001692827e-02 1.845097188102289287e-01
1.032517971489900432e+00 -9.992110793919856127e-02 1.856286661223425227e-01
1.031981037630969267e+00 -1.043210509335845693e-01 1.871385192956371846e-01
1.039742239783006950e+00 -1.249305257311016382e-01 1.671614151888862754e-01
1.030085892803128012e+00 -1.356051603255458704e-01 1.676308475524443953e-01
1.004139315937948362e+00 -1.474562932910029600e-01 2.024825116295827510e-01
1.009343815650111331e+00 -1.889174366384595016e-01 1.533117800763652561e-01
9.685573821831225949e-01 -1.892338049092888719e-01 2.136832783733546570e-01
9.460690056265472769e-01 -2.037026798408924921e-01 2.144561726699798498e-01
9.208599633519828354e-01 -2.053960976118296144e-01 2.431213434284136277e-01
9.124806339791238230e-01 -2.073814783923923488e-01 2.401652704928813886e-01
8.777362661804437582e-01 -1.879456847092211280e-01 2.841871253882854997e-01
8.465419991190135107e-01 -1.590215200838148435e-01 3.213339655308189435e-01
8.152475550123512438e-01 -1.332955356646030598e-01 3.314402239940270611e-01
7.788891774074577778e-01 -9.381714260432683083e-02 3.790488405264473837e-01
7.401134085806623242e-01 -5.200259212962160538e-02 3.996963860684725756e-01
7.099107439435898836e-01 -2.004558988069743419e-02 4.233570837964153455e-01
6.794382697444676378e-01 7.559042121619008459e-03 4.262478474940865070e-01
6.483224186864138261e-01 5.156115602986510726e-02 4.424693770126386649e-01
6.292788333007022228e-01 8.084135857750479603e-02 4.462003571113981604e-01
6.173018390192688276e-01 1.090304422538578288e-01 4.132304331723095636e-01
5.975426964402377195e-01 1.383291510584056527e-01 4.532214519180355339e-01
5.932017107939645539e-01 1.522579365272969110e-01 4.294635691955155377e-01
5.773773447750456533e-01 1.684118134331628602e-01 4.561841422237420396e-01
5.799596836745344319e-01 1.757053400577083813e-01 3.980131533479380757e-01
5.743194533376887456e-01 1.823689969888478424e-01 4.129650950438132906e-01
5.707086445916019768e-01 1.839868557442203567e-01 4.297739242462683684e-01
5.684699605697810521e-01 1.865497913165390931e-01 4.288006024645683034e-01
5.612291549835414228e-01 1.870119816251993305e-01 4.271449570240362092e-01
5.623610194598025469e-01 1.880649032215103711e-01 4.093789251227284431e-01
5.635044531262658474e-01 1.856556091517880258e-01 4.278101199228871998e-01
5.774006901938282255e-01 1.733182963735237503e-01 3.971234284738409670e-01
5.828626694550022025e-01 1.593429642918259281e-01 4.412575285421675986e-01
5.940030935669765588e-01 1.415005892422049882e-01 4.675438958610989015e-01
6.269966511941089671e-01 1.021765655153542562e-01 4.153986596637329054e-01
6.414125098807423875e-01 7.461520573155588920e-02 4.296091350848765256e-01
6.853007578231662400e-01 2.666466829264169114e-02 3.973703464642210914e-01
7.202023407993703996e-01 3.489161520675021499e-04 4.156141424053452216e-01
7.629243253519177870e-01 -3.671994770802555763e-02 3.731176071899338087e-01
8.097590313232483350e-01 -8.364806214644060489e-02 3.573247284459055706e-01
8.429999725449904835e-01 -1.173615685614309845e-01 3.268303189411099208e-01
8.960766580144584603e-01 -1.646223918119817664e-01 2.136754077476696878e-01
9.084524016065687047e-01 -1.819325117401257297e-01 1.928816898657925716e-01
9.292305284829884826e-01 -1.961361872276887464e-01 1.348207304447583965e-01
9.191026841289102745e-01 -1.830421857073008807e-01 1.581330238127529597e-01
9.164431161774173606e-01 -1.782681104466207200e-01 1.560297676721293936e-01
9.163535055370255478e-01 -1.798300663850121162e-01 1.561992419075350913e-01
9.162918428016140204e-01 -1.782342496209926574e-01 1.563061299025554352e-01
9.162282357536106758e-01 -1.781486124781295199e-01 1.564810651879331438e-01
9.158943502419322202e-01 -1.811148907189145119e-01 1.575140114759869814e-01
9.157919276258990049e-01 -1.810511102116219018e-01 1.577976707399022516e-01
9.160182224417477981e-01 -1.796291546123549299e-01 1.570717896718583084e-01
