7.154847956532038866e-01 -1.116360402425396470e-01 1.799022780906887053e-01
7.159783175957084023e-01 -1.088462182310595550e-01 1.780916412450990194e-01
7.131898482142999818e-01 -1.072848109531067129e-01 1.768472730041097396e-01
7.236378046367853978e-01 -1.149363481989726377e-01 1.505846362127087890e-01
7.163957060635433027e-01 -1.075896565779931313e-01 1.765358522310973566e-01
7.164534627762167984e-01 -1.060687411027848581e-01 1.764493067636683232e-01
7.165029608670682171e-01 -1.060878024321645352e-01 1.763573534750937366e-01
7.164459315495341762e-01 -1.060132926079481730e-01 1.765732240834831934e-01
7.163802495277270532e-01 -1.059377854092381499e-01 1.769400943500305523e-01
7.205934133263931507e-01 -1.131981232849098573e-01 1.499930953186112692e-01
7.206243881878078295e-01 -1.132896840779334391e-01 1.498913379231825438e-01
7.163115330829202820e-01 -1.074993216447531763e-01 1.769296776594222464e-01
7.203061584468721801e-01 -1.162960274856090215e-01 1.506328310581384056e-01
7.201348139966353701e-01 -1.178025879701189438e-01 1.511439643920133857e-01
7.174152612478643665e-01 -1.164701709863245616e-01 1.491122619258331561e-01
7.205241038410007404e-01 -1.149178114801198136e-01 1.497920645232035941e-01
7.205176277346864167e-01 -1.164932752756364653e-01 1.498995057764844763e-01
7.252023727567881162e-01 -1.211662071412875630e-01 1.207154641082979207e-01
7.210468448903486482e-01 -1.120843486473299677e-01 1.480274626654849435e-01
7.255007722753777921e-01 -1.197897973430789853e-01 1.197206995023434306e-01
7.283326938234656600e-01 -1.212369526406749665e-01 1.216964446954034162e-01
7.144703755412011859e-01 -1.148095294234379726e-01 1.480026900992148509e-01
7.210753858528360372e-01 -1.121624661670885814e-01 1.478532757923718410e-01
7.288417014239966241e-01 -1.201368606914281489e-01 1.194531558807583327e-01
7.208870495886117169e-01 -1.136041880992575970e-01 1.486322373471997693e-01
7.209923957425325991e-01 -1.121124586503207676e-01 1.481320489497199855e-01
7.211224343579099028e-01 -1.122311911130807749e-01 1.477359794729884435e-01
7.254102421860665340e-01 -1.213159331106394290e-01 1.199387698161065163e-01
7.209965715415194154e-01 -1.121208380045033981e-01 1.480892468594852129e-01
7.209440586443930377e-01 -1.136539882298707171e-01 1.481968951555028280e-01
7.211400374786719469e-01 -1.122691531098223838e-01 1.475865992610829736e-01
7.209044960576683758e-01 -1.136764236581250809e-01 1.482777407477460230e-01
7.212075483622566452e-01 -1.123307694596759609e-01 1.472729051684673607e-01
7.211934917226224817e-01 -1.123578064310774005e-01 1.473503446667603356e-01
7.211883021060332410e-01 -1.123003089825026501e-01 1.473055086251180423e-01
7.209884480493977676e-01 -1.119434550196863887e-01 1.482761247889163858e-01
7.210425744056284669e-01 -1.120307603991702039e-01 1.479361396592699940e-01
7.210998908950537745e-01 -1.120678255707323046e-01 1.478378327524498825e-01
7.211059691023975482e-01 -1.121145874778330387e-01 1.477377438063902648e-01
7.210230398521005890e-01 -1.119976246387958119e-01 1.483046711757927127e-01
7.167429647705867435e-01 -1.045581265828869899e-01 1.753826447277437861e-01
7.136988145699516561e-01 -1.045134331945962725e-01 1.748046618813681174e-01
7.209630372656286035e-01 -1.119376506688147255e-01 1.483512042322172597e-01
7.210250691524818789e-01 -1.119992917010448896e-01 1.481229677132318567e-01
7.209982345700443052e-01 -1.119812297809496537e-01 1.481550854391984196e-01
7.209581625792100823e-01 -1.119540698899291198e-01 1.484485089683185155e-01
7.210131576369434026e-01 -1.120099796827286331e-01 1.482258729140191189e-01
7.209675515128328716e-01 -1.119395371993072152e-01 1.483735810375381714e-01
7.136615246788352573e-01 -1.044661951357945817e-01 1.750747497480593662e-01
7.286050149062752723e-01 -1.197638206257148896e-01 1.205555490420349152e-01
7.209198248523384089e-01 -1.118932355543300061e-01 1.486021633306704448e-01
7.209832318465769774e-01 -1.119596797260567489e-01 1.483562102675177741e-01
7.209517739311769313e-01 -1.119465862863771588e-01 1.483050695682015530e-01
7.210021070027754497e-01 -1.120026469562388494e-01 1.481986772887875503e-01
7.137504634987219543e-01 -1.045838758619539455e-01 1.745176591983537140e-01
7.210040546698257558e-01 -1.120000745000503950e-01 1.481931679812187319e-01
7.209362807367503123e-01 -1.118874963143467460e-01 1.485488919488937576e-01
7.210293227727457843e-01 -1.120171817654706525e-01 1.481354725121604154e-01
7.210106441507250219e-01 -1.120084508498906950e-01 1.480784938383532534e-01
7.210039495813503896e-01 -1.119570523559935138e-01 1.483393550086935520e-01
7.253563154750377606e-01 -1.196631356528252144e-01 1.201794356637566619e-01
7.094240341629937108e-01 -1.058029417185373244e-01 1.414285265878099107e-01
7.052985316672444327e-01 -1.022592067768647861e-01 1.064930718181305025e-01
6.947739678257405238e-01 -7.618370814073083253e-02 9.591144647870963880e-02
6.838481797283529895e-01 -4.373753708006433705e-02 1.397528657752200587e-01
6.703081143231779393e-01 -9.600667715564337179e-03 1.822759428223430511e-01
6.586246994003206456e-01 2.935704772818092945e-02 2.189570411953880580e-01
6.736879824226974511e-01 5.954628833588959669e-02 9.133041677059217101e-02
6.451032439938440000e-01 1.467867347600311234e-01 1.912789658324114406e-01
6.468248799577043240e-01 1.855289844878464933e-01 8.770259549675341049e-02
6.283378069873869487e-01 2.073298263533115970e-01 1.610893598590403819e-01
6.230952573649167769e-01 2.088239305161834203e-01 1.864538804551423290e-01
6.270991895161152074e-01 2.033248059058190282e-01 1.377526801418065272e-01
5.826767363921411258e-01 1.607756589159592964e-01 -1.113494952742488664e-04
5.019842918595339709e-01 1.414321258668786996e-01 3.235383685192627645e-02
3.946264299450218394e-01 1.424920791405439591e-01 9.248067491810618712e-02
2.807392863368570191e-01 1.579352154411673981e-01 1.408435769829721185e-01
1.932415523454368289e-01 1.836495184304416384e-01 1.805684815433323820e-01
7.487596739398238999e-02 2.366528062185049297e-01 1.669006260360659244e-01
1.039197384055845497e-02 2.861615529929399382e-01 1.266474532983123957e-01
4.953299999999999925e-01 2.731419999999999959e-01 1.578349999999999920e+00
-6.560747500312325009e-03 4.037678846782445929e-01 3.075151575612007360e-01
4.155544351960416272e-02 3.968924812975526129e-01 4.340464216613890702e-01
4.953299999999999925e-01 2.731419999999999959e-01 1.578349999999999920e+00
4.763902738302350226e-02 3.957085919392109297e-01 4.725032772453219287e-01
-2.586585806834684753e-03 3.993256624284982625e-01 3.137833734243093975e-01
-1.568265424588921597e-02 4.040688377588391722e-01 3.468479307553409274e-01
-3.082917250205274851e-02 3.811934007967114901e-01 3.237428315605401785e-01
1.914079989618067135e-02 2.814063371487259824e-01 3.158182216388940589e-01
5.199756750528211624e-02 2.397833947547376443e-01 4.050907888089834152e-01
1.288097258397817302e-01 1.528088816591501309e-01 4.104537446989537930e-01
1.890577319233000542e-01 1.081348315121233861e-01 4.266368220908580700e-01
2.975957489445478221e-01 6.774880678296096859e-02 4.583883077023520602e-01
3.801490378842041218e-01 4.576848754334450486e-02 3.967429521349332688e-01
5.035694709427984694e-01 3.136433752749162585e-02 3.711343919322276363e-01
6.512938981693983109e-01 -2.368457797931133868e-02 2.721419941728486780e-01
6.924278502089082910e-01 -3.788467649812998772e-02 2.847499011263920909e-01
7.338355215116887376e-01 -8.512078718076643291e-02 1.380523401333302314e-01
7.153607145805358503e-01 -9.117701989757265313e-02 1.689538585577972096e-01
7.301519886169023366e-01 -1.336561054954248928e-01 1.269746090837720054e-01
7.303727913021705875e-01 -1.321742365273442243e-01 1.262709140158881915e-01
7.381883084175944187e-01 -1.216676955363526491e-01 1.230307061387621026e-01
7.384923698815897275e-01 -1.203150369418002352e-01 1.218840548637036836e-01
7.341161776989921783e-01 -1.132128701372406843e-01 1.482335047887413104e-01
7.340232641790152002e-01 -1.131271126064509192e-01 1.487245116705133707e-01
7.413274582691192771e-01 -1.220484747351854860e-01 1.230886028307749402e-01
7.411686442895590865e-01 -1.235295915565490787e-01 1.236883346261112848e-01
7.409395468989640188e-01 -1.249820053237080120e-01 1.245475554341510804e-01
7.407634470269799376e-01 -1.264773215133249695e-01 1.253310363181741049e-01
7.406000715949148105e-01 -1.280153987578153685e-01 1.258182314157290094e-01
7.403169109549156968e-01 -1.294322562616002092e-01 1.269499328417880157e-01
7.404526335112809887e-01 -1.279127388988658409e-01 1.264796941359644933e-01
7.400719684651113628e-01 -1.308691158450785985e-01 1.276666023446018094e-01
7.402506291248380776e-01 -1.293441633804515156e-01 1.272273191253505686e-01
7.400253198942586819e-01 -1.308190788605995136e-01 1.280165610092525164e-01
7.404738107601791519e-01 -1.278992554315924735e-01 1.264352025916830602e-01
7.401072729254773996e-01 -1.291823373883869142e-01 1.277880592888687161e-01
7.396094318731554207e-01 -1.337636669468897921e-01 1.295997340581718227e-01
7.396630351859190267e-01 -1.321161958332601749e-01 1.295588383146697442e-01
7.391833996706567156e-01 -1.367466919795032321e-01 1.312097166851999841e-01
7.392587704819265637e-01 -1.351091212081396709e-01 1.310361829185300309e-01
7.393471849054146228e-01 -1.351817606612042422e-01 1.307218008739146065e-01
7.393623851372506106e-01 -1.352476395281692612e-01 1.305787360825327870e-01
7.392746216750960553e-01 -1.368006514144716190e-01 1.309080679540874925e-01
7.393621343852936345e-01 -1.351981569085418666e-01 1.307132949173150926e-01
7.393028849848076733e-01 -1.351119288811868935e-01 1.309406870838287773e-01
7.393407537520937378e-01 -1.352043252621274450e-01 1.307542011997011588e-01
7.391929468367449685e-01 -1.367339679248463225e-01 1.313078035543187028e-01
7.392439543989692829e-01 -1.367765516073191079e-01 1.311040313776650201e-01
7.393061309408948123e-01 -1.351594608150757937e-01 1.308524105923669634e-01
7.393774202228888814e-01 -1.352156795301399650e-01 1.306644638368898992e-01
7.392767988692008352e-01 -1.368113432075213631e-01 1.309688847376702103e-01
7.393428227026954680e-01 -1.351130180280692983e-01 1.308420024708587537e-01
7.393106861402198859e-01 -1.368995000359528036e-01 1.308074264708767309e-01
7.391936641433369815e-01 -1.366959579760385068e-01 1.313127093416015523e-01
7.392247230907424971e-01 -1.368233281019739511e-01 1.311663034720909060e-01
7.393638564889777332e-01 -1.351631087963031663e-01 1.307302420321543313e-01
7.391973181845121754e-01 -1.367467918635587587e-01 1.312289084341671241e-01
7.394008877252876699e-01 -1.352775833967402308e-01 1.305745520215950695e-01
7.392238060036264713e-01 -1.368107392375971787e-01 1.310396455532123472e-01
7.391907161117963199e-01 -1.367594727247860020e-01 1.312825923321281341e-01
7.393434052127036971e-01 -1.351045187884279963e-01 1.308072238493636075e-01
7.393888571371249885e-01 -1.352180316629539858e-01 1.306286874057664971e-01
7.393722304861459760e-01 -1.351873028566250579e-01 1.306799940499054902e-01
7.393472795667513919e-01 -1.351674304429031914e-01 1.308343808157284016e-01
7.395594377839386224e-01 -1.354491942453309727e-01 1.300400723297634453e-01
7.416279977255746392e-01 -1.203036417628787214e-01 1.228692451582609202e-01
7.449267656174555219e-01 -1.188856379340924030e-01 1.227698939434469505e-01
7.448509306380733941e-01 -1.188368934132270627e-01 1.229231772315930726e-01
7.448852536253706136e-01 -1.188105572640411056e-01 1.227250570033486810e-01
7.371678569464504838e-01 -1.111736602981388544e-01 1.497887128183721384e-01
7.447858419239565819e-01 -1.186997765900306145e-01 1.231886580412606680e-01
7.421076662947043712e-01 -1.173843819054328219e-01 1.207080253155168315e-01
7.423175971863821276e-01 -1.142104346672259685e-01 1.198762960216204210e-01
7.421742030407949553e-01 -1.156968951917625721e-01 1.205514736026931377e-01
7.420734756213724914e-01 -1.156409569176956587e-01 1.208623276056981499e-01
7.423684010493337704e-01 -1.142625008325278135e-01 1.196985538788140069e-01
7.421043905981808964e-01 -1.157149016599208213e-01 1.206442855348648369e-01
7.414530122300908577e-01 -1.201355643000192597e-01 1.227907512421551051e-01
7.417056026538744185e-01 -1.188288833097256858e-01 1.219719920446338257e-01
7.417235124853387429e-01 -1.187571227490715198e-01 1.221003050976421367e-01
7.417348228199809324e-01 -1.187725441442429863e-01 1.221296899414494597e-01
7.418525486691862625e-01 -1.189054541387632447e-01 1.216320939921802236e-01
7.418744857598170706e-01 -1.188075372356586223e-01 1.219072128024947244e-01
7.417566276783078560e-01 -1.186103445971086190e-01 1.225046121710100522e-01
7.418024286400183298e-01 -1.187058596027083524e-01 1.221363312594567763e-01
7.420690245030776566e-01 -1.174030610086656545e-01 1.209771766464566856e-01
7.420630527749016991e-01 -1.173436142805330817e-01 1.210385131475593123e-01
7.421139474299593974e-01 -1.174199045325703961e-01 1.207314796394292067e-01
7.420629562925175060e-01 -1.173803018652684327e-01 1.208410894145117709e-01
7.419679637303515651e-01 -1.172991801952607549e-01 1.211185863157901998e-01
7.420160062716201210e-01 -1.172909452332816516e-01 1.211322439065616319e-01
7.419638109428255968e-01 -1.172712990042492076e-01 1.212372486859789600e-01
7.420427046329066689e-01 -1.174018396831787991e-01 1.208709664031404341e-01
7.419408350337937108e-01 -1.172800099802501217e-01 1.213603483328149490e-01
7.420502482487947304e-01 -1.173023234771414791e-01 1.209454405381940045e-01
7.420814983229264694e-01 -1.173506711925379475e-01 1.207871607635777611e-01
7.419926310271635073e-01 -1.171865022266395662e-01 1.211157991802711553e-01
7.419800846226513036e-01 -1.172730282113924605e-01 1.211564822183839318e-01
7.418723563273221799e-01 -1.170634851801991561e-01 1.216332340693428993e-01
7.420116447622686628e-01 -1.172625180840491943e-01 1.211557891083792082e-01
7.419534878809869172e-01 -1.172457694601788947e-01 1.213433231814975422e-01
7.418980161059215428e-01 -1.171608431590459576e-01 1.215298258039783086e-01
7.419985017598464960e-01 -1.172781510139814798e-01 1.211212199242615029e-01
7.419838977857783346e-01 -1.173329257767311562e-01 1.211723262381876332e-01
7.420874252762198475e-01 -1.174041224681213191e-01 1.207356870278291083e-01
7.419465798368081177e-01 -1.172532153456247728e-01 1.213884271767662337e-01
7.420037015377610734e-01 -1.172549654806852026e-01 1.211594132706685922e-01
7.419687382635399286e-01 -1.171734006321988875e-01 1.212073074981416809e-01
7.419266211743459349e-01 -1.171859737763367160e-01 1.214208327549632926e-01
7.419462027081638045e-01 -1.172280077070668169e-01 1.213415923856624445e-01
7.419237878624572735e-01 -1.172393620205185449e-01 1.213542610540669919e-01
7.419278035271257288e-01 -1.172604750242009497e-01 1.213572638557263161e-01
7.418505133531332341e-01 -1.171354036613106442e-01 1.216930430633365035e-01
7.419724920683488101e-01 -1.171750028932503906e-01 1.212414618389021648e-01
7.419470575525715095e-01 -1.173119305558391057e-01 1.212315441821176787e-01
7.420216442016318581e-01 -1.172571902103387020e-01 1.209802331135374498e-01
7.420021943907305628e-01 -1.173182916661165698e-01 1.211418442670402218e-01
7.418611788476229263e-01 -1.171356605720743072e-01 1.216143389806487729e-01
7.418725201854005080e-01 -1.171225492885223929e-01 1.218067990965006064e-01
7.419197925496384682e-01 -1.172197232345305040e-01 1.215094862064507453e-01
7.419589015325710468e-01 -1.172669032531641342e-01 1.212834739835138009e-01
7.417032528521001478e-01 -1.186708925427421568e-01 1.222875003009982198e-01
7.419180849599122940e-01 -1.172287653542011809e-01 1.214587030695752912e-01
7.419840107601627377e-01 -1.172965153028852625e-01 1.212115019995931853e-01
7.419004739228606260e-01 -1.172396422666981408e-01 1.216216695750826915e-01
7.416890158823430390e-01 -1.186541590419709635e-01 1.223834754385353385e-01
7.420047578171089508e-01 -1.173444471495412311e-01 1.210132030685078242e-01
7.419977464587688143e-01 -1.173064755068943255e-01 1.211622274583583625e-01
7.419873722713694608e-01 -1.173278985971845656e-01 1.210944034925627300e-01
7.419058494435399886e-01 -1.172095609956234630e-01 1.214773213026405507e-01
7.419423513851388652e-01 -1.172448268269486449e-01 1.213466313466045055e-01
7.416587060658976771e-01 -1.186512459285370968e-01 1.224619226933609806e-01
7.419398622783779373e-01 -1.172787535715326124e-01 1.213451871373809610e-01
7.419806520115718174e-01 -1.172735991922281285e-01 1.211207000628913288e-01
7.418377475387155640e-01 -1.171505361281857116e-01 1.217415759582050061e-01
7.416657776626154330e-01 -1.185750478043444689e-01 1.225115847239766076e-01
7.419717420608580305e-01 -1.172582074032947341e-01 1.212327310602463459e-01
7.418556820088491044e-01 -1.171370050972662669e-01 1.217326333511170589e-01
7.419552267250880684e-01 -1.172581087641901831e-01 1.212614521966608461e-01
7.419771491325377610e-01 -1.172526193142831574e-01 1.211670093719394714e-01
7.419015060784638349e-01 -1.172187237290068795e-01 1.214893029129662239e-01
7.416005513367980306e-01 -1.185082473641707601e-01 1.227321215549506128e-01
7.418957245770350095e-01 -1.172510927978716588e-01 1.214852088818381137e-01
7.419825394465774382e-01 -1.173248224865868217e-01 1.210281098725773941e-01
7.419765593365609258e-01 -1.172836299975663632e-01 1.211556404062881231e-01
7.420295997626975559e-01 -1.173153695837072519e-01 1.210394603361364396e-01
7.417166973463997781e-01 -1.186648622518963747e-01 1.222577331500145359e-01
7.419011176906555871e-01 -1.172550857317372630e-01 1.214315890557757793e-01
7.419802355803459815e-01 -1.173440274198725430e-01 1.210912230030216641e-01
7.415833962101370247e-01 -1.185649799941629334e-01 1.228220375353306082e-01
7.417304611782818968e-01 -1.187245591185167037e-01 1.221033604094869940e-01
7.419327264688894141e-01 -1.172601404147855519e-01 1.213039541912328545e-01
7.419732757693380254e-01 -1.173155849943235407e-01 1.210572102918661130e-01
7.416103196388259544e-01 -1.185249943892173197e-01 1.227018431209649929e-01
7.419331257564917292e-01 -1.173383027880898766e-01 1.212973187968369171e-01
7.418938446918741381e-01 -1.172356382014937970e-01 1.215264706465233324e-01
7.417612165779143840e-01 -1.171341984047143958e-01 1.219228929064484213e-01
7.415781621478244601e-01 -1.185611217613853352e-01 1.226378391031999193e-01
7.415669820667624146e-01 -1.185447555801569797e-01 1.226864958269566763e-01
7.414977678240075587e-01 -1.185670539764203113e-01 1.229354587007169819e-01
7.415179314303890212e-01 -1.185601493742129975e-01 1.229374516109031923e-01
7.413902124883249289e-01 -1.200700195554159633e-01 1.232932046821781924e-01
7.413531741143032372e-01 -1.199888175578154303e-01 1.235221166236060153e-01
7.415091026394724505e-01 -1.185315899040996768e-01 1.231310089062838120e-01
7.417637630054846332e-01 -1.171307882389016064e-01 1.220522634649205962e-01
7.415522211188256829e-01 -1.185764455794170447e-01 1.226497237147052832e-01
7.414114758831247265e-01 -1.201485684680528854e-01 1.231228275779161496e-01
7.414242486874281779e-01 -1.201333031975775900e-01 1.230985876407757473e-01
7.413842400707840730e-01 -1.201071002876236693e-01 1.232927317568772718e-01
7.414473428065820881e-01 -1.202417097227014287e-01 1.230478106691199613e-01
7.413938482776015748e-01 -1.201835941848755085e-01 1.232446589352889088e-01
7.414586585635930538e-01 -1.202292014447897683e-01 1.229269988656371826e-01
7.097051111090272313e-01 -9.764136015135793656e-02 1.405996729870535589e-01
6.422510721600979133e-01 -4.650836168754846067e-02 3.070531853333808847e-01
6.031408951998711299e-01 -3.171160328650096671e-02 4.101846118282141962e-01
5.854781893139943127e-01 -1.286319766978544221e-02 4.412772950973165020e-01
5.814267478001594602e-01 -7.848058420464376628e-03 3.747604692634058932e-01
5.765235747866883642e-01 -1.041690664506705888e-02 3.977592863944232615e-01
5.882160229253157180e-01 -6.584547215268021780e-03 4.180357651543804565e-01
6.382500435567647346e-01 -2.567801801183816623e-02 3.249438979520304915e-01
7.277123812341510511e-01 -1.331248708392391844e-01 1.596709926323323092e-01
7.354302287506806479e-01 -1.413699002714553510e-01 1.318908716298161643e-01
7.367844498996749536e-01 -1.307376104750148649e-01 1.273322253637130252e-01
7.333583019642904155e-01 -1.174813615028298952e-01 1.509447418222402693e-01
7.340100461205064653e-01 -1.111656923522948426e-01 1.492367840498476372e-01
7.411031778137564530e-01 -1.197134997543692347e-01 1.246952671060801432e-01
7.412899770832568347e-01 -1.182699085452481036e-01 1.238692388980411341e-01
7.366920101207882210e-01 -1.125621652191653443e-01 1.511707831432320681e-01
7.411351003595382236e-01 -1.197169914607554841e-01 1.245948731101214069e-01
7.366618912421747378e-01 -1.108481167469880790e-01 1.516198010927731765e-01
7.413241324073255312e-01 -1.182712055828272768e-01 1.241229376717329913e-01
7.368091045494392644e-01 -1.110170886203236673e-01 1.509828273805515764e-01
7.366853368292480830e-01 -1.125028980784192334e-01 1.514116080454446234e-01
7.367802178466007490e-01 -1.109368922450951755e-01 1.514018394277969470e-01
7.367125771216049834e-01 -1.125126695521286857e-01 1.514620899336600601e-01
7.368705938439801262e-01 -1.110863294366337684e-01 1.507760354873661779e-01
7.367091053709491355e-01 -1.125174834766425325e-01 1.514912972109065947e-01
7.368904840518578636e-01 -1.110534582300520823e-01 1.507132048504131738e-01
7.367726928025498667e-01 -1.109932833547108144e-01 1.514232614377435393e-01
7.414317943129793420e-01 -1.183181760478280165e-01 1.237660738963703988e-01
7.366592622673183710e-01 -1.124053254642038979e-01 1.518145609555958675e-01
7.368946841248557034e-01 -1.111046792587078169e-01 1.506099970890419915e-01
7.366798414814158535e-01 -1.124984921181685915e-01 1.515910827451023568e-01
7.369142866523281654e-01 -1.111129786751828830e-01 1.506674779906700401e-01
7.366811223107978535e-01 -1.125205251090414249e-01 1.513990814856620570e-01
7.368543192336604042e-01 -1.127820425127036841e-01 1.507295199580165335e-01
7.368839207521900025e-01 -1.110739070748649193e-01 1.507109473011432055e-01
7.367785211040467352e-01 -1.126515352113395818e-01 1.510223356862634425e-01
4.953299999999999925e-01 2.731419999999999959e-01 1.578349999999999920e+00
7.367667972355693706e-01 -1.126603868286683574e-01 1.510469412458577132e-01
7.414008649464860490e-01 -1.201010195676721071e-01 1.236478958856406241e-01
7.365696459494546211e-01 -1.140265386712662199e-01 1.518822541951383442e-01
7.413826614955321137e-01 -1.200904921689666116e-01 1.238107502709393515e-01
7.364501362634986448e-01 -1.139042037181481337e-01 1.523450422973595675e-01
7.368347841621458727e-01 -1.128216815246939064e-01 1.506336366150229367e-01
7.367790426199257725e-01 -1.127270771362036128e-01 1.509053261787396405e-01
7.367885902251094521e-01 -1.127538482034802225e-01 1.507925470530733225e-01
7.367119629217580012e-01 -1.126420968060828365e-01 1.511904692420784624e-01
7.364830238607823487e-01 -1.140335315161198348e-01 1.521234655772372157e-01
7.367979030140250352e-01 -1.128269971630126434e-01 1.507639455921501170e-01
7.413512367620885835e-01 -1.201042421740069477e-01 1.238323268058292292e-01
7.412860164043501010e-01 -1.200310400850660986e-01 1.240013621216464745e-01
7.413258443736583381e-01 -1.200732840014621661e-01 1.239565437325618191e-01
7.410735894028529502e-01 -1.214720801520607907e-01 1.249270611364867722e-01
7.412043235934093754e-01 -1.215884906869492688e-01 1.244251451489073457e-01
7.364408157494202189e-01 -1.140590206056497635e-01 1.521620327679853446e-01
7.410754594614996638e-01 -1.214563398129381300e-01 1.249512091287794391e-01
7.411921154741987205e-01 -1.215912249095029707e-01 1.244900834857378680e-01
7.411067154842853055e-01 -1.214966534537449405e-01 1.248337322521888559e-01
7.413154619951040081e-01 -1.200828211484551433e-01 1.240065303460788915e-01
7.412605538644164715e-01 -1.200171511950119951e-01 1.241511923518141547e-01
7.367952240262225505e-01 -1.128355882194600479e-01 1.508059084575692488e-01
7.411480253040060306e-01 -1.215035051972381819e-01 1.247496999050659028e-01
7.366241063064113970e-01 -1.141721825651861866e-01 1.517152675337944956e-01
7.368353807395919830e-01 -1.128240326211712996e-01 1.506978746823159909e-01
7.367207330935419130e-01 -1.126854816525279523e-01 1.511423275139269773e-01
7.367487588117480612e-01 -1.127030100096314547e-01 1.511042629960848149e-01
7.414534574517384069e-01 -1.202122081704921630e-01 1.234899836037743892e-01
7.365139332409427197e-01 -1.140749745136834803e-01 1.520096281546938766e-01
7.365838730586677929e-01 -1.141392577169612066e-01 1.517903937982327811e-01
7.368159664986266844e-01 -1.128022121763490038e-01 1.507976517146389916e-01
7.367596597846641782e-01 -1.127392192163131357e-01 1.510033023052077539e-01
7.368246967398196512e-01 -1.127661726028397760e-01 1.506973904385395802e-01
7.364932734430045258e-01 -1.140253314845784960e-01 1.521628818125566607e-01
7.368458856314673566e-01 -1.127942200766541281e-01 1.506325219937119098e-01
7.368077435440361089e-01 -1.127534984935968931e-01 1.508794254621252939e-01
7.414231019841194259e-01 -1.201949082187115936e-01 1.236659286322265849e-01
7.364802356111750381e-01 -1.140383714677877802e-01 1.521361324321421904e-01
7.365011685904740979e-01 -1.140432360943182677e-01 1.520259652777113946e-01
7.368322866396099791e-01 -1.128354858475774103e-01 1.507073907166569526e-01
7.364713531970188409e-01 -1.139990092253573284e-01 1.521895613879296061e-01
7.364993868506000130e-01 -1.140295334626771351e-01 1.520728881528725651e-01
7.364645463028549610e-01 -1.140385471661164996e-01 1.522722479301386045e-01
7.365337851381554835e-01 -1.141145561332218006e-01 1.519824577933248655e-01
7.364487972727149501e-01 -1.140074542739987207e-01 1.522400970983965873e-01
7.367014844396471140e-01 -1.126964289856999812e-01 1.512433149760321616e-01
7.365770790452108585e-01 -1.141404131238721309e-01 1.518104548670673459e-01
7.367488849806249629e-01 -1.126938134896829369e-01 1.512156387345873210e-01
7.367799039079978574e-01 -1.127285718529037473e-01 1.509732848411495798e-01
7.365654485185667566e-01 -1.141115914209447357e-01 1.519350253792848271e-01
7.366093128003150525e-01 -1.140323753379508531e-01 1.520104825976988927e-01
7.394440926451042451e-01 -1.139236639381236982e-01 1.535089001281697563e-01
7.397648839492871886e-01 -1.127378890729583416e-01 1.520969637802693786e-01
7.398085964567020500e-01 -1.127395807460732646e-01 1.521125594749828114e-01
7.397622209519461034e-01 -1.126139248332939657e-01 1.524156277623931466e-01
7.395839411617174397e-01 -1.140517853017783967e-01 1.530766092760775798e-01
7.398026045135364104e-01 -1.126747902813813873e-01 1.521994957413159710e-01
7.397782097348942765e-01 -1.126224070223830753e-01 1.523665744299869118e-01
7.398433536149755518e-01 -1.126491998337842415e-01 1.521328649538848943e-01
7.398115866280212671e-01 -1.127092742364592670e-01 1.520902847641156796e-01
7.397303506161704290e-01 -1.125496351407356266e-01 1.525306911104011842e-01
7.397672077907935240e-01 -1.125883141129501164e-01 1.524548934616107854e-01
7.398026739013030539e-01 -1.126691624769978195e-01 1.521687042121107059e-01
7.397550987624497143e-01 -1.125996050656288272e-01 1.524043314004182026e-01
7.398949467729269980e-01 -1.127478057052567206e-01 1.518520011845849726e-01
7.397370223526358313e-01 -1.126406027440726709e-01 1.524199652735442889e-01
7.395753722811475583e-01 -1.141173422242663937e-01 1.529697266702396696e-01
7.394718297591478251e-01 -1.139325354293063142e-01 1.535141864315099358e-01
7.395735586553111585e-01 -1.140796446076817738e-01 1.529753303302037182e-01
7.397990964784130208e-01 -1.126747685516514275e-01 1.522898838458466297e-01
7.398067112441331084e-01 -1.126538836080729356e-01 1.521701336932941295e-01
7.397910095722078916e-01 -1.126685921709835170e-01 1.522179296059755771e-01
7.398668669513791540e-01 -1.127622105482443682e-01 1.518773417845689089e-01
7.398168366366907334e-01 -1.127115247752256133e-01 1.521181951325956128e-01
7.395059609367296005e-01 -1.139457199569158252e-01 1.533948069654984536e-01
7.398209051104679412e-01 -1.127191449877433249e-01 1.520046707317974644e-01
7.395439295364677479e-01 -1.140080308710857970e-01 1.531916588286734715e-01
7.398135447351217309e-01 -1.127005201705023607e-01 1.521735024364658795e-01
7.398505684732332721e-01 -1.128030625450052171e-01 1.517708007341507237e-01
7.394886087481334913e-01 -1.139943328032902992e-01 1.533803934999342644e-01
7.397747311307266704e-01 -1.126432042533122013e-01 1.523142764578144792e-01
7.396567756296082985e-01 -1.141669062700085280e-01 1.526787282279591373e-01
7.395806580309838285e-01 -1.140986383853181962e-01 1.529919668393813215e-01
7.394181826605722430e-01 -1.155384679715670271e-01 1.534877741820770414e-01
7.395437948148474439e-01 -1.140338634960315622e-01 1.531423343491342681e-01
7.396328362301021198e-01 -1.142344283803775618e-01 1.527153617009109343e-01
7.444712234965951136e-01 -1.219188999240174986e-01 1.245442122336246626e-01
7.370143269634604755e-01 -1.129139226931780149e-01 1.500593126891627271e-01
7.449584469168663015e-01 -1.188772194428518447e-01 1.227039431974761285e-01
7.448223108579009599e-01 -1.204907004407494986e-01 1.230716650467573725e-01
7.447973313217743918e-01 -1.204772231657020298e-01 1.232090107674101986e-01
7.448765026078477680e-01 -1.204910774463601175e-01 1.228983423699725464e-01
7.451206550379485538e-01 -1.191144628223329560e-01 1.219257867759553360e-01
7.448998954751759882e-01 -1.205075569693371262e-01 1.229198824607096174e-01
7.448214746683821108e-01 -1.203453090787864888e-01 1.233147580961959644e-01
7.450031811110153779e-01 -1.205334375552720716e-01 1.225335932231892411e-01
7.449044800011321854e-01 -1.204323754491620213e-01 1.230539168943862727e-01
7.448638278537139668e-01 -1.204225771021433244e-01 1.231114656145069208e-01
7.529812154361665844e-01 -1.283682136960625497e-01 9.477107182194299817e-02
7.480415661892965140e-01 -1.206634500570855639e-01 1.234226487253884397e-01
7.442924724035575590e-01 -1.217498926385380265e-01 1.250844268669073500e-01
7.595631043227195622e-01 -1.287713200288713167e-01 9.555023951043173369e-02
7.444115672234833392e-01 -1.218855413853376923e-01 1.246241293305858644e-01
7.444629156837001549e-01 -1.218577460553161851e-01 1.245369127001580978e-01
7.516661577534109462e-01 -1.176931182900145534e-01 1.226009545534976208e-01
7.434906094999238491e-01 -1.098580282944924824e-01 1.507454151172193946e-01
7.515344980741873737e-01 -1.176386780357994155e-01 1.232031220809939320e-01
7.515317696376755396e-01 -1.176657710755802944e-01 1.231484535827402915e-01
7.513305780157968350e-01 -1.191702808497808186e-01 1.238297794717784228e-01
7.512252815027982145e-01 -1.190439926898851919e-01 1.243552454060410373e-01
7.517063805325985282e-01 -1.178284844612478843e-01 1.224490705584824202e-01
7.465545718549549958e-01 -1.100497993480264447e-01 1.513706393334866007e-01
7.465545201438814615e-01 -1.100570730497761884e-01 1.514254641733845386e-01
7.464175506075129141e-01 -1.115127453997469820e-01 1.520705855018931185e-01
7.512436564788564919e-01 -1.189733842400125807e-01 1.243785281507858720e-01
7.514661638836994673e-01 -1.175973695256300466e-01 1.234998337048995865e-01
7.512623308181731741e-01 -1.190214840393438722e-01 1.242143564219899687e-01
