4.382413515448572161e-01 4.991002559661866234e-01 3.352773717045783863e-01
4.382412472367288592e-01 4.991006731987000511e-01 3.352773717045783863e-01
4.382412472367288592e-01 4.991006731987000511e-01 3.352773717045783863e-01
4.382412695884706499e-01 4.991005241870881126e-01 3.352773120999336109e-01
4.382411652803422930e-01 4.991009116172791527e-01 3.352773195505142079e-01
4.382412472367288592e-01 4.991006731987000511e-01 3.352773717045783863e-01
4.382412472367288592e-01 4.991006731987001621e-01 3.352773717045783863e-01
4.382413515448572161e-01 4.991002559661866234e-01 3.352773717045783863e-01
4.382413515448572161e-01 4.991002559661866234e-01 3.352773717045783863e-01
4.382413515448572161e-01 4.991002559661867344e-01 3.352773717045783863e-01
4.382413515448572161e-01 4.991002559661866234e-01 3.352773717045783863e-01
4.382413515448572161e-01 4.991002559661866234e-01 3.352773717045783863e-01
4.382411652803422930e-01 4.991009116172791527e-01 3.352773195505142079e-01
4.382412695884706499e-01 4.991005241870881126e-01 3.352773120999336109e-01
4.382412695884706499e-01 4.991005241870881126e-01 3.352773120999336109e-01
4.382412472367288592e-01 4.991006731987000511e-01 3.352773717045783863e-01
4.382412695884706499e-01 4.991005241870881126e-01 3.352773120999336109e-01
4.382413515448572161e-01 4.991002559661866234e-01 3.352773717045783863e-01
4.382413515448572161e-01 4.991002559661866234e-01 3.352773717045783863e-01
4.382412695884706499e-01 4.991005241870881126e-01 3.352773120999336109e-01
4.382412472367288592e-01 4.991006731987000511e-01 3.352773717045783863e-01
4.382413515448572161e-01 4.991002559661866234e-01 3.352773717045783863e-01
4.382413515448572161e-01 4.991002559661866234e-01 3.352773717045783863e-01
4.382412695884705389e-01 4.991005241870881126e-01 3.352773120999336109e-01
4.382412472367288592e-01 4.991006731987000511e-01 3.352773717045783863e-01
4.382413515448572161e-01 4.991002559661866234e-01 3.352773717045783863e-01
4.382412695884706499e-01 4.991005241870881126e-01 3.352773120999336109e-01
4.382411652803422930e-01 4.991009116172791527e-01 3.352773195505142079e-01
4.382413515448572161e-01 4.991002559661866234e-01 3.352773717045783863e-01
4.382412472367288592e-01 4.991006731987000511e-01 3.352773717045783863e-01
4.382412472367288592e-01 4.991006731987000511e-01 3.352773717045783863e-01
4.382412695884706499e-01 4.991005241870881126e-01 3.352773120999336109e-01
4.382412472367288592e-01 4.991006731987000511e-01 3.352773717045783863e-01
4.382411652803422930e-01 4.991009116172791527e-01 3.352773195505142079e-01
4.382413515448572161e-01 4.991002559661866234e-01 3.352773717045783863e-01
4.382412695884706499e-01 4.991005241870881126e-01 3.352773120999336109e-01
4.382412472367288592e-01 4.991006731987000511e-01 3.352773717045783863e-01
4.382412472367288592e-01 4.991006731987000511e-01 3.352773717045783863e-01
4.382412695884706499e-01 4.991005241870881126e-01 3.352773120999336109e-01
4.382413515448572161e-01 4.991002559661866234e-01 3.352773717045783863e-01
4.382412472367288592e-01 4.991006731987000511e-01 3.352773717045783863e-01
4.382413515448572161e-01 4.991002559661866234e-01 3.352773717045783863e-01
4.382411652803422930e-01 4.991009116172791527e-01 3.352773195505142079e-01
4.382411652803422930e-01 4.991009116172791527e-01 3.352773195505142079e-01
4.382412695884706499e-01 4.991005241870881126e-01 3.352773120999336109e-01
4.382413515448572161e-01 4.991002559661866234e-01 3.352773717045783863e-01
4.382413515448572161e-01 4.991002559661866234e-01 3.352773717045783863e-01
4.382412695884706499e-01 4.991005241870881126e-01 3.352773120999336109e-01
4.382412472367288592e-01 4.991006731987000511e-01 3.352773717045783863e-01
4.382412695884706499e-01 4.991005241870881126e-01 3.352773120999336109e-01
4.382413515448572161e-01 4.991002559661866234e-01 3.352773717045783863e-01
4.382413515448572161e-01 4.991002559661866234e-01 3.352773717045783863e-01
4.382412695884706499e-01 4.991005241870881126e-01 3.352773120999336109e-01
4.382412695884706499e-01 4.991005241870881126e-01 3.352773120999336109e-01
4.382412695884706499e-01 4.991005241870881126e-01 3.352773120999336109e-01
4.382413515448571051e-01 4.991002559661866234e-01 3.352773717045783863e-01
4.382413515448572161e-01 4.991002559661866234e-01 3.352773717045783863e-01
4.382413515448572161e-01 4.991002559661866234e-01 3.352773717045783863e-01
4.382411652803422930e-01 4.991009116172791527e-01 3.352773195505142079e-01
4.382412695884706499e-01 4.991005241870881126e-01 3.352773120999336109e-01
4.382412472367288592e-01 4.991006731987000511e-01 3.352773717045783863e-01
4.382413515448572161e-01 4.991002559661866234e-01 3.352773717045783863e-01
4.444490933418275835e-01 4.941272616386414573e-01 3.343830487132072316e-01
4.586156496405603411e-01 4.790713369846344993e-01 3.296363061666488514e-01
4.776334428787233355e-01 4.567874252796174095e-01 3.202406844496726857e-01
4.880254381895067772e-01 4.433623731136323021e-01 3.135827562212943898e-01
5.104339683055879595e-01 4.125818789005280540e-01 2.965842640399932728e-01
5.214711093902589800e-01 3.966634452342988060e-01 2.868185570836067066e-01
5.410748237371446612e-01 3.698722600936891203e-01 2.666905006766319142e-01
5.490264260768893401e-01 3.601451694965364103e-01 2.568512713909149037e-01
5.597484523057939532e-01 3.484623312950135832e-01 2.384772083163261280e-01
5.661168211698534014e-01 3.432119667530061369e-01 2.226956492662429676e-01
5.691875332593919756e-01 3.428680181503297453e-01 2.100775694847106800e-01
5.705955588817598345e-01 3.422854125499726896e-01 2.051112434267997608e-01
5.722314977645875933e-01 3.430147051811219816e-01 1.957290104031562672e-01
5.719481372833253863e-01 3.443685054779054289e-01 1.916555023193359242e-01
5.723286533355714800e-01 3.449090898036958341e-01 1.846182054281234608e-01
5.722915345430377165e-01 3.455203354358675760e-01 1.811488276720047141e-01
5.721039140224458697e-01 3.467598736286164884e-01 1.783069750666618214e-01
5.717362576723100664e-01 3.473933815956117277e-01 1.747619329392909593e-01
5.657362157106401446e-01 3.481279492378236418e-01 1.745899400115012989e-01
5.589236730337144854e-01 3.493476092815400724e-01 1.767562969028949604e-01
5.420589560270311358e-01 3.532233715057374601e-01 1.872151648998260087e-01
5.330624097585680010e-01 3.566484332084657316e-01 1.953309184312820301e-01
5.237753802537921111e-01 3.613603889942170189e-01 2.053178033232688771e-01
5.062740856409074786e-01 3.756692886352540062e-01 2.292914247512817250e-01
4.977129065990449908e-01 3.864189863204957054e-01 2.422007477283477650e-01
4.791939222812654497e-01 4.178656518459322178e-01 2.639996713399886952e-01
4.626592957973482134e-01 4.522784829139710472e-01 2.799823290109634266e-01
4.503663519024850848e-01 4.799326837062836693e-01 2.923341995477676258e-01
4.457877838611604693e-01 4.908279657363892601e-01 2.973844340443611012e-01
4.397264981269837780e-01 5.056999504566193071e-01 3.055963298678397999e-01
4.380776995420457287e-01 5.098203599452972856e-01 3.091180032491683827e-01
4.366671258211137219e-01 5.123497724533081499e-01 3.152128836512565480e-01
4.366861322522164746e-01 5.114690244197845903e-01 3.178421786427497731e-01
4.376349338889123364e-01 5.068889439105987993e-01 3.236701941490173207e-01
4.377872088551522101e-01 5.054774165153503862e-01 3.251663526892661915e-01
4.379355052113534930e-01 5.028907835483551469e-01 3.277217230200767384e-01
4.378809669613840105e-01 5.020606696605682817e-01 3.287188416719436512e-01
4.378441238403322222e-01 5.009195387363434282e-01 3.305029577016830311e-01
4.378513881564142229e-01 5.006734311580658403e-01 3.311080491542816029e-01
4.378694930672647478e-01 5.005042731761932817e-01 3.318786403536796437e-01
4.378051126003267290e-01 4.995964646339417503e-01 3.321136763691902027e-01
4.392848724126817705e-01 4.840288341045380638e-01 3.294736152887344227e-01
4.396158197522165301e-01 4.709091663360596702e-01 3.267571336030959950e-01
4.379439541697504046e-01 4.363581418991089866e-01 3.177773660421371327e-01
4.333029502630235674e-01 3.976200103759766624e-01 3.036367228627204762e-01
4.295714238286020836e-01 3.802014768123627708e-01 2.940413138270377980e-01
4.212855511903764727e-01 3.519119501113892601e-01 2.732143780589103566e-01
4.125541338324549279e-01 3.348979532718659446e-01 2.537648087739944325e-01
4.048362711071970543e-01 3.277232527732850120e-01 2.354243403673171864e-01
4.010834658145907006e-01 3.257050395011902300e-01 2.277116185426711903e-01
3.942045757174494347e-01 3.268302559852600542e-01 2.130773371458053456e-01
3.881986925005915245e-01 3.298244059085846391e-01 2.001386812329292164e-01
3.854941354691984734e-01 3.312506556510925737e-01 1.943901038169860707e-01
3.830295355618002495e-01 3.332750678062439409e-01 1.891689231991767750e-01
3.769196273386480889e-01 3.393357276916504350e-01 1.756864009797572956e-01
3.751745113730433068e-01 3.407231152057648149e-01 1.718564486503600941e-01
3.739166782796384814e-01 3.426895022392273393e-01 1.687661415338516102e-01
3.722373583912851891e-01 3.452339053153993254e-01 1.659030696749687062e-01
3.637855650484563830e-01 3.602823495864868608e-01 1.580016469955444203e-01
3.615737782418729784e-01 3.621918141841888872e-01 1.549574366211891041e-01
3.606261295825245461e-01 3.544979572296143022e-01 1.507430380582809315e-01
3.617603854835035881e-01 3.329542756080627885e-01 1.502563959360122547e-01
3.623966334015133461e-01 3.230149626731873003e-01 1.502247905731201039e-01
3.637436089664700667e-01 3.038698315620422807e-01 1.521358644962310658e-01
3.643557319045069298e-01 2.844247698783874956e-01 1.556921309232711659e-01
3.643861582130196175e-01 2.754274487495422807e-01 1.569610095024108753e-01
3.646291738003494820e-01 2.702642560005188432e-01 1.576890951395034657e-01
3.648975250869991860e-01 2.632992744445801225e-01 1.584120249748229847e-01
3.647972737997773329e-01 2.612962007522583452e-01 1.584888255596160755e-01
3.649091275036337456e-01 2.558136463165284757e-01 1.592117106914520130e-01
3.654094377160074791e-01 2.538260698318481889e-01 1.595602786540985252e-01
3.659168092161419472e-01 2.485237598419189897e-01 1.601620322465896473e-01
3.659379986673595986e-01 2.479827880859375444e-01 1.600488132238387928e-01
3.659396601468327126e-01 2.462450742721558061e-01 1.603157153725623951e-01
3.659891524910929284e-01 2.456669688224792925e-01 1.602672120928764210e-01
3.661381864547731957e-01 2.446569681167602983e-01 1.598625859618186817e-01
3.661921361088755211e-01 2.431707262992859331e-01 1.593514090776443348e-01
3.662457914650443236e-01 2.430986642837524858e-01 1.589462465047836170e-01
3.662779835611584267e-01 2.425149559974670854e-01 1.579246973991393910e-01
3.663442955911161980e-01 2.417853355407715288e-01 1.573628342151641712e-01
3.663218004256489913e-01 2.403045177459717241e-01 1.569179227948188649e-01
3.662043569236996809e-01 2.397063851356506792e-01 1.565174689888954029e-01
3.662352135032418410e-01 2.390177726745605913e-01 1.556526577472686634e-01
3.662021720409396330e-01 2.386852979660034624e-01 1.550660437345504628e-01
3.661276774108412901e-01 2.381200671195984331e-01 1.543014949560165272e-01
3.661412970721724669e-01 2.377939105033874956e-01 1.539046025276183949e-01
3.661558517813685576e-01 2.369885921478271928e-01 1.533251336216926441e-01
3.660306149721148650e-01 2.366272091865539995e-01 1.527288413047790394e-01
3.658775278925898711e-01 2.361571073532104936e-01 1.523773378133773670e-01
3.658773490786555449e-01 2.359035491943359819e-01 1.522785058617591725e-01
3.658369110524657408e-01 2.356907010078430620e-01 1.520349538326263572e-01
3.657534999400380293e-01 2.352833032608032671e-01 1.516481941938400135e-01
3.657530249655249754e-01 2.351754188537598100e-01 1.515539294481277333e-01
3.657593281567099730e-01 2.348468184471130815e-01 1.515122807025909291e-01
3.657732272148135344e-01 2.338945150375366655e-01 1.513406342267989979e-01
3.657694609463217894e-01 2.335498213768005815e-01 1.512596464157104081e-01
3.657231090217831770e-01 2.333615899085998979e-01 1.505405908823013172e-01
3.656374627351764439e-01 2.330226778984070268e-01 1.501495844125747547e-01
3.656655924022200743e-01 2.324282407760620561e-01 1.498316681385040150e-01
3.656996713578704039e-01 2.318864345550537553e-01 1.497267639636993275e-01
3.657340352982285658e-01 2.313972592353821245e-01 1.493056124448776112e-01
3.657865693420174757e-01 2.307215809822082964e-01 1.490667319297790394e-01
3.658449260145428816e-01 2.299355149269104448e-01 1.488555377721786366e-01
3.658496627211573760e-01 2.297654032707214800e-01 1.486863201856613026e-01
3.658384477347138564e-01 2.297588467597961870e-01 1.484762138128280506e-01
3.658137639611962477e-01 2.293320178985596147e-01 1.481316095590591297e-01
3.657258452475073973e-01 2.293228387832642046e-01 1.475755429267883168e-01
3.656926715373996495e-01 2.290968179702759233e-01 1.471374636888504173e-01
3.656737675517800490e-01 2.291794896125793901e-01 1.467268025875091420e-01
3.655674663931134383e-01 2.292837381362915483e-01 1.460005944967269764e-01
3.655467388778927962e-01 2.293735623359680620e-01 1.455274975299835072e-01
3.655318265408280531e-01 2.295917749404907671e-01 1.450201949477195607e-01
3.655338884890082518e-01 2.295167326927185503e-01 1.448377376794814930e-01
3.655167912691834609e-01 2.295362234115601030e-01 1.442307984828948841e-01
3.655147758871320485e-01 2.294817447662353960e-01 1.439683219790458546e-01
3.654773590713742415e-01 2.293154478073120561e-01 1.434244146943092213e-01
3.653964997828009764e-01 2.293048381805420366e-01 1.428380316495895253e-01
3.653631100058559178e-01 2.294339418411255327e-01 1.421614891290664540e-01
3.653219958394768874e-01 2.295101761817932573e-01 1.414776673913001881e-01
3.652773202955725829e-01 2.294992089271545854e-01 1.409861153364181385e-01
3.652002943307164351e-01 2.296711087226868120e-01 1.404850488901138172e-01
3.651842867583039443e-01 2.297078251838684526e-01 1.402168428897857533e-01
3.651520033925774733e-01 2.295222163200378862e-01 1.395637920498847828e-01
3.651444205641749541e-01 2.293023347854614702e-01 1.392176753282546864e-01
3.651273103058341185e-01 2.290447831153870073e-01 1.391593670845031605e-01
3.650418726354840437e-01 2.299759864807129350e-01 1.383850803971290455e-01
3.660575152933601140e-01 2.315484166145325151e-01 1.365096127986907826e-01
3.674654868990185896e-01 2.300321936607361284e-01 1.357188528776168690e-01
3.682046720385555028e-01 2.295422434806824175e-01 1.356058275699615345e-01
3.705314622819426695e-01 2.259694218635559526e-01 1.347559621930122242e-01
3.715121524035933653e-01 2.228317737579346147e-01 1.352945721149444447e-01
3.729707898199561278e-01 2.174073934555054155e-01 1.358080363273620195e-01
3.743398824334148167e-01 2.125452041625977007e-01 1.360090082883834706e-01
3.755973504483702818e-01 2.051958918571472612e-01 1.368557891249656822e-01
3.759448269009593169e-01 2.026109576225281206e-01 1.372278934717178211e-01
3.781354987621310393e-01 1.944138884544373003e-01 1.375056064128875599e-01
3.806478345394137541e-01 1.837958574295044389e-01 1.395433104038238392e-01
3.819392436742786168e-01 1.786166906356811968e-01 1.405578112602233753e-01
3.856048324704173247e-01 1.649865984916688566e-01 1.435870608687400685e-01
3.891916090250017723e-01 1.531518578529357244e-01 1.465856438875198231e-01
3.927432784438136260e-01 1.411106467247009721e-01 1.487479811906814442e-01
3.960568794608119170e-01 1.309180736541748491e-01 1.516954755783080921e-01
3.992487528920176665e-01 1.204526901245117632e-01 1.547072237730026112e-01
4.011312836408618132e-01 1.143607974052429643e-01 1.583036562800406999e-01
4.029936456680300871e-01 1.098915219306946245e-01 1.600890165567397938e-01
4.087020868062976597e-01 9.472994804382328660e-02 1.694684630632400379e-01
4.105182179808619658e-01 9.102766513824456229e-02 1.720471090078353749e-01
4.167508372664455174e-01 7.891904115676884324e-02 1.822449496388435231e-01
4.187833854556087254e-01 7.618837356567387253e-02 1.849526619911193714e-01
4.242048898339275120e-01 6.516026258468632371e-02 1.975100567936897145e-01
4.270349928736690281e-01 5.798690319061283738e-02 2.069084873795509205e-01
4.335770198702815770e-01 4.934965372085575730e-02 2.249817630648612843e-01
4.352584519982341527e-01 4.716943502426151902e-02 2.322437098622321949e-01
4.388814011216167210e-01 4.604052305221562058e-02 2.467088630795478688e-01
4.401805663108829814e-01 4.720728397369389207e-02 2.522051340341567860e-01
4.413486832380298375e-01 4.820697307586674363e-02 2.584972462058067189e-01
4.440985137224200963e-01 5.167882442474369675e-02 2.723210832476615773e-01
4.459243977069857756e-01 5.718951225280766160e-02 2.825219339132308827e-01
4.476306328177455662e-01 6.296567916870110526e-02 2.934808662533759938e-01
4.492839613556865452e-01 6.955664157867436082e-02 2.999644359946250782e-01
4.516669028997424840e-01 7.558350563049320847e-02 3.070831826329231129e-01
4.525953346490863560e-01 7.820527553558354050e-02 3.100514492392539845e-01
4.537138530611995457e-01 8.270322084426884324e-02 3.144244781136512623e-01
4.544372522830966710e-01 8.461259603500370652e-02 3.160336321592330799e-01
4.552363196015361546e-01 8.766632080078129441e-02 3.175568437576293812e-01
4.557920509576801060e-01 8.842008113861088425e-02 3.192319205403327809e-01
4.569063970446590184e-01 8.921669721603397996e-02 3.217329612374305592e-01
4.571518489718440770e-01 8.950303792953495652e-02 3.221459469199180470e-01
4.574649596214298009e-01 8.975939750671391160e-02 3.227643823623657093e-01
4.582003989815715550e-01 9.018819332122807175e-02 3.231066396832465992e-01
4.583555424213412999e-01 9.035371541976933152e-02 3.227312049269676075e-01
4.588108846545222996e-01 9.026806354522709519e-02 3.219453921914100514e-01
4.594173619151118992e-01 8.927701711654667527e-02 3.204149460792541371e-01
4.595125579833987950e-01 8.891414403915409714e-02 3.197571492195129261e-01
4.598292076587681132e-01 8.806364536285404832e-02 3.181324234604835377e-01
4.604478815197948771e-01 8.728508949279789597e-02 3.162472999095916615e-01
4.610315376520160435e-01 8.579139709472660691e-02 3.149063295125961170e-01
4.613354691863063572e-01 8.458905220031742722e-02 3.129181867837905751e-01
4.614060932397845982e-01 8.417652845382694871e-02 3.120456269383430348e-01
4.616233894228938262e-01 8.331160545349114432e-02 3.106817311048507557e-01
4.616823533177379368e-01 8.296291828155522019e-02 3.099557614326476918e-01
4.618321695923808812e-01 8.238439559936527878e-02 3.085560059547424183e-01
4.617654123902324437e-01 8.218132257461552292e-02 3.064075267314910755e-01
4.618927428126338719e-01 8.173053264617924363e-02 3.048235929012298451e-01
4.620719069242480992e-01 8.126227855682377488e-02 3.042946165800094471e-01
4.621450269222263096e-01 8.062444925308231980e-02 3.031778416037559376e-01
4.623330646753314732e-01 8.002351522445683152e-02 3.020590102672576771e-01
4.624144697189334074e-01 7.973151206970219285e-02 3.013431212306022511e-01
4.625198581814768950e-01 7.864301204681400925e-02 3.006388774514198170e-01
4.625931867957118748e-01 7.849382162094120652e-02 2.997964626550674305e-01
4.625067004561427830e-01 7.825820446014408738e-02 2.983879527449607716e-01
4.623765462636951207e-01 7.807950973510746628e-02 2.964339038729667530e-01
4.623589405417445897e-01 7.797770500183109910e-02 2.957571452856063710e-01
4.624163174629215556e-01 7.676999568939213425e-02 2.945112517476081715e-01
4.623134249448779820e-01 7.655750513076786667e-02 2.939770600199699269e-01
4.622054138779643773e-01 7.614998817443852097e-02 2.929676926136016712e-01
4.619836920499805211e-01 7.611631155014053629e-02 2.909636801481246815e-01
4.618779236078265904e-01 7.595925331115727097e-02 2.903049072623252735e-01
4.617472180724147557e-01 7.512186765670780808e-02 2.894269159436225758e-01
4.616615736484531163e-01 7.499049901962273612e-02 2.888110435009002552e-01
4.616509789228442906e-01 7.475482225418095261e-02 2.878713390231132374e-01
4.615401515364650487e-01 7.471905946731571824e-02 2.873253232240676747e-01
4.614122921228411833e-01 7.438676357269291550e-02 2.866170412302017079e-01
4.613741227984431981e-01 7.418237924575810105e-02 2.860151833295822010e-01
4.615495020151141881e-01 7.308648824691776902e-02 2.862119159102439747e-01
4.618174546957019566e-01 7.192956209182743699e-02 2.869553646445274220e-01
4.620206171274188756e-01 7.141892910003666550e-02 2.876220500469207630e-01
4.619948679208759068e-01 7.167683839797978074e-02 2.875660663843154774e-01
4.618835264444355326e-01 7.248287200927738816e-02 2.872442162036895619e-01
4.617417716979984044e-01 7.337270975112919480e-02 2.865486225485801564e-01
4.616834113001827000e-01 7.373337745666508347e-02 2.863673126697540150e-01
4.615764954686168431e-01 7.440053224563603074e-02 2.862424856424331532e-01
4.615215548872951268e-01 7.473723888397221238e-02 2.862071624398231373e-01
4.614294359087947606e-01 7.532547712326054246e-02 2.860018840432166920e-01
4.613555634021762608e-01 7.581882476806645066e-02 2.857575124502181874e-01
4.613238984346393345e-01 7.606505155563358933e-02 2.857737100124358998e-01
4.613233545422557591e-01 7.610993385314945847e-02 2.857752224802970753e-01
4.613429644703868626e-01 7.602326869964604050e-02 2.857691055536270008e-01
4.613627383112910985e-01 7.592694759368900925e-02 2.857635325193405018e-01
4.613932633399966954e-01 7.578645944595341355e-02 2.857502481341361866e-01
4.613991120457652806e-01 7.576071023941044480e-02 2.857450699806213246e-01
4.614161068201068638e-01 7.567642927169804246e-02 2.857315248250961170e-01
4.614335113763812779e-01 7.558952569961552292e-02 2.857157593965530262e-01
4.614451417326930205e-01 7.552628517150872245e-02 2.856906509399413929e-01
4.614504390954974888e-01 7.549833059310917527e-02 2.856525263190269337e-01
4.614653402566913365e-01 7.541464567184452683e-02 2.855853816866874562e-01
4.615034797787669341e-01 7.519434690475457206e-02 2.855846515297889576e-01
4.615305104851726292e-01 7.503663301467899949e-02 2.855862087011337147e-01
4.615561181306842564e-01 7.488720417022709519e-02 2.855886822938918934e-01
4.615596497058871983e-01 7.486664056777958542e-02 2.855903884768485890e-01
4.615593367815021275e-01 7.486842870712284714e-02 2.855912825465202198e-01
4.615566098690036534e-01 7.488136291503910691e-02 2.855935475230216847e-01
4.615533167123798131e-01 7.490061521530155808e-02 2.855948662757873402e-01
4.615435490012172459e-01 7.495545148849491746e-02 2.855987480282783375e-01
4.615328350663188695e-01 7.501785755157475144e-02 2.856041422486305104e-01
4.615272173285487889e-01 7.505052089691166550e-02 2.856071001291274891e-01
4.615167641639713048e-01 7.510935068130497605e-02 2.856125316023826466e-01
4.615070709586147069e-01 7.516585588455204636e-02 2.856174787878990040e-01
4.614996501803401707e-01 7.520889043807987839e-02 2.856224557757377491e-01
4.614945390820506255e-01 7.523660659790043503e-02 2.856282225251197682e-01
4.614907914400104283e-01 7.525824308395390183e-02 2.856350994110107289e-01
4.614886605739597081e-01 7.527058124542240769e-02 2.856446287035941944e-01
