4.382689186930658343e-01 4.991224288940430687e-01 3.352686992287635670e-01
4.382689186930658343e-01 4.991224288940431797e-01 3.352686992287635670e-01
4.382689186930657232e-01 4.991224288940430687e-01 3.352686992287635670e-01
4.382689857482912066e-01 4.991221308708191917e-01 3.352686992287635670e-01
4.382689186930658343e-01 4.991224288940430687e-01 3.352686992287635670e-01
4.382689857482912066e-01 4.991221308708191917e-01 3.352686992287635670e-01
4.382689186930658343e-01 4.991224288940430687e-01 3.352686992287635670e-01
4.382689186930658343e-01 4.991224288940430687e-01 3.352686992287635670e-01
4.382689186930657232e-01 4.991224288940430687e-01 3.352686992287635670e-01
4.382687547802927019e-01 4.991229355335236595e-01 3.352685427665710316e-01
4.382689186930658343e-01 4.991224288940430687e-01 3.352686992287635670e-01
4.382689186930658343e-01 4.991224288940430687e-01 3.352686992287635670e-01
4.382688218355180743e-01 4.991226971149445579e-01 3.352685502171516285e-01
4.382689186930658343e-01 4.991224288940430687e-01 3.352686992287635670e-01
4.382689186930658343e-01 4.991224288940430687e-01 3.352686992287635670e-01
4.382689186930658343e-01 4.991224288940430687e-01 3.352686992287635670e-01
4.382688963413240435e-01 4.991224884986878441e-01 3.352685204148292408e-01
4.382689633965494158e-01 4.991222202777863548e-01 3.352685204148292408e-01
4.382689633965494158e-01 4.991222202777863548e-01 3.352685204148292408e-01
4.382689633965494158e-01 4.991222202777863548e-01 3.352685204148292408e-01
4.382688963413240435e-01 4.991224884986878441e-01 3.352685204148292408e-01
4.382688963413240435e-01 4.991224884986879551e-01 3.352685204148292408e-01
4.382688963413240435e-01 4.991224884986878441e-01 3.352685204148292408e-01
4.382688963413239325e-01 4.991224884986878441e-01 3.352685204148292408e-01
4.382688963413239325e-01 4.991224884986877330e-01 3.352685204148292408e-01
4.382688963413240435e-01 4.991224884986878441e-01 3.352685204148292408e-01
4.382688963413240435e-01 4.991224884986878441e-01 3.352685204148292408e-01
4.382688963413240435e-01 4.991224884986878441e-01 3.352685204148292408e-01
4.382688963413240435e-01 4.991224884986878441e-01 3.352685204148292408e-01
4.382688963413240435e-01 4.991224884986878441e-01 3.352685204148292408e-01
4.382688963413240435e-01 4.991224884986878441e-01 3.352685204148292408e-01
4.382687547802927019e-01 4.991229355335236595e-01 3.352685427665710316e-01
4.382688963413240435e-01 4.991224884986878441e-01 3.352685204148292408e-01
4.382689633965494158e-01 4.991222202777863548e-01 3.352685204148292408e-01
4.382688963413240435e-01 4.991224884986878441e-01 3.352685204148292408e-01
4.382688963413240435e-01 4.991224884986878441e-01 3.352685204148292408e-01
4.382688963413240435e-01 4.991224884986878441e-01 3.352685204148292408e-01
4.382689633965494158e-01 4.991222202777863548e-01 3.352685204148292408e-01
4.382689633965494158e-01 4.991222202777863548e-01 3.352685204148292408e-01
4.382688963413240435e-01 4.991224884986878441e-01 3.352685204148292408e-01
4.382688963413240435e-01 4.991224884986878441e-01 3.352685204148292408e-01
4.382688963413240435e-01 4.991224884986878441e-01 3.352685204148292408e-01
4.382688963413240435e-01 4.991224884986878441e-01 3.352685204148292408e-01
4.382688963413240435e-01 4.991224884986878441e-01 3.352685204148292408e-01
4.382688963413240435e-01 4.991224884986878441e-01 3.352685204148292408e-01
4.382688963413240435e-01 4.991224884986878441e-01 3.352685204148292408e-01
4.382688963413240435e-01 4.991224884986878441e-01 3.352685204148292408e-01
4.382688963413240435e-01 4.991224884986878441e-01 3.352685204148292408e-01
4.382689633965494158e-01 4.991222202777863548e-01 3.352685204148292408e-01
4.382689633965494158e-01 4.991222202777863548e-01 3.352685204148292408e-01
4.382688963413240435e-01 4.991224884986878441e-01 3.352685204148292408e-01
4.382689633965494158e-01 4.991222202777862438e-01 3.352685204148292408e-01
4.382688963413240435e-01 4.991224884986878441e-01 3.352685204148292408e-01
4.382689633965494158e-01 4.991222202777863548e-01 3.352685204148292408e-01
4.382688963413240435e-01 4.991224884986878441e-01 3.352685204148292408e-01
4.382689633965494158e-01 4.991222202777863548e-01 3.352685204148292408e-01
4.382689633965494158e-01 4.991222202777863548e-01 3.352685204148292408e-01
4.382689633965494158e-01 4.991222202777863548e-01 3.352685204148292408e-01
4.382688963413240435e-01 4.991224884986878441e-01 3.352685204148292408e-01
4.382688963413240435e-01 4.991224884986878441e-01 3.352685204148292408e-01
4.382688963413240435e-01 4.991224884986878441e-01 3.352685204148292408e-01
4.382687175273897173e-01 4.991230249404908226e-01 3.352684012055396900e-01
4.382688963413240435e-01 4.991224884986878441e-01 3.352685204148292408e-01
4.382688963413240435e-01 4.991224884986878441e-01 3.352685204148292408e-01
4.382688963413240435e-01 4.991224884986878441e-01 3.352685204148292408e-01
4.382688963413240435e-01 4.991224884986878441e-01 3.352685204148292408e-01
4.382688963413240435e-01 4.991224884986878441e-01 3.352685204148292408e-01
4.382688963413239325e-01 4.991224884986878441e-01 3.352685204148292408e-01
4.382688963413240435e-01 4.991224884986878441e-01 3.352685204148292408e-01
4.382688963413240435e-01 4.991224884986878441e-01 3.352685204148292408e-01
4.382688963413240435e-01 4.991224884986878441e-01 3.352685204148292408e-01
4.450060838460924151e-01 4.938899755477906273e-01 3.341897508502006398e-01
4.512778335809709551e-01 4.873561739921570823e-01 3.323564460873603688e-01
4.678695464134218218e-01 4.675020456314087913e-01 3.252810618281364308e-01
4.869789594411851885e-01 4.412674486637116478e-01 3.132334879040717945e-01
5.088752323389054144e-01 4.100545525550843284e-01 2.959937161207198963e-01
5.197741502523424151e-01 3.940812826156617210e-01 2.863492152094840870e-01
5.376085752248765948e-01 3.686863064765931730e-01 2.664609259366989003e-01
5.562798941135409514e-01 3.570159554481507902e-01 2.482055357098579274e-01
5.696586334705354693e-01 3.479797422885896330e-01 2.313540434837341175e-01
5.766691231727602007e-01 3.447120666503907804e-01 2.225823855400085316e-01
5.961278343200686614e-01 3.441217124462129240e-01 2.068806073069572316e-01
6.148364806175234953e-01 3.448625385761262541e-01 1.902535265684127674e-01
6.242338085174562456e-01 3.452679395675660734e-01 1.820573067665099964e-01
6.431221628189089934e-01 3.482382476329805021e-01 1.633902794122695790e-01
6.526975297927859465e-01 3.495312213897707188e-01 1.542669093608856068e-01
6.701535248756411711e-01 3.533921718597414219e-01 1.346050804853439198e-01
6.788001918792727629e-01 3.551651418209078037e-01 1.248298516869544850e-01
6.856693589687349322e-01 3.634505152702333652e-01 1.056459403038024769e-01
6.813086533546449663e-01 3.676583051681520664e-01 9.844522237777708629e-02
6.640081071853639605e-01 3.738357007503511631e-01 8.534681856632231334e-02
6.430924499034883501e-01 3.754242837429048185e-01 7.850313246250151256e-02
6.253005826473237994e-01 3.743888914585115080e-01 7.649786829948423961e-02
6.175948643684389117e-01 3.737616121768954081e-01 7.639995276927949441e-02
6.057184600830080035e-01 3.735698938369752531e-01 7.830320358276365855e-02
6.015050971508028033e-01 3.721794068813325529e-01 7.953918039798735240e-02
5.981781446933748247e-01 3.701140761375428800e-01 8.094178199768065074e-02
5.922391676902772906e-01 3.668357908725740080e-01 8.455880045890806773e-02
5.891563111543657305e-01 3.649894475936891203e-01 8.657263278961180308e-02
5.842200779914857867e-01 3.609037578105928068e-01 9.083555698394774058e-02
5.821580851078035357e-01 3.589657723903657560e-01 9.317715525627134898e-02
5.799034202098848345e-01 3.571811795234681730e-01 9.561622202396391490e-02
5.767320656776430132e-01 3.541599690914155607e-01 9.986819386482237437e-02
5.705671870708467486e-01 3.586457550525666838e-01 1.017847812175750599e-01
5.670324975252153399e-01 3.589182376861573820e-01 1.034626817703246937e-01
5.611407423019411089e-01 3.494966506958009367e-01 1.088324195146560536e-01
5.590877199172975542e-01 3.408314466476441984e-01 1.124031102657317982e-01
5.576387161016466143e-01 3.309019982814790373e-01 1.160397535562515126e-01
5.566509330272677580e-01 3.213489830493928556e-01 1.195308274030685292e-01
5.550028944015505949e-01 3.067194998264314298e-01 1.251234418153762684e-01
5.544243121147158782e-01 3.009306371212007170e-01 1.271827673912048207e-01
5.535530859231951872e-01 2.916326999664308195e-01 1.303050523996353016e-01
5.540399813652041594e-01 2.855196475982667570e-01 1.320735669136047230e-01
5.542175137996676604e-01 2.805569648742676225e-01 1.334741121530532426e-01
5.544550979137423674e-01 2.721972942352296476e-01 1.357732346653938160e-01
5.549871438741686980e-01 2.672386050224305754e-01 1.367592221498489247e-01
5.553130173683169524e-01 2.635164141654969816e-01 1.373255556821822987e-01
5.553334468603137175e-01 2.591426253318788175e-01 1.381955897808074818e-01
5.558875465393068316e-01 2.565145969390870695e-01 1.385032242536544667e-01
5.563217663764956633e-01 2.540529847145082121e-01 1.387633985280990467e-01
5.567044579982760588e-01 2.508842825889588957e-01 1.391488468647003318e-01
5.568732732534411589e-01 2.484857320785524015e-01 1.394064581394195423e-01
5.569033437967303435e-01 2.461306929588318315e-01 1.394712632894515858e-01
5.564653837680819670e-01 2.436838626861573820e-01 1.392392224073409901e-01
5.564425700902941863e-01 2.424384832382203703e-01 1.391427969932556019e-01
5.555773639678956988e-01 2.411250948905946379e-01 1.390132611989974842e-01
5.550252014398577849e-01 2.407611489295961027e-01 1.388709849119186268e-01
5.549638533592226031e-01 2.394269585609437589e-01 1.389342254400253163e-01
5.549338275194171111e-01 2.373857378959657316e-01 1.392973667383193836e-01
5.547682458162310759e-01 2.371355772018434171e-01 1.393076187372207508e-01
5.546978527307513396e-01 2.362141489982606535e-01 1.393437987565994407e-01
5.546154791116716387e-01 2.343005418777467375e-01 1.393980985879897938e-01
5.546184742450717131e-01 2.339705109596253996e-01 1.392961895465850697e-01
5.547164642810824553e-01 2.336645603179933195e-01 1.391876271367072926e-01
5.540327990055087248e-01 2.328455924987795633e-01 1.390807262063026295e-01
5.536214375495913664e-01 2.325042963027954546e-01 1.388707315921783314e-01
5.537686610221865813e-01 2.313938617706300382e-01 1.386310091614723072e-01
5.536644721031191985e-01 2.314404726028443937e-01 1.383926278352737294e-01
5.537436270713809172e-01 2.302241206169129972e-01 1.382576531171798573e-01
5.537786448001864592e-01 2.294179081916810636e-01 1.382080024480819569e-01
5.535069817304614226e-01 2.292094707489015226e-01 1.380393511056899891e-01
5.526615941524508635e-01 2.293831586837771219e-01 1.374518877267837391e-01
5.538354182243350188e-01 2.369222521781922941e-01 1.356593376398086415e-01
5.573155546188357512e-01 2.393542408943177824e-01 1.366111344099044667e-01
5.599078500270845415e-01 2.367679357528686968e-01 1.386143124103545732e-01
5.655015820264819304e-01 2.319666624069215421e-01 1.428640416264533863e-01
5.682599806785586516e-01 2.293120503425599699e-01 1.447631201148033009e-01
5.735347086191180388e-01 2.242157340049745207e-01 1.469409024715423451e-01
5.768886768817904631e-01 2.172870516777040129e-01 1.514616242051124440e-01
5.779407733678820769e-01 2.147213101387025480e-01 1.538638553023338185e-01
5.820498132705691496e-01 2.068720340728761320e-01 1.594341552257537986e-01
5.838596189022067229e-01 2.030610918998719816e-01 1.617544299364089833e-01
5.860313737392428557e-01 1.998769521713258390e-01 1.643641000986099110e-01
5.899762624502185027e-01 1.934226632118226652e-01 1.700687414407729969e-01
5.902758800983431975e-01 1.921321630477906828e-01 1.714142194390296803e-01
5.916440749168399016e-01 1.894044756889344816e-01 1.747533982992172108e-01
5.927905106544497649e-01 1.884991407394410734e-01 1.770614950358867512e-01
5.934663975238803069e-01 1.868052363395692472e-01 1.789261555671691761e-01
5.939720535278323332e-01 1.851435780525209074e-01 1.811811184883117543e-01
5.950157904624941985e-01 1.827528357505799894e-01 1.839123150706291066e-01
5.953808689117434660e-01 1.816027641296388273e-01 1.850624090433120594e-01
5.955166482925418059e-01 1.808059692382814054e-01 1.861399865150451527e-01
5.963372552394869963e-01 1.781980276107789640e-01 1.884914493560790882e-01
5.963422024250033537e-01 1.778551816940309171e-01 1.892651921510696278e-01
5.965146088600161711e-01 1.772989511489869718e-01 1.900010263919830189e-01
5.965220296382907073e-01 1.768448233604432707e-01 1.911716243624687062e-01
5.965741240978243987e-01 1.765512108802796964e-01 1.921040794253349171e-01
5.966941082477572600e-01 1.761673569679261808e-01 1.926233774423599110e-01
5.967189633846285979e-01 1.760753273963929777e-01 1.931797644495963917e-01
5.968432092666628996e-01 1.757202029228212004e-01 1.937293341755866871e-01
5.968907737731936614e-01 1.754333853721620207e-01 1.943624174594879017e-01
5.968125426769259612e-01 1.756625056266786222e-01 1.944567716121673451e-01
5.971388781070712248e-01 1.749285340309144621e-01 1.954923501610755787e-01
5.972434544563296477e-01 1.747412562370301847e-01 1.960357284545898304e-01
5.975775980949404875e-01 1.738424181938172941e-01 1.970171561837196217e-01
5.976114833354952971e-01 1.737055063247682218e-01 1.971691629290580616e-01
5.978642368316653410e-01 1.732926249504090910e-01 1.978280326724052296e-01
5.981813037395480315e-01 1.729358911514283781e-01 1.983727073669433183e-01
5.983930492401126067e-01 1.726135492324830656e-01 1.987636691331863270e-01
5.984743499755862395e-01 1.724357485771180754e-01 1.989305844902992115e-01
5.984600448608401457e-01 1.724360466003419523e-01 1.990353322029113636e-01
5.986053013801577727e-01 1.724648356437684660e-01 1.993551111221313343e-01
5.984900259971621672e-01 1.728809356689453569e-01 1.992578884959220475e-01
5.985442066192629973e-01 1.729850649833680754e-01 1.993255248665809498e-01
5.985225999355319182e-01 1.729985952377320890e-01 1.995450785756111012e-01
5.983116292953494231e-01 1.735369443893434171e-01 1.994473418593406544e-01
5.982644522190097014e-01 1.737143874168397550e-01 1.994147455692291127e-01
5.981545114517214934e-01 1.740450739860536222e-01 1.993219932913779802e-01
5.981873536109927336e-01 1.741223812103273039e-01 1.993391966819763050e-01
5.981266164779666106e-01 1.744255900382997160e-01 1.993949642777442799e-01
5.981149041652682463e-01 1.745201826095582609e-01 1.994140228629112110e-01
5.981836283206942717e-01 1.743281960487367277e-01 1.995533710718154774e-01
5.981841349601748625e-01 1.743771910667420988e-01 1.995242467522621022e-01
5.982144737243655364e-01 1.743709325790406828e-01 1.995247533917426930e-01
5.982721412181857268e-01 1.742498755455018644e-01 1.994685760140418873e-01
5.983408653736117522e-01 1.741974234580995207e-01 1.993780365586280690e-01
5.984809362888339201e-01 1.740758895874024992e-01 1.993863663077354298e-01
5.985448920726779143e-01 1.739136457443238859e-01 1.994843414425849781e-01
5.987077915668490569e-01 1.736557364463807707e-01 1.995358249545097218e-01
5.987175965309146086e-01 1.736628890037538175e-01 1.993979370594024525e-01
5.988051259517672698e-01 1.734292387962342863e-01 1.993438905477523670e-01
5.987776482105258147e-01 1.735074996948243742e-01 1.991564562916755543e-01
5.988046193122866789e-01 1.734420537948609953e-01 1.989478027820587025e-01
5.988470578193667571e-01 1.733084201812745695e-01 1.990359356999397145e-01
5.988680684566500823e-01 1.732460141181947355e-01 1.990227407217025624e-01
5.988974237442019621e-01 1.731605410575868254e-01 1.987121185660362110e-01
5.988410079479220549e-01 1.733010292053224211e-01 1.982164612412452565e-01
5.988697075843814055e-01 1.732104897499086027e-01 1.981853476166725025e-01
5.989278519153597991e-01 1.730254173278810148e-01 1.982054492831230030e-01
5.989291036129000823e-01 1.730084300041200285e-01 1.979841819405555592e-01
5.990508162975314299e-01 1.726048469543458586e-01 1.978914669156074391e-01
5.992090666294100920e-01 1.720940947532655363e-01 1.981659463047981129e-01
5.993699693679812590e-01 1.716086149215699796e-01 1.981728976964950428e-01
5.994637572765353362e-01 1.713315725326539640e-01 1.982866755127906666e-01
5.995784366130831877e-01 1.709803223609925871e-01 1.984032323956489430e-01
5.998727643489840666e-01 1.700982332229614702e-01 1.988154879212379322e-01
6.000633800029757658e-01 1.695127367973329191e-01 1.991010314226150379e-01
6.003542506694796721e-01 1.686010241508485441e-01 1.996741896867751942e-01
6.004191899299624602e-01 1.683880567550660734e-01 1.998381024599075184e-01
6.005472505092623869e-01 1.679658770561219816e-01 2.001113227009773121e-01
6.006430649757388274e-01 1.676839470863343839e-01 2.002679637074470387e-01
6.012228095531466643e-01 1.665912151336671476e-01 2.002078300714492665e-01
6.025444531440737883e-01 1.586162328720094328e-01 1.937675631046295033e-01
6.031829977035525481e-01 1.561332821846009855e-01 1.870478323101997242e-01
6.043832266330722014e-01 1.531861901283265714e-01 1.716164058446884022e-01
6.044836306571963469e-01 1.520252108573915129e-01 1.556252396106719560e-01
6.045371556282046477e-01 1.517902493476869230e-01 1.425670093297958241e-01
6.044974589347842375e-01 1.523043990135194425e-01 1.368583893775939808e-01
6.042292082309725920e-01 1.536481857299806242e-01 1.278015157580375538e-01
6.032597386837008635e-01 1.565988540649415617e-01 1.176270028948783741e-01
6.025980973243716399e-01 1.584556579589845304e-01 1.128670206665992604e-01
6.012015604972842375e-01 1.622500896453858976e-01 1.041605925559997703e-01
6.000523829460147063e-01 1.652904033660890226e-01 9.780772089958189586e-02
5.994353854656222502e-01 1.668771982192994718e-01 9.457655310630797008e-02
5.983699822425845305e-01 1.695783615112306242e-01 8.870644927024839976e-02
5.979252421855929533e-01 1.707338571548463468e-01 8.644023597240449441e-02
5.973312520980837981e-01 1.721280694007875089e-01 8.286775708198546031e-02
5.971697533130648772e-01 1.726316690444947843e-01 8.086438536643980601e-02
5.969616734981539885e-01 1.732452988624574308e-01 7.947142481803892711e-02
5.969618225097659270e-01 1.732230663299562101e-01 7.859818696975703900e-02
5.969708824157717864e-01 1.732185363769532804e-01 7.821099519729612926e-02
5.969236755371096770e-01 1.734416961669923429e-01 7.745133399963377574e-02
5.969556534290316741e-01 1.734716773033143644e-01 7.658113598823546031e-02
5.969136619567874114e-01 1.735663890838623491e-01 7.614444255828853314e-02
5.969745182991030852e-01 1.733384013175965910e-01 7.565866470336912730e-02
5.969119036197665373e-01 1.735078573226930265e-01 7.526190638542173961e-02
5.969141387939456145e-01 1.735369443893434171e-01 7.471247076988218883e-02
5.969589316844943205e-01 1.735432624816896086e-01 7.437890827655790904e-02
5.969418251514437834e-01 1.736000657081605558e-01 7.400451660156245892e-02
5.968113207817080657e-01 1.739583492279054289e-01 7.337132155895231822e-02
5.967898929119113127e-01 1.740516901016236906e-01 7.303762495517729381e-02
5.967341029644015471e-01 1.742690682411195402e-01 7.264784038066862681e-02
5.966660344600680510e-01 1.745312094688417082e-01 7.225443482398985484e-02
5.965148472785952727e-01 1.750284910202027921e-01 7.143625676631926158e-02
5.965351426601412932e-01 1.755161762237550382e-01 7.070505678653715709e-02
5.965818727016451994e-01 1.759266734123231535e-01 7.012839674949644664e-02
5.965203011035922209e-01 1.761242032051087980e-01 6.979273319244380658e-02
5.963968896865847746e-01 1.765327334403993254e-01 6.888233184814451793e-02
5.963226222991946379e-01 1.767664432525636320e-01 6.836155116558073619e-02
5.961068534851077239e-01 1.775377273559571867e-01 6.703500509262083629e-02
5.959145987033847014e-01 1.783550262451173429e-01 6.569756627082823375e-02
5.958042407035830657e-01 1.787124156951905851e-01 6.509453117847441295e-02
5.957215392589572112e-01 1.791939616203309660e-01 6.402741432189940074e-02
5.957598352432253996e-01 1.791588544845582609e-01 6.399038493633268931e-02
5.955195987224581877e-01 1.798931241035462980e-01 6.266826450824736217e-02
5.954380595684054533e-01 1.801240921020509367e-01 6.228099822998045543e-02
5.952393674850466887e-01 1.807121515274049406e-01 6.125150680541990855e-02
5.951774084568026701e-01 1.809678554534913664e-01 6.075027644634245494e-02
5.951605701446536223e-01 1.810899853706361418e-01 6.050647854804991344e-02
5.949867630004885832e-01 1.817090988159181242e-01 5.929188489913939097e-02
5.948855543136599699e-01 1.819847702980043058e-01 5.871820509433745006e-02
5.948103332519534270e-01 1.821929693222047453e-01 5.835296273231505015e-02
5.946336948871615569e-01 1.826660513877870207e-01 5.737328588962553599e-02
5.944457316398623625e-01 1.831693530082704191e-01 5.644714891910551646e-02
5.943842494487765471e-01 1.833299875259400968e-01 5.589859247207640269e-02
5.943882429599764983e-01 1.833401799201966886e-01 5.574326276779173472e-02
5.943886601924899260e-01 1.833444714546205168e-01 5.544744491577147105e-02
5.943972432613375823e-01 1.833479285240173784e-01 5.537734985351561168e-02
5.944388473033908049e-01 1.832288384437562589e-01 5.533266127109526256e-02
5.945447051525118987e-01 1.829463124275209074e-01 5.541594386100767711e-02
5.945713186264041106e-01 1.828876018524171476e-01 5.533807039260862926e-02
5.946610236167910735e-01 1.826665878295899992e-01 5.536878168582914927e-02
5.947003030776980559e-01 1.825734257698060636e-01 5.539962708950041392e-02
5.947378242015841643e-01 1.824823498725892668e-01 5.544288516044615367e-02
5.947844052314761321e-01 1.823666572570802336e-01 5.549484550952910045e-02
5.948322677612307707e-01 1.822330832481385832e-01 5.555702805519102672e-02
5.949543082714083830e-01 1.818686008453370695e-01 5.567383825778959849e-02
5.950352513790133635e-01 1.816300630569459562e-01 5.577470421791075328e-02
5.950962567329409758e-01 1.814366459846498136e-01 5.581508636474608043e-02
5.951778554916384856e-01 1.811828494071962004e-01 5.593133032321925824e-02
5.951957964897158782e-01 1.811182379722596769e-01 5.597670435905455211e-02
5.951983594894412199e-01 1.811053037643434171e-01 5.598856568336485484e-02
5.952803754806521574e-01 1.808382749557496671e-01 5.614242017269133189e-02
5.952834451198580901e-01 1.808048367500306730e-01 5.613038003444670299e-02
5.953079128265383879e-01 1.807175755500795011e-01 5.617044925689695933e-02
5.953105950355532805e-01 1.806933164596558061e-01 5.617381691932674115e-02
5.953311288356784026e-01 1.806255459785462980e-01 5.621202349662779429e-02
5.953742825984957854e-01 1.804590702056886320e-01 5.627088308334349254e-02
5.953499042987826506e-01 1.805152177810670500e-01 5.619640707969664195e-02
5.953661763668063323e-01 1.804548382759095793e-01 5.623190164566038707e-02
5.954130852222445647e-01 1.802887201309205656e-01 5.633862376213072398e-02
5.954239332675936858e-01 1.802244067192079191e-01 5.636332988739012340e-02
5.954364502429965178e-01 1.801605701446534757e-01 5.635409116744993785e-02
5.954451823234561125e-01 1.801200985908509855e-01 5.637514650821684459e-02
5.954617226123812834e-01 1.800427913665773039e-01 5.641871750354765513e-02
5.954493248462680022e-01 1.800658583641053800e-01 5.640894234180449107e-02
5.954398477077487151e-01 1.800740838050843839e-01 5.641509652137755015e-02
5.954571032524111907e-01 1.799542784690858488e-01 5.646646082401274302e-02
5.955217444896701018e-01 1.797113299369813566e-01 5.661232829093931773e-02
5.956032538414004485e-01 1.794271945953370695e-01 5.670799374580381969e-02
5.956124031543734709e-01 1.793854713439942961e-01 5.672681391239164927e-02
5.957545602321627776e-01 1.789252042770387296e-01 5.699603319168089488e-02
5.958903992176058928e-01 1.785054087638856535e-01 5.721721112728117564e-02
5.959740841388705412e-01 1.782567977905274992e-01 5.731500744819639781e-02
5.960337483882907073e-01 1.780845403671266203e-01 5.740930199623106578e-02
5.960645341873171965e-01 1.780038952827455168e-01 5.735974073410032847e-02
5.960876309871676604e-01 1.781126737594606046e-01 5.718325138092039683e-02
5.960635805130007903e-01 1.781647086143495207e-01 5.716812670230864146e-02
5.960630738735201994e-01 1.781452178955079679e-01 5.714054465293882945e-02
5.960216486454013030e-01 1.782369494438172941e-01 5.692255556583403209e-02
5.960537457466128508e-01 1.781336545944215421e-01 5.696529209613798717e-02
5.959666335582736174e-01 1.783273696899415617e-01 5.689118862152098277e-02
5.959480667114260832e-01 1.783351778984071379e-01 5.693639874458311656e-02
5.959748589992526213e-01 1.782425522804261808e-01 5.698473811149595836e-02
5.959950351715090910e-01 1.782045245170594816e-01 5.703739881515501597e-02
5.959866607189181487e-01 1.782336711883546476e-01 5.698697328567500775e-02
5.959651136398318449e-01 1.783068060874940519e-01 5.690150022506712535e-02
5.959742331504824797e-01 1.782953023910524015e-01 5.687759876251219371e-02
5.960069859027865569e-01 1.782245516777040129e-01 5.684298336505885785e-02
5.960222446918490569e-01 1.782236576080323820e-01 5.684320688247679332e-02
5.960919225215914885e-01 1.781669735908509855e-01 5.679760932922361949e-02
5.961139464378359953e-01 1.781167864799501066e-01 5.682878255844114879e-02
5.961458647251132170e-01 1.780627846717836027e-01 5.678016006946562388e-02
5.961885118484500090e-01 1.779820203781129484e-01 5.684681296348570445e-02
5.962271654605868498e-01 1.778827190399171476e-01 5.691607356071470836e-02
5.962339007854464690e-01 1.779090046882630949e-01 5.691994786262510875e-02
5.962923729419711272e-01 1.778396844863893156e-01 5.697357714176176646e-02
5.963372552394869963e-01 1.779245615005494718e-01 5.695645570755003551e-02
5.963493847846987883e-01 1.779302835464479093e-01 5.699835777282713511e-02
5.963857436180117766e-01 1.779325485229493742e-01 5.704443216323851207e-02
5.964251720905306975e-01 1.779904246330262785e-01 5.703614711761473277e-02
5.964512193202975432e-01 1.779556155204774504e-01 5.705924391746519664e-02
5.964881742000582854e-01 1.778418898582460050e-01 5.705380499362941449e-02
5.965138339996340910e-01 1.777794837951661711e-01 5.707575440406797984e-02
5.965401196479800383e-01 1.777604699134828214e-01 5.709321856498716929e-02
5.965822303295138518e-01 1.776526451110841398e-01 5.712196290493010142e-02
5.965932869911196867e-01 1.776410222053529386e-01 5.703690707683561900e-02
5.965923333168032805e-01 1.776674270629884367e-01 5.696173071861265758e-02
5.966842734813693205e-01 1.775393962860108976e-01 5.703722000122071756e-02
5.967394077777865569e-01 1.776140213012696867e-01 5.693022966384886363e-02
5.967763328552249114e-01 1.775374293327333097e-01 5.697988033294676402e-02
5.968198740482333342e-01 1.774459958076478605e-01 5.704797863960264781e-02
5.968108141422274748e-01 1.775911927223207121e-01 5.687783718109129527e-02
5.968358778953555266e-01 1.775759339332582121e-01 5.689078629016874888e-02
5.968749189376834074e-01 1.774583935737611418e-01 5.694019854068754771e-02
5.969698989391329924e-01 1.771834969520570402e-01 5.702182710170744517e-02
5.970043802261355559e-01 1.770887255668641691e-01 5.706885516643522838e-02
5.969709718227389494e-01 1.771820068359376554e-01 5.691568613052366832e-02
5.969574415683749358e-01 1.772255182266236906e-01 5.685657322406767467e-02
5.969507658481600920e-01 1.772505521774293546e-01 5.682890176773069957e-02
5.969467723369601408e-01 1.772836327552796964e-01 5.680398702621458629e-02
5.969502592086795012e-01 1.773098587989808683e-01 5.679860770702360728e-02
5.969536566734316985e-01 1.773199319839479093e-01 5.679547846317289927e-02
5.969350600242617766e-01 1.774127364158631925e-01 5.674964249134062388e-02
5.969238245487216155e-01 1.774661421775819425e-01 5.672337174415587047e-02
5.966854059696200530e-01 1.766041994094850187e-01 5.687402248382567027e-02
5.949619674682620207e-01 1.716993927955628996e-01 5.941282272338865855e-02
5.923538768291476408e-01 1.655449748039247160e-01 6.464368164539335826e-02
5.819060319662097136e-01 1.508622646331788664e-01 8.313614189624785045e-02
5.591977351903918425e-01 1.344579339027406339e-01 1.120693540573119984e-01
5.171354824304583708e-01 1.228933215141297941e-01 1.440918600559234486e-01
4.879324400424960295e-01 1.216249346733094816e-01 1.571292734146118031e-01
3.712203764915469328e-01 1.466583490371705656e-01 1.801028332114219532e-01
3.294814519211652915e-01 1.632670640945435014e-01 1.837329721450805531e-01
2.491850221157076994e-01 2.016048908233643022e-01 1.896024948358535633e-01
1.761840546131136775e-01 2.454356431961058904e-01 1.931607729196548329e-01
1.398265922069552025e-01 2.689234495162963201e-01 1.949682837724685536e-01
1.066970938444140038e-01 2.914653897285460760e-01 1.974467492103576527e-01
4.849701762199426502e-02 3.351037383079528142e-01 2.018673574924468861e-01
2.161988258361841053e-02 3.555816292762755126e-01 2.042708328366279469e-01
-2.383247375488262154e-02 3.902500152587889404e-01 2.093532016873359547e-01
-4.351592421531658150e-02 4.051714420318602294e-01 2.120234674215316639e-01
-7.796869039535503365e-02 4.324314475059508056e-01 2.170137098431587086e-01
-9.036723136901836373e-02 4.430240571498869628e-01 2.188285371661186085e-01
-1.190659737586973188e-01 4.669277548789976251e-01 2.233888363838195668e-01
-1.244495546817777631e-01 4.716471314430235040e-01 2.243165081739425526e-01
-1.380046641826627729e-01 4.826586425304411065e-01 2.271092614531516896e-01
-1.397653555870054243e-01 4.844902634620664728e-01 2.276222860813140736e-01
-1.411563491821287153e-01 4.859980821609495294e-01 2.281161999702453480e-01
-1.448354458808897571e-01 4.887316703796384942e-01 2.291030144691467152e-01
-1.452364957332609730e-01 4.897774934768674981e-01 2.291178932785987721e-01
-1.455651259422300892e-01 4.908317208290098321e-01 2.293010061979293690e-01
-1.460042035579680042e-01 4.907398998737333429e-01 2.297242662310600148e-01
-1.448960638046263294e-01 4.898031532764433038e-01 2.300200319290161000e-01
-1.444581484794615345e-01 4.896716952323911798e-01 2.300986430048942433e-01
-1.443338429927824018e-01 4.896173655986785223e-01 2.300505942106247093e-01
-1.429056560993193226e-01 4.888171136379240167e-01 2.298640540242194996e-01
-1.420417761802671430e-01 4.881621778011320245e-01 2.297869181632995472e-01
-1.419606542587278919e-01 4.878524720668790948e-01 2.298145076632499562e-01
-1.416307425498960493e-01 4.866885423660276544e-01 2.300910508632659779e-01
-1.417071259021757679e-01 4.859474480152128351e-01 2.304577833414077348e-01
-1.422933375835416792e-01 4.861449778079984796e-01 2.306469014286994801e-01
-1.426498329639432905e-01 4.861022114753721368e-01 2.308194345235824452e-01
-1.432258820533750532e-01 4.862401664257047784e-01 2.310166290402412281e-01
-1.454803681373594282e-01 4.874666512012479913e-01 2.317151433229446278e-01
-1.461014783382414417e-01 4.877821981906889093e-01 2.318650788068771229e-01
-1.465383505821226673e-01 4.878183484077451837e-01 2.320356374979019032e-01
-1.486485636234281538e-01 4.891165375709533025e-01 2.325694566965103016e-01
-1.489758229255674915e-01 4.893316805362699640e-01 2.326415559649467335e-01
-1.502204871177671985e-01 4.902558803558347833e-01 2.329483857750892506e-01
-1.515305972099302845e-01 4.915432512760160577e-01 2.331227815151214466e-01
-1.523169612884519575e-01 4.920706331729887140e-01 2.332804805040359364e-01
-1.526321506500242786e-01 4.921441853046415460e-01 2.333709454536437855e-01
-1.526885366439818537e-01 4.921787261962888849e-01 2.333762875199317799e-01
-1.537722384929655628e-01 4.933867931365965021e-01 2.334799027442931996e-01
-1.571479773521421985e-01 4.975081861019132745e-01 2.337845495343207902e-01
-1.573931014537809925e-01 4.978575885295866144e-01 2.337991899251937733e-01
-1.560937798023223078e-01 4.985224783420560968e-01 2.339109709858893937e-01
-1.346174812316893177e-01 5.081046700477598321e-01 2.405646672844886647e-01
-1.233976221084593372e-01 5.125260829925535333e-01 2.475906318426132069e-01
-1.010798251628874378e-01 5.186779081821439874e-01 2.686444750428199635e-01
-8.575544118881212041e-02 5.195756733417509210e-01 2.941466724872588978e-01
-8.054727673530565069e-02 5.198595702648161065e-01 3.059059312939643727e-01
-7.633406281471238897e-02 5.195390462875364435e-01 3.173961496353149281e-01
-7.097521781921373174e-02 5.162960767745969903e-01 3.371028310060500965e-01
-7.011285781860338018e-02 5.142822146415708673e-01 3.457581332325935231e-01
-6.947836637496934697e-02 5.122400403022764337e-01 3.538545301556587086e-01
-6.775129199028007143e-02 5.071443498134611261e-01 3.689542865753173695e-01
-6.753918886184678838e-02 5.052875161170957696e-01 3.751811540126800404e-01
-6.758258104324327276e-02 5.034741342067716730e-01 3.814861333370208607e-01
-6.790271759033189580e-02 4.994899511337279052e-01 3.933653986454009877e-01
-6.825247764587388799e-02 4.969178318977354736e-01 4.010576760768890248e-01
-6.796524286270128057e-02 4.957083642482756347e-01 4.046579754352569447e-01
-6.789636969566331670e-02 4.948171257972716064e-01 4.076743280887603627e-01
-6.798395872116075322e-02 4.938719749450682373e-01 4.116198277473449574e-01
-6.779811143875102974e-02 4.937893033027647705e-01 4.146541512012481556e-01
-6.756663680076585576e-02 4.940360963344572753e-01 4.163199371099471913e-01
-6.719166398048387334e-02 4.941740214824675292e-01 4.174562698602676258e-01
-6.703627467155442998e-02 4.943679749965666503e-01 4.177657669782638417e-01
-6.670084953308091924e-02 4.946192383766173095e-01 4.194864785671233998e-01
-6.656080842018119448e-02 4.946385204792021484e-01 4.206682598590850697e-01
-6.654945373535142705e-02 4.947783827781676025e-01 4.208853101730346546e-01
-6.615436434745775029e-02 4.951972544193266601e-01 4.215013092756271229e-01
-6.611645579338060186e-02 4.952991783618925781e-01 4.217044568061828480e-01
-6.608870983123765752e-02 4.954041719436644287e-01 4.219021952152252064e-01
-6.599673986434917428e-02 4.955870687961577148e-01 4.222759014368057118e-01
-6.600275993347154424e-02 4.956364214420318492e-01 4.223783469200134144e-01
-6.582853555679307744e-02 4.958936154842375488e-01 4.227253949642181263e-01
-6.570834279060350225e-02 4.960324645042418212e-01 4.227731084823608265e-01
-6.565663576126085088e-02 4.961502730846403808e-01 4.231550997495651112e-01
-6.552785992622361944e-02 4.961365938186644287e-01 4.234106546640395985e-01
-6.536439418792711065e-02 4.961914598941801757e-01 4.234712576866149769e-01
-6.510609745979295537e-02 4.963755488395689697e-01 4.236984705924987660e-01
-6.520811080932603643e-02 4.963237524032591552e-01 4.238666749000549183e-01
-6.511569380760179326e-02 4.963729858398436279e-01 4.239081001281738148e-01
-6.512067079544053838e-02 4.963127553462980956e-01 4.242063319683074818e-01
-6.515008568763713814e-02 4.962870061397551269e-01 4.243880069255828724e-01
-6.499931573867789858e-02 4.963965594768522949e-01 4.246675080060958729e-01
-6.506860613822923467e-02 4.963406205177305908e-01 4.250796890258788929e-01
-6.501967072486863897e-02 4.963522732257841796e-01 4.252988553047180043e-01
-6.486058592796312139e-02 4.964354813098906249e-01 4.256047165393829212e-01
