4.383261093497278216e-01 4.991835236549378441e-01 3.352650484442710743e-01
4.383259230852128985e-01 4.991834938526154564e-01 3.352650484442710743e-01
4.383259901404382708e-01 4.991832256317139671e-01 3.352650484442710743e-01
4.383261764049531939e-01 4.991832852363587425e-01 3.352650484442710743e-01
4.383261093497278216e-01 4.991835236549379551e-01 3.352650484442710743e-01
4.383261764049531939e-01 4.991832852363587425e-01 3.352650484442710743e-01
4.383259901404382708e-01 4.991832256317139671e-01 3.352650484442710743e-01
4.383261764049531939e-01 4.991832852363588535e-01 3.352650484442710743e-01
4.383261764049531939e-01 4.991832852363587425e-01 3.352650484442710743e-01
4.383261093497278216e-01 4.991835236549378441e-01 3.352650484442710743e-01
4.383261764049531939e-01 4.991832852363587425e-01 3.352650484442710743e-01
4.383261093497277106e-01 4.991835236549377330e-01 3.352650484442710743e-01
4.383261093497278216e-01 4.991835236549378441e-01 3.352650484442710743e-01
4.383261093497278216e-01 4.991835236549378441e-01 3.352650484442710743e-01
4.383261093497278216e-01 4.991835236549378441e-01 3.352650484442710743e-01
4.383259230852128985e-01 4.991834938526154564e-01 3.352650484442710743e-01
4.383261093497278216e-01 4.991835236549378441e-01 3.352650484442710743e-01
4.383259379863740923e-01 4.991840302944184349e-01 3.352649590373039112e-01
4.383257740736009600e-01 4.991840004920960472e-01 3.352649590373039112e-01
4.383257740736009600e-01 4.991840004920960472e-01 3.352649590373039112e-01
4.383257740736009600e-01 4.991840004920960472e-01 3.352649590373039112e-01
4.383257740736008490e-01 4.991840004920960472e-01 3.352649590373039112e-01
4.383259379863740923e-01 4.991840302944184349e-01 3.352649590373039112e-01
4.383257740736009600e-01 4.991840004920960472e-01 3.352649590373039112e-01
4.383257740736009600e-01 4.991840004920960472e-01 3.352649590373039112e-01
4.383257740736009600e-01 4.991840004920960472e-01 3.352649590373039112e-01
4.383257740736009600e-01 4.991840004920960472e-01 3.352649590373039112e-01
4.383257740736009600e-01 4.991840004920960472e-01 3.352649590373039112e-01
4.383259379863739813e-01 4.991840302944184349e-01 3.352649590373039112e-01
4.383259379863740923e-01 4.991840302944184349e-01 3.352649590373039112e-01
4.383261764049531939e-01 4.991832852363587425e-01 3.352650484442710743e-01
4.383259379863740923e-01 4.991840302944185459e-01 3.352649590373039112e-01
4.383257740736009600e-01 4.991840004920960472e-01 3.352649590373039112e-01
4.383257740736009600e-01 4.991840004920960472e-01 3.352649590373039112e-01
4.383257740736009600e-01 4.991840004920960472e-01 3.352649590373039112e-01
4.383257740736008490e-01 4.991840004920960472e-01 3.352649590373039112e-01
4.383259379863740923e-01 4.991840302944184349e-01 3.352649590373039112e-01
4.383257740736009600e-01 4.991840004920960472e-01 3.352649590373039112e-01
4.383257740736009600e-01 4.991840004920960472e-01 3.352649590373039112e-01
4.383257219195367815e-01 4.991836726665497825e-01 3.352649590373039112e-01
4.383258858323099139e-01 4.991831660270691917e-01 3.352650484442710743e-01
4.383254909515382769e-01 4.991838514804841087e-01 3.352649590373039112e-01
4.383256548643114092e-01 4.991839408874512718e-01 3.352649590373039112e-01
4.383256548643114092e-01 4.991839408874512718e-01 3.352649590373039112e-01
4.383256548643114092e-01 4.991839408874512718e-01 3.352649590373039112e-01
4.383254909515382769e-01 4.991838514804841087e-01 3.352649590373039112e-01
4.383257219195367815e-01 4.991836726665497825e-01 3.352649590373039112e-01
4.383254909515381659e-01 4.991838514804839977e-01 3.352649590373039112e-01
4.383256548643114092e-01 4.991839408874512718e-01 3.352649590373039112e-01
4.383256548643114092e-01 4.991839408874512718e-01 3.352649590373039112e-01
4.383254909515382769e-01 4.991838514804841087e-01 3.352649590373039112e-01
4.383206927776338580e-01 4.982152462005616234e-01 3.352327054738998280e-01
4.396823012828828814e-01 4.691861748695374534e-01 3.295839807391166554e-01
4.370142632722857079e-01 4.341292858123781406e-01 3.208701020479202137e-01
4.340381810069086077e-01 4.137611865997315452e-01 3.143278217315673695e-01
4.296201580762865069e-01 3.941005945205689476e-01 3.059859803318977223e-01
4.188176506757738116e-01 3.587466955184937523e-01 2.868342778086662159e-01
4.001569414138796410e-01 3.309461057186127153e-01 2.519347971677780018e-01
3.943289743363859734e-01 3.278005003929138628e-01 2.400860196352004872e-01
3.852347546815874102e-01 3.267913341522217241e-01 2.206772050261497364e-01
3.804706858098509392e-01 3.273213386535644975e-01 2.123979783058166371e-01
3.760865406692030510e-01 3.284652113914490190e-01 2.047246402502059803e-01
3.695683611184361061e-01 3.329737365245819536e-01 1.917086696624755726e-01
3.642825709283354363e-01 3.350951254367828813e-01 1.811508095264434681e-01
3.622124084830286583e-01 3.376136898994446245e-01 1.768060556054115162e-01
3.582432308793070397e-01 3.412418544292450395e-01 1.689308068156242237e-01
3.565604352951052269e-01 3.421661436557770219e-01 1.657832121849059925e-01
3.533856618776919922e-01 3.467788875102997270e-01 1.603361225128173695e-01
3.484449658170344910e-01 3.575990080833435503e-01 1.561875647306442128e-01
3.435604997538032057e-01 3.650717020034790483e-01 1.500882959365844593e-01
3.410605789721015135e-01 3.582838654518127885e-01 1.460227376222610340e-01
3.403299029776828966e-01 3.492678880691528764e-01 1.454754179716110096e-01
3.405042205448264858e-01 3.281947255134584074e-01 1.454422926902770863e-01
3.412790344189854941e-01 3.084784924983978716e-01 1.473701453208923207e-01
3.418789527239280979e-01 2.943448901176453081e-01 1.495326316356658802e-01
3.419698552787306944e-01 2.888109564781189409e-01 1.509742817282676564e-01
3.417174528911712805e-01 2.777870178222657804e-01 1.533219000697135792e-01
3.416282796859743676e-01 2.734312295913696733e-01 1.538905730843544151e-01
3.415502835158261141e-01 2.679505825042725053e-01 1.549309796094894276e-01
3.413769487850370488e-01 2.609165787696838823e-01 1.560256040096282826e-01
3.412006564065816483e-01 2.549141526222229448e-01 1.572601652145385609e-01
3.414648167416455826e-01 2.525336623191833940e-01 1.576687699556350575e-01
3.417250338569285395e-01 2.503747820854187456e-01 1.579204878211021290e-01
3.422865829523655257e-01 2.484468698501587358e-01 1.583857393264770375e-01
3.424315344635399661e-01 2.478878974914551225e-01 1.589132255315780506e-01
3.428866752982142052e-01 2.460089206695557085e-01 1.598791038990020619e-01
3.431657915096732459e-01 2.433583021163940874e-01 1.608922040462493763e-01
3.431439224258067133e-01 2.427026510238647905e-01 1.611232614517211781e-01
3.432703182660045149e-01 2.424132704734801580e-01 1.611819794774055348e-01
3.434639842342587790e-01 2.412609338760376421e-01 1.615393614768981800e-01
3.436534718237819197e-01 2.402848482131958452e-01 1.616270548105239735e-01
3.439170710369947037e-01 2.398685097694397417e-01 1.611439442634582386e-01
3.440143858641388497e-01 2.394235014915466753e-01 1.609278103709220475e-01
3.444011375866833369e-01 2.382013678550721769e-01 1.601980111002921925e-01
3.445271958224478404e-01 2.375643730163574663e-01 1.594713336229324208e-01
3.444518853537741343e-01 2.369465112686157671e-01 1.588339364528655873e-01
3.446233180910351912e-01 2.358520507812500444e-01 1.575775897502899037e-01
3.448361197113993803e-01 2.351560473442078081e-01 1.568466654419898854e-01
3.452465754561129252e-01 2.347577691078186479e-01 1.554877763986587391e-01
3.453565362468364874e-01 2.343892335891724077e-01 1.547813346982002125e-01
3.454168240167203585e-01 2.342055916786194292e-01 1.543209558725356922e-01
3.457661705650392214e-01 2.342132806777954546e-01 1.537330529093742237e-01
3.455031152442100684e-01 2.338391423225403276e-01 1.519296920299529896e-01
3.454887440055612324e-01 2.341616630554199663e-01 1.506180843710899220e-01
3.452582346834245364e-01 2.342616796493530718e-01 1.494835323095321522e-01
3.452812667563560645e-01 2.341413974761964445e-01 1.490660166740417347e-01
3.452114957943561713e-01 2.336425065994263139e-01 1.482980480790138111e-01
3.452108941599729697e-01 2.333498477935791460e-01 1.472913926839828358e-01
3.450746146589520613e-01 2.329090714454651323e-01 1.470928570628166066e-01
3.447774733975532691e-01 2.319056272506714311e-01 1.465867763757705555e-01
3.447531477175656001e-01 2.314732551574707475e-01 1.464138782024383412e-01
3.448492825590077082e-01 2.308701157569885698e-01 1.462790003418922291e-01
3.447459779307249228e-01 2.303674101829529253e-01 1.462019240856170521e-01
3.445911828055981396e-01 2.295117259025574175e-01 1.460260158777236805e-01
3.446254075132313965e-01 2.290977120399475542e-01 1.455184674263000355e-01
3.445726634562018553e-01 2.287664890289307085e-01 1.453198572993278370e-01
3.444006472453478018e-01 2.278880953788757768e-01 1.447144752740859852e-01
3.443819975107911269e-01 2.276450276374817339e-01 1.446459671854972706e-01
3.444273817911747693e-01 2.275885820388794389e-01 1.446122682094573841e-01
3.443316902592781226e-01 2.271228909492493120e-01 1.443698114156722889e-01
3.443365038000050227e-01 2.268613457679748979e-01 1.442243015766143666e-01
3.443502422049644629e-01 2.268338680267334428e-01 1.437482318282127247e-01
3.442871343903246562e-01 2.264492392539977361e-01 1.434755927324294633e-01
3.443442300520840327e-01 2.264166951179504839e-01 1.433118960261344776e-01
3.442955516837540308e-01 2.263914823532104936e-01 1.432084596157073841e-01
3.442507080361250082e-01 2.263674616813660112e-01 1.429508632421493397e-01
3.442042429558935801e-01 2.262298941612244096e-01 1.429666137695312367e-01
3.441374494321647326e-01 2.262989163398743120e-01 1.428930169343948231e-01
3.439132544770839850e-01 2.263577461242676225e-01 1.426693505048751698e-01
3.437492357660087983e-01 2.265279173851013628e-01 1.424699580669402943e-01
3.437601469084623496e-01 2.264909029006958452e-01 1.424359387159347401e-01
3.437655574269595782e-01 2.265240430831909624e-01 1.422958901524543629e-01
3.437616787012668929e-01 2.266091585159302202e-01 1.420869535207748002e-01
3.437442410830411355e-01 2.266498684883118120e-01 1.420291966199874745e-01
3.437058654706928174e-01 2.267318248748778631e-01 1.419238603115081376e-01
3.437155775353316067e-01 2.268245697021484819e-01 1.418517312407493458e-01
3.436197153385731617e-01 2.268500804901123491e-01 1.417205488681793080e-01
3.435226126201453845e-01 2.273495078086853471e-01 1.410013294219970570e-01
3.434697647206488291e-01 2.276289939880371538e-01 1.404707139730453358e-01
3.434749018959704081e-01 2.278556704521179643e-01 1.400756692886352406e-01
3.434302743151787518e-01 2.279400110244751421e-01 1.396808034181594993e-01
3.434324340522292296e-01 2.279878735542297807e-01 1.394787064194679127e-01
3.433602216280999264e-01 2.280090928077698198e-01 1.390749892592429982e-01
3.433581443130972466e-01 2.279592037200928178e-01 1.388719907402992115e-01
3.433865873701873461e-01 2.281763434410095659e-01 1.383425450325012074e-01
3.433032938372346798e-01 2.284116625785828081e-01 1.375604054331779347e-01
3.432430940773341099e-01 2.289670586585998979e-01 1.366776233911514149e-01
3.431825336627665757e-01 2.290982484817505327e-01 1.363352245092391835e-01
3.430267499387267272e-01 2.292332530021667925e-01 1.357140100002288685e-01
3.429362905770543257e-01 2.293763041496277300e-01 1.352961069345474110e-01
3.428807788621637265e-01 2.295184016227722612e-01 1.345306938886642323e-01
3.428661596588793437e-01 2.295561909675598589e-01 1.342229253053665028e-01
3.426969404425475041e-01 2.298666715621948686e-01 1.333368724584579335e-01
3.426719775050881545e-01 2.298785328865051714e-01 1.330562984943389759e-01
3.425492298882457654e-01 2.300342202186584917e-01 1.322879201173782215e-01
3.425035166181626400e-01 2.302423000335693803e-01 1.316929614543914662e-01
3.424821935221555869e-01 2.303991198539734331e-01 1.310961475968360768e-01
3.424665361270311514e-01 2.302906990051269975e-01 1.306369459629058705e-01
3.424539930745962302e-01 2.302243590354919878e-01 1.302492773532867298e-01
3.424353018961849293e-01 2.302266240119934526e-01 1.297837948799133168e-01
3.424251902941617409e-01 2.302853941917419878e-01 1.296150243282317982e-01
3.424107513017956017e-01 2.302185773849487749e-01 1.294889828562736656e-01
3.423680408485236804e-01 2.301973581314087358e-01 1.294167345762252674e-01
3.423768234532329480e-01 2.298817515373230425e-01 1.294255858659744129e-01
3.423837417829784791e-01 2.296910166740417925e-01 1.293850994110107289e-01
3.423922016844156424e-01 2.293619990348816362e-01 1.293319916725158558e-01
3.423973844945433775e-01 2.291540980339050737e-01 1.293609148263931141e-01
3.423982611019167344e-01 2.290378093719482866e-01 1.292709565162658558e-01
3.424030986241999308e-01 2.287661314010620561e-01 1.293286240100860462e-01
3.424031384382399956e-01 2.286189675331116167e-01 1.293648338317870961e-01
3.423995158262554406e-01 2.285339117050171343e-01 1.293884000182151661e-01
3.423884729016575257e-01 2.283280968666077104e-01 1.294492787122726307e-01
3.423754069115969578e-01 2.282581210136414018e-01 1.294704383611678666e-01
3.423139319382610402e-01 2.279527068138123003e-01 1.295695757865905628e-01
3.421920746657999834e-01 2.277034997940063921e-01 1.296534693241119252e-01
3.421836981177333037e-01 2.275942444801331010e-01 1.296922570466995106e-01
3.421799816749993006e-01 2.274107217788696733e-01 1.297601988911628590e-01
3.421805565338584820e-01 2.271084070205688921e-01 1.298736265301704274e-01
3.421809756290170590e-01 2.270761013031006303e-01 1.298993533849716053e-01
3.421785669960084597e-01 2.269888401031494585e-01 1.299900567531585560e-01
3.421689131390306393e-01 2.265678524971008745e-01 1.301518535614013539e-01
3.421662812214347760e-01 2.264006614685059038e-01 1.302178582549095021e-01
3.421223882213237921e-01 2.261888861656189409e-01 1.303503817319869862e-01
3.428083887882533709e-01 2.279874563217163530e-01 1.289125239849090443e-01
3.435597430542114972e-01 2.275707602500915971e-01 1.289892202615738059e-01
3.460489322058859507e-01 2.240328073501587358e-01 1.311131721735000477e-01
3.470512788370254120e-01 2.226157069206238237e-01 1.316784253716468678e-01
3.496926642581823508e-01 2.147582054138184038e-01 1.342310985922813282e-01
3.504462150484326521e-01 2.116468429565430132e-01 1.352786204218864030e-01
3.515493517369034926e-01 2.071934819221497026e-01 1.372276103496551380e-01
3.520683340355756918e-01 2.065795540809631792e-01 1.376153832674026356e-01
3.532678644731643836e-01 2.015433192253113237e-01 1.399338698387145863e-01
3.539743527397516409e-01 2.006150960922241655e-01 1.412557816505431996e-01
3.549837909266355118e-01 1.986880183219910112e-01 1.428576043248176441e-01
3.553041891753676573e-01 1.979377150535583940e-01 1.434840193390846119e-01
3.560441640764477889e-01 1.977357149124145952e-01 1.443147590756416188e-01
3.571085987240079085e-01 1.955195546150207964e-01 1.458680635690688954e-01
3.574441747367385069e-01 1.951705098152161089e-01 1.462461134791374073e-01
3.578095791488889454e-01 1.946000337600708452e-01 1.467074534296989308e-01
3.583190423995259444e-01 1.931053876876831499e-01 1.477352014183997975e-01
3.587134351581338088e-01 1.925865888595581499e-01 1.483615121245384083e-01
3.590054420381788014e-01 1.919828534126282182e-01 1.488402640819549705e-01
3.594309242069724242e-01 1.908379673957825151e-01 1.496430790424346791e-01
3.595624530315402190e-01 1.901216387748718706e-01 1.501015877723693714e-01
3.594148533046248595e-01 1.891069293022156206e-01 1.506163185834884510e-01
3.596621958166363875e-01 1.877974748611450639e-01 1.513770824670791493e-01
3.595343717932704131e-01 1.868265151977539507e-01 1.519515818357467518e-01
3.596444559842351674e-01 1.854410648345947710e-01 1.527131876349449302e-01
3.596229517459872405e-01 1.854265809059143510e-01 1.528582504391670094e-01
3.596130443364384810e-01 1.851958513259888139e-01 1.532670637965202198e-01
3.595986963808539549e-01 1.838049173355102983e-01 1.539563915133476124e-01
3.595599403232339064e-01 1.833455443382263628e-01 1.542223846912383900e-01
3.595033513009551207e-01 1.821167945861816850e-01 1.548208600282668934e-01
3.595235237479213475e-01 1.812421560287476030e-01 1.551740026473998890e-01
3.593676482886078993e-01 1.798198699951172319e-01 1.558741039037704335e-01
3.592545745521786293e-01 1.794082999229431596e-01 1.560904091596603260e-01
3.592031972110274474e-01 1.787212967872620073e-01 1.564356094598770008e-01
3.590640743821862380e-01 1.781630992889405851e-01 1.566252565383911000e-01
3.589025867730382124e-01 1.773373365402222124e-01 1.570800921320915089e-01
3.586654552817347685e-01 1.762423396110535112e-01 1.575875437259673939e-01
3.586264719814064583e-01 1.762412071228027788e-01 1.575911796092986927e-01
3.584073559939864317e-01 1.755676746368408647e-01 1.579225739836692677e-01
3.582508993893864790e-01 1.750958442687988725e-01 1.581313243508338795e-01
3.581632377207282225e-01 1.739107251167297807e-01 1.585599189996719227e-01
3.578783889859917799e-01 1.733706474304199663e-01 1.587069934606551991e-01
3.577600588649514357e-01 1.730896711349488859e-01 1.588255769014358387e-01
3.575116527825596968e-01 1.723033070564270464e-01 1.590416064858436451e-01
3.573109490424397627e-01 1.722077012062073198e-01 1.588242357969283924e-01
3.571747580170634428e-01 1.719682693481446867e-01 1.587587526440620567e-01
3.570384012162688414e-01 1.717695474624634233e-01 1.585629141330718861e-01
3.567478006333115736e-01 1.722028732299805132e-01 1.577833747863769398e-01
3.566078135371211211e-01 1.723014593124390093e-01 1.571711009740829335e-01
3.563592994213107268e-01 1.726505041122436968e-01 1.562510585784911976e-01
3.560633511841300169e-01 1.730077743530273882e-01 1.558211004734039173e-01
3.560025320947173832e-01 1.730735778808594194e-01 1.555080568790435658e-01
3.559269124269488493e-01 1.729170560836792436e-01 1.554665571451187001e-01
3.558313065767291228e-01 1.732212185859680620e-01 1.552649071812629566e-01
3.557401151955131291e-01 1.732519149780273882e-01 1.552313423156738148e-01
3.556263504177334944e-01 1.732883930206299272e-01 1.549531078338622914e-01
3.555208408832553069e-01 1.735422492027283159e-01 1.544726571440696583e-01
3.555071150511506239e-01 1.740424513816833940e-01 1.541626235842704640e-01
3.555151961371305624e-01 1.741631507873535600e-01 1.541929996013641224e-01
3.554131352901461760e-01 1.745034337043762651e-01 1.538709706068038807e-01
3.552977723628285567e-01 1.750279545783997026e-01 1.536878204345702992e-01
3.551712438091638724e-01 1.751165270805359331e-01 1.535124486684799061e-01
3.550902699679138741e-01 1.753882050514221635e-01 1.532064086198806629e-01
3.549042531847956816e-01 1.758105039596556951e-01 1.526278337836265431e-01
3.548451793938878218e-01 1.756353259086609331e-01 1.525450056791305409e-01
3.547853614762428442e-01 1.757299780845642534e-01 1.524335151910781727e-01
3.545736532285811982e-01 1.755149841308594194e-01 1.522063395380973405e-01
3.545329730585220496e-01 1.752493262290955034e-01 1.522601699829101429e-01
3.544312055781486670e-01 1.748032450675964800e-01 1.522580987215041981e-01
3.543730929121378104e-01 1.743491172790527788e-01 1.519151633977889881e-01
3.543172917887571494e-01 1.738788962364197221e-01 1.519321954250335560e-01
3.543299093469979844e-01 1.733063936233520952e-01 1.519617742300033436e-01
3.543197914585474173e-01 1.726463317871094194e-01 1.518202877044677601e-01
3.543097667023542563e-01 1.723948597908020464e-01 1.517244583368301258e-01
3.543283409997823874e-01 1.710622787475586382e-01 1.520552790164947377e-01
3.543542671576145331e-01 1.704190254211426225e-01 1.522000735998153553e-01
3.544007680937650839e-01 1.693276643753052202e-01 1.524145087599754200e-01
3.544352670758965651e-01 1.686739802360535112e-01 1.524635708332061634e-01
3.544374957308176199e-01 1.681722283363342729e-01 1.522505438327789173e-01
3.543795041367414078e-01 1.674980401992798296e-01 1.523056259751319752e-01
3.543439611420038382e-01 1.674669861793518510e-01 1.522632396221160755e-01
3.543576599657538573e-01 1.671361804008484331e-01 1.521390235424041615e-01
3.543599426373842953e-01 1.670218586921692339e-01 1.519578254222870017e-01
3.543168969079855679e-01 1.672953248023987260e-01 1.513609445095062123e-01
3.543021848052743117e-01 1.671867251396179643e-01 1.511947816610336170e-01
3.542717212438586394e-01 1.670282363891602007e-01 1.511372929811477528e-01
3.542798610031607787e-01 1.667203187942505327e-01 1.510774648189544545e-01
3.542687316983941237e-01 1.666691184043884721e-01 1.507380163669586048e-01
3.542670590430501143e-01 1.665533661842346635e-01 1.506966358423232899e-01
3.542944110557439963e-01 1.661572337150574175e-01 1.507562851905822621e-01
3.543097881227734725e-01 1.659572005271912065e-01 1.508369600772857533e-01
3.543337696790698210e-01 1.655582070350647417e-01 1.509237965941429005e-01
3.543869947642091511e-01 1.649820685386658159e-01 1.510989820957183705e-01
3.544048202782872359e-01 1.647716641426086870e-01 1.512264317274093495e-01
3.544304428249600569e-01 1.640530109405518022e-01 1.515272265672683583e-01
3.543900485709312598e-01 1.637548685073852983e-01 1.515661931037902699e-01
3.544054023548963150e-01 1.633189797401427557e-01 1.517118966579437123e-01
3.554206026345494429e-01 1.545588254928589311e-01 1.467403104901313649e-01
3.554642732813957373e-01 1.523477315902710405e-01 1.434560871124267445e-01
3.554489614069465397e-01 1.508883714675903764e-01 1.393921679258346424e-01
3.552534078806641737e-01 1.493697643280029741e-01 1.305060318112373219e-01
3.553715321794155280e-01 1.490404486656189409e-01 1.219548887014388905e-01
3.551503458619120757e-01 1.505871891975403276e-01 1.132867714762687550e-01
3.547297233343127409e-01 1.525288701057434526e-01 1.052240139245986805e-01
3.543217807635667960e-01 1.546966910362244096e-01 9.831811547279356578e-02
3.540973925590518712e-01 1.559142351150513139e-01 9.481288552284239390e-02
3.537289585545662085e-01 1.587986826896667925e-01 8.857241332530974010e-02
3.536408945545557181e-01 1.611270189285278764e-01 8.291900217533110240e-02
3.540069536864760558e-01 1.629273772239685503e-01 7.968668699264525035e-02
3.540823144465687911e-01 1.638417124748230425e-01 7.788075566291807750e-02
3.544202774390581290e-01 1.654211759567261186e-01 7.453297138214109996e-02
3.544439218565824667e-01 1.660199642181396928e-01 7.348869800567625621e-02
3.543256010487678687e-01 1.674619197845459428e-01 7.113437414169310191e-02
3.544047448411586365e-01 1.681983351707458940e-01 6.990678668022154429e-02
3.544185647368434111e-01 1.682736754417419878e-01 6.958118140697477916e-02
3.543895270302894196e-01 1.686714172363280584e-01 6.845593512058256724e-02
3.543670663237574736e-01 1.686900138854980913e-01 6.821247994899748424e-02
3.542824202775958220e-01 1.695923089981079546e-01 6.684812963008879283e-02
3.542590906471017043e-01 1.698222041130066362e-01 6.625795423984526256e-02
3.542580503597858033e-01 1.699167370796204057e-01 6.588427782058714488e-02
3.542482677474620978e-01 1.702610135078430620e-01 6.518010854721068004e-02
3.542413498833778540e-01 1.705263733863831010e-01 6.483142137527464488e-02
3.542447585240009467e-01 1.707305192947388139e-01 6.438529551029203990e-02
3.542244128510358969e-01 1.710978031158447710e-01 6.369307696819304088e-02
3.542112458124759833e-01 1.715054988861084428e-01 6.273490250110624888e-02
3.541971996054055771e-01 1.719586730003357378e-01 6.175157487392424205e-02
3.541628002747896353e-01 1.726239800453186479e-01 6.065760612487791636e-02
3.541462646424773375e-01 1.729482889175415483e-01 6.014683902263640025e-02
3.541221638768914382e-01 1.734073042869568315e-01 5.905367493629454234e-02
3.541045087948444525e-01 1.735703229904175249e-01 5.871139526367186168e-02
3.540903349965813240e-01 1.736600279808044878e-01 5.841486215591429332e-02
3.540465367585423628e-01 1.737956881523132768e-01 5.764013588428495982e-02
3.540225244686010520e-01 1.741520047187805620e-01 5.689789414405821422e-02
3.540199223533275763e-01 1.742130994796753374e-01 5.666650891304014781e-02
3.540118552371862570e-01 1.744177818298340288e-01 5.626778364181517222e-02
3.540047278255226693e-01 1.746710419654846635e-01 5.574943184852598765e-02
3.540150189399722258e-01 1.747687935829163042e-01 5.555774331092833140e-02
3.540124168246987502e-01 1.749089241027832475e-01 5.531768560409544566e-02
3.540110459178689162e-01 1.750835657119751421e-01 5.483263790607451060e-02
3.540161681920293013e-01 1.750938177108765093e-01 5.464814662933348277e-02
3.540301370993259589e-01 1.751400113105774370e-01 5.418263435363768199e-02
3.540278115868571440e-01 1.752517104148865190e-01 5.391733407974241832e-02
3.540186743810775916e-01 1.754296898841858354e-01 5.367213547229765513e-02
3.540284132212403456e-01 1.755316734313965288e-01 5.312331080436705211e-02
3.540265338122847716e-01 1.756606578826904741e-01 5.292594492435453990e-02
3.540501903370025794e-01 1.755713105201721635e-01 5.271767139434810345e-02
3.540526089817288002e-01 1.755791187286377397e-01 5.268724322319029429e-02
3.540632688999179045e-01 1.755610585212709074e-01 5.262503087520600809e-02
3.540819670632484595e-01 1.754841089248657671e-01 5.264608621597288707e-02
3.541119742766025702e-01 1.753731846809387651e-01 5.271047413349150279e-02
3.541377048566940466e-01 1.752219676971435991e-01 5.279718399047850230e-02
3.541589511185887496e-01 1.750332593917847124e-01 5.285342097282408336e-02
3.542034478485587279e-01 1.747649192810059038e-01 5.297695159912108043e-02
3.542320282757284722e-01 1.746913671493530718e-01 5.307245314121242230e-02
3.543113043159249465e-01 1.740209937095643644e-01 5.341152906417845347e-02
3.543314609304073493e-01 1.739427924156189409e-01 5.348517060279844859e-02
3.543872573971751372e-01 1.734309077262878862e-01 5.373521208763121226e-02
3.544096398726108710e-01 1.731763362884521928e-01 5.384369254112242320e-02
3.544699383527043501e-01 1.725349307060242143e-01 5.413636624813078502e-02
3.544834816455844084e-01 1.724659085273743120e-01 5.420187175273893931e-02
3.544634535536172470e-01 1.727068305015564409e-01 5.412787258625029185e-02
3.544193535670640549e-01 1.732087612152100053e-01 5.395124912261961558e-02
3.544053390249612412e-01 1.733383417129517046e-01 5.389988481998442271e-02
3.543915135413411299e-01 1.733873367309570757e-01 5.387878477573393443e-02
3.543819870427253882e-01 1.733972907066345659e-01 5.387277960777281383e-02
3.535417897254231612e-01 1.742343187332153764e-01 5.386538863182066539e-02
3.467752660252156893e-01 1.801221251487732378e-01 6.085430145263670543e-02
3.326739246584478060e-01 1.871693015098572221e-01 7.731686592102049449e-02
3.062316814064982573e-01 1.985180258750915971e-01 1.007223135232925282e-01
2.646679395437243620e-01 2.187662005424499956e-01 1.237882307171821461e-01
2.060753071308138729e-01 2.454088807106017400e-01 1.453435054421424732e-01
1.716409289836886842e-01 2.613716006278991033e-01 1.550158640742301808e-01
1.047365033626558861e-01 2.954388141632079412e-01 1.722978284955024586e-01
7.368415236473108143e-02 3.135473608970641424e-01 1.794555938243865556e-01
1.754507064819360584e-02 3.488763153553007812e-01 1.918708389997482167e-01
-7.177952527999686971e-03 3.661680698394774169e-01 1.967995172739028797e-01
-4.948297500610338018e-02 3.974130928516386718e-01 2.054931676387786732e-01
-6.569889545440654732e-02 4.103858053684233398e-01 2.088949090242385731e-01
-9.379163742065410592e-02 4.346161365509031982e-01 2.144167280197143421e-01
-1.135681605339048383e-01 4.528581678867338312e-01 2.189711189270019398e-01
-1.215146219730375288e-01 4.605776846408842218e-01 2.209083667397498951e-01
-1.280143594741819379e-01 4.672605872154234063e-01 2.223761385679244862e-01
-1.353092825412748335e-01 4.755016446113584649e-01 2.241766011714935170e-01
-1.399321889877317426e-01 4.803728044033048761e-01 2.255407130718231068e-01
-1.464212572574614679e-01 4.878250241279600274e-01 2.273925846815108842e-01
-1.500425076484678266e-01 4.918180584907529962e-01 2.290106421709060536e-01
-1.515394484996794300e-01 4.936491727828977716e-01 2.296109727025031910e-01
-1.533110475540159778e-01 4.972872614860532892e-01 2.306025034189224110e-01
-1.539110279083250599e-01 4.983003020286558282e-01 2.309628805518150196e-01
-1.557882463932035999e-01 4.971859931945799005e-01 2.344754940271377430e-01
-1.562123930454252796e-01 4.972086131572721612e-01 2.346084868907928334e-01
-1.531944608688353138e-01 4.976284682750700128e-01 2.337587630748748646e-01
-1.284559106826780872e-01 5.047877609729765069e-01 2.398263221979141102e-01
-1.050903236865995960e-01 5.125022411346433771e-01 2.575011408329009877e-01
-8.745205760002122686e-02 5.160728275775907647e-01 2.828162392973899708e-01
-8.094868421554551885e-02 5.164766192436216485e-01 2.957174560427665577e-01
-7.551661491394029424e-02 5.161811292171476495e-01 3.078121846914291249e-01
-6.819373726844774053e-02 5.137177288532255304e-01 3.301810777187347279e-01
-6.631163120269767397e-02 5.116654515266416681e-01 3.397697439789771900e-01
-6.545338392257682436e-02 5.091450393199918878e-01 3.486315390467643605e-01
-6.488618612289415166e-02 5.055241763591764581e-01 3.635187304019927845e-01
-6.499651432037339971e-02 5.040612995624540460e-01 3.702976560592651234e-01
-6.513482689857469365e-02 5.022427022457121026e-01 3.774311995506286488e-01
-6.625223517417894170e-02 4.994607448577879638e-01 3.887759453058242665e-01
-6.754237771034227178e-02 4.979327499866484374e-01 3.972454822063445912e-01
-6.893167257308946416e-02 4.958270370960234374e-01 4.073947823047637806e-01
-6.927127003669725225e-02 4.952948272228239746e-01 4.123254871368408070e-01
-6.956237912178026006e-02 4.953019499778746337e-01 4.141209429502487049e-01
-6.997797250747667119e-02 4.951158344745634765e-01 4.172959482669830189e-01
-6.980789065361009404e-02 4.951291263103483886e-01 4.182157075405120716e-01
-6.959221124649034307e-02 4.951587498188017578e-01 4.186992800235748158e-01
-6.972596406936631963e-02 4.953542828559874267e-01 4.196134066581725941e-01
-6.984731912612895943e-02 4.958744823932646484e-01 4.211074566841125355e-01
-6.982767939567552373e-02 4.962179839611052246e-01 4.213095462322234974e-01
-6.980368852615342901e-02 4.962608397006987304e-01 4.217211461067199574e-01
-6.981915593147264287e-02 4.967538297176359863e-01 4.223358190059661732e-01
-6.995731949806194283e-02 4.970937252044676513e-01 4.225737309455871449e-01
-6.997493267059312627e-02 4.971961259841917724e-01 4.228389865159988270e-01
-7.003724932670579717e-02 4.974726021289824218e-01 4.231497353315353260e-01
-7.008105874061570928e-02 4.976707577705382080e-01 4.235527521371841297e-01
-7.000750660896287725e-02 4.978774070739744873e-01 4.237212693691253529e-01
-6.996694564819322393e-02 4.981781721115111083e-01 4.239988481998443470e-01
-6.996602177619920537e-02 4.982760429382322998e-01 4.242185509204864369e-01
-6.996575355529771612e-02 4.982310712337492675e-01 4.245659863948821888e-01
-6.975406765937791631e-02 4.981647908687590331e-01 4.252494132518768177e-01
