7.642082324269742211e-01 -2.177833168481811688e-01 6.798178471828331126e-02
7.644341779790401192e-01 -2.181198058552145935e-01 6.680440046365854201e-02
7.643183758781552095e-01 -2.179454380782842593e-01 6.740686812521823335e-02
7.643533351216167393e-01 -2.179996856874897304e-01 6.733268682145854278e-02
7.558417363009363177e-01 -2.063178717027529530e-01 9.666010069163966101e-02
7.642958623665034867e-01 -2.179349521071761442e-01 6.735150772389042473e-02
7.643097731006860407e-01 -2.178768940616845895e-01 6.745771131019573374e-02
7.644661498523473986e-01 -2.181042419297844204e-01 6.675837558182329268e-02
7.642074704538851515e-01 -2.177623500342144858e-01 6.779901534362209325e-02
7.644039620995939366e-01 -2.179565797803401650e-01 6.724181995713385263e-02
7.642027471403807226e-01 -2.177791824614181970e-01 6.786555792328785586e-02
7.643199820657431420e-01 -2.178905481275320022e-01 6.738510169222045043e-02
7.643395353549777838e-01 -2.179708153047412444e-01 6.723531675032834443e-02
7.644179565441995283e-01 -2.179872236784770878e-01 6.718097678397372263e-02
7.643899735117017924e-01 -2.179670812613367648e-01 6.714497686682641131e-02
7.642211995099067456e-01 -2.177506785977184334e-01 6.780427723495674464e-02
7.641730920589864251e-01 -2.177217069314718312e-01 6.803791889224952705e-02
7.555840740556717394e-01 -2.077370056003033927e-01 9.781567711783933916e-02
7.556554024358660415e-01 -2.078216612976267474e-01 9.747549703358493467e-02
7.643551000249296790e-01 -2.178978022314086715e-01 6.742861689065460240e-02
7.642864529073447599e-01 -2.179186342695280665e-01 6.764025832932496485e-02
7.643758823624760002e-01 -2.180602342039569541e-01 6.702739869975382625e-02
7.643187693554223117e-01 -2.179466293954551159e-01 6.737273551153544204e-02
7.644165628897905407e-01 -2.180514732864499150e-01 6.717020317776811744e-02
7.642302695321232520e-01 -2.178603373267724852e-01 6.773998458262164846e-02
7.642931496518672319e-01 -2.178822897237687739e-01 6.752089269269867522e-02
7.642016483264415516e-01 -2.177362306220158861e-01 6.796582151921004566e-02
7.643097939846634770e-01 -2.179634663953780860e-01 6.726946419852364301e-02
7.556192630958735723e-01 -2.077696340829878474e-01 9.764117094615842873e-02
7.556588484695792030e-01 -2.078352127918004777e-01 9.740889997361290575e-02
7.645814603452474323e-01 -2.164321984059437709e-01 6.637860113393578843e-02
7.643866238497585286e-01 -2.179845606139823588e-01 6.711759213207280084e-02
7.647341037079214976e-01 -2.166590472154169833e-01 6.570592309017020405e-02
7.643995659943163545e-01 -2.180770185654163362e-01 6.688983429129424785e-02
7.643876147074728511e-01 -2.161268982569500285e-01 6.727537129581784292e-02
7.642107654239952419e-01 -2.177302443052977210e-01 6.791704069051585080e-02
7.643904413264810405e-01 -2.179705467132776742e-01 6.718963327306370914e-02
7.556030775202959848e-01 -2.076968510138913759e-01 9.780002590414227370e-02
7.642137506928086133e-01 -2.177808323985040428e-01 6.792801777474566371e-02
7.642858320960492780e-01 -2.178996263608559414e-01 6.743381387887215084e-02
7.641219152754454846e-01 -2.176481477065160541e-01 6.827974362893773908e-02
7.643653019652217884e-01 -2.179903965652361109e-01 6.720904227806401288e-02
7.642474461028934130e-01 -2.178366657059490341e-01 6.771891093207882406e-02
7.642998628852516463e-01 -2.178880098917260477e-01 6.750306251424298409e-02
7.642408738232731036e-01 -2.178076390980183963e-01 6.779601145136049389e-02
7.642541191699803171e-01 -2.177976855906247899e-01 6.773467862613502533e-02
7.643855463455915267e-01 -2.180114709033370013e-01 6.734111531838760101e-02
7.556145251860618695e-01 -2.077859614822566425e-01 9.762853884585198649e-02
7.644008650119900050e-01 -2.180448316146880172e-01 6.697449024911961146e-02
7.643372482337325025e-01 -2.180016580287441053e-01 6.739518972189650903e-02
7.643656593409985378e-01 -2.180572722246572059e-01 6.706350607407007836e-02
7.555871718784867852e-01 -2.077337066283077016e-01 9.777489998076394073e-02
7.644325413773208622e-01 -2.161414542174264763e-01 6.724690375507669238e-02
7.645075649588405353e-01 -2.181582861954867725e-01 6.668871916908614139e-02
7.642075502799361431e-01 -2.177809167906865073e-01 6.784639906656364516e-02
7.644859720693797378e-01 -2.181364160546585551e-01 6.676489129776297382e-02
7.642157481774598526e-01 -2.177058772173598167e-01 6.783796242001738364e-02
7.642992522307604508e-01 -2.178784056519343926e-01 6.755171380960711680e-02
7.642471916154085498e-01 -2.177911137392669338e-01 6.782909304121287342e-02
7.612324816388635895e-01 -2.161839463390632932e-01 6.589286375268321727e-02
7.419878674393565188e-01 -1.851030558312609375e-01 1.212830489952450019e-01
7.331618634218424191e-01 -1.542379014112427726e-01 1.407171625059999709e-01
7.133298149841398317e-01 -8.389012492173908431e-02 1.642870964023814828e-01
6.902796166129797628e-01 -2.235063589972252629e-02 1.908815633865639239e-01
6.881510985814124348e-01 2.196179064261910563e-02 1.123114624340786349e-01
6.820019813594757618e-01 9.797272273823620647e-02 4.422583973943594593e-02
6.561835427063346105e-01 1.588758578105569641e-01 1.020237391687153217e-01
6.348643335758089590e-01 1.863508669555783426e-01 1.431992647230386773e-01
6.271347932389452762e-01 1.971082672210187070e-01 1.667454023748000669e-01
6.268645165379791440e-01 1.927744227104485897e-01 1.671495498955293257e-01
6.275031675807267728e-01 1.796146929241120849e-01 1.489044160856827226e-01
6.014970498761936790e-01 1.651283218284398946e-01 1.524301628857649415e-01
5.796140198958911194e-01 1.537654383928701018e-01 3.807993178922952637e-02
5.047596796320341639e-01 1.753807709046676377e-01 5.107177461527445672e-02
4.387259449712619386e-01 1.903645619051010374e-01 1.022983981218286154e-01
3.785321253828585197e-01 2.097659226197003957e-01 1.149323226623446548e-01
3.167593060530751736e-01 2.208097146358192764e-01 1.135516778336658206e-01
2.230533966216087793e-01 2.484889855080843479e-01 1.272047206378579265e-01
1.571602968718528448e-01 2.783415924712419609e-01 1.671289174203036687e-01
1.024583823605477173e-01 3.085996598177552785e-01 1.350085494502335504e-01
1.151848137824540430e-02 3.696052787527441263e-01 1.196832392576991921e-01
-3.666827174522879762e-02 4.025319788603782811e-01 1.112190283142922009e-01
4.210523464536652938e-03 4.015357343354820641e-01 3.288225982279122661e-01
4.953299999999999925e-01 2.731419999999999959e-01 1.578349999999999920e+00
4.953299999999999925e-01 2.731419999999999959e-01 1.578349999999999920e+00
4.953299999999999925e-01 2.731419999999999959e-01 1.578349999999999920e+00
-1.993525676269536362e-02 4.102286983686684874e-01 2.653468701430916621e-01
-1.128670415171384445e-02 4.105637043753862514e-01 2.865498245056807836e-01
-1.205247702592604497e-02 4.095729085263609681e-01 2.848138125669239518e-01
1.077478403651710437e-02 3.997017909653187151e-01 3.637776649565813702e-01
2.927708462872496975e-02 3.960888684284686878e-01 4.716018988480565888e-01
6.537897719150775888e-02 3.433558154632151416e-01 5.394463125050752428e-01
8.520580389764903506e-02 2.515224914368390241e-01 3.479325537625341802e-01
2.627969390126198013e-01 1.607303968112170911e-01 6.266371959175423001e-01
4.077106425107240861e-01 4.596224061301357189e-02 5.072651816603332975e-01
4.994995408584804730e-01 -1.843955046941109233e-02 4.535607735233997406e-01
6.079969126045894345e-01 -7.509734870530937467e-02 3.394801621892320487e-01
6.847424029829848324e-01 -8.807915079247669032e-02 3.332978900157954616e-01
8.218749961462794573e-01 -1.067074049413352932e-01 2.280939653185500848e-01
9.476274206636474684e-01 -2.659981235009990508e-01 -1.357058294688020528e-01
8.877090616009029045e-01 -1.914265533580414846e-01 -2.219297248321927540e-03
8.180862330603821952e-01 -1.718966890516984147e-01 5.369828832867118429e-02
7.610608471001594211e-01 -1.684250895410403792e-01 1.480501333550594545e-01
7.423453321770697722e-01 -2.082914046736955294e-01 5.660068374402649205e-02
7.153713534636974014e-01 -1.924137496268748804e-01 1.186388864216805228e-01
7.076632730607449462e-01 -1.828275127879604722e-01 1.474688966092534415e-01
7.192966536405235312e-01 -1.862947774010300650e-01 1.165671358496800369e-01
7.298322675830573036e-01 -1.787482910897806032e-01 1.156112315862751760e-01
7.402087053318678889e-01 -1.965689568245037877e-01 5.185965580143991893e-02
7.407042216285020242e-01 -1.954211532542183827e-01 4.975434737908313032e-02
7.402478165402979204e-01 -1.966280171531960275e-01 5.160215577584414959e-02
7.404588769360049838e-01 -1.950368035362623487e-01 5.115499838037718128e-02
7.404435214687720146e-01 -1.950647384357042102e-01 5.112017309254279773e-02
7.490833751459121670e-01 -2.052441551378667017e-01 1.898736936899725336e-02
7.436881259413630207e-01 -1.950906938575356908e-01 5.203784521581833467e-02
7.490122196749195993e-01 -2.051734977283142247e-01 1.923340465768830221e-02
7.407217845506905984e-01 -1.936338551373481820e-01 4.985586106153716557e-02
7.403749646012023344e-01 -1.949850352396256814e-01 5.108330344203015905e-02
7.370747273914963760e-01 -1.930257082514539313e-01 5.066961688533777597e-02
7.243181327908381206e-01 -1.743186220431513778e-01 1.105750406840475542e-01
7.321789407323107124e-01 -1.835118904822431174e-01 8.148457125562980075e-02
7.243422394664570385e-01 -1.743834880953915034e-01 1.104210956236160168e-01
7.322613709473148047e-01 -1.836038065238632111e-01 8.116872686553633365e-02
7.321533239145845418e-01 -1.834955595612823842e-01 8.169869977277643969e-02
7.321524092072189127e-01 -1.834090096003562209e-01 8.173579131394759223e-02
7.323026647196828609e-01 -1.818160764587521405e-01 8.121001940102279271e-02
7.322329289742097735e-01 -1.835177654518671264e-01 8.144920003586753054e-02
7.324056564131066205e-01 -1.838230983522124440e-01 8.056895286592258287e-02
7.242872997380047639e-01 -1.742317195444106903e-01 1.108761478222146657e-01
7.243591137507467970e-01 -1.743757993932067984e-01 1.104836314493045091e-01
7.324657296054855049e-01 -1.820701673487461758e-01 8.028785658373860379e-02
7.321579979024306351e-01 -1.834567099447957927e-01 8.165867893432343649e-02
7.322712127202958277e-01 -1.836138546758815104e-01 8.118121820474777373e-02
7.322125187867700724e-01 -1.835819919374659936e-01 8.145604920249782666e-02
7.245720673156514913e-01 -1.728866460697836560e-01 1.096177769914377098e-01
7.321478833083793214e-01 -1.834467626747152968e-01 8.172228851941198968e-02
7.322682805811866480e-01 -1.818775033834836852e-01 8.143294871008666114e-02
7.323143890318780658e-01 -1.835779369588047272e-01 8.130692186775800856e-02
7.324090426374465501e-01 -1.837418935075104121e-01 8.060453388775434824e-02
7.321591681663125462e-01 -1.834455694245621660e-01 8.172642992240120030e-02
7.242749243755504107e-01 -1.741817513115890281e-01 1.110015401993069695e-01
7.242063848149478122e-01 -1.741682292676344224e-01 1.110790302602937540e-01
7.244426703495666642e-01 -1.727636364488340792e-01 1.104068921179879315e-01
7.322689649680599322e-01 -1.835944937833956792e-01 8.118412627088522626e-02
7.245839604076549367e-01 -1.729016646178997696e-01 1.094626729515035812e-01
7.322330266714632829e-01 -1.835397033226117691e-01 8.145093769273237250e-02
7.243004712181017046e-01 -1.725107948715798589e-01 1.111450462146112983e-01
7.242784585325866553e-01 -1.742371508210301123e-01 1.108060984168901530e-01
7.241986664852991806e-01 -1.740986207465417546e-01 1.112402400267737956e-01
7.323344104920431752e-01 -1.818874326635263605e-01 8.109303964613046034e-02
7.242631197158738710e-01 -1.741734511482677661e-01 1.110737435279456342e-01
7.244311456196442789e-01 -1.726764184679799030e-01 1.103096679856863105e-01
7.242602909823789847e-01 -1.742052510757185202e-01 1.109056199601743398e-01
7.288399553684339338e-01 -1.814839036095477476e-01 8.167824773690890439e-02
7.293034447528541353e-01 -1.802486392840668417e-01 7.980411771042716929e-02
7.242956946399032869e-01 -1.742231805272399792e-01 1.108093854927421074e-01
7.243693778249189474e-01 -1.726363441377840591e-01 1.107594899166073343e-01
7.324989081312105466e-01 -1.821384322973824688e-01 8.021215510378376656e-02
7.248568389285758862e-01 -1.679738189845271235e-01 1.086372144938665407e-01
7.246054927340194185e-01 -1.711571904004849376e-01 1.095436720771032491e-01
7.221017791747867953e-01 -1.647146123315393340e-01 1.066926571058750550e-01
7.248332096513807610e-01 -1.678901327630206719e-01 1.087422262044228649e-01
7.174006455858722431e-01 -1.575267681892178473e-01 1.363708386210897849e-01
7.294666351256207104e-01 -1.767138789597861304e-01 7.919058108203658186e-02
7.250432710283503113e-01 -1.664071909494734824e-01 1.081005892200546104e-01
7.253969066277101696e-01 -1.650694681713468781e-01 1.066690777800489709e-01
7.207253037025347364e-01 -1.579201535355634900e-01 1.363388385389674440e-01
7.251637790694340779e-01 -1.665412914101742081e-01 1.077263228303397824e-01
7.255283130512297785e-01 -1.652099919106959636e-01 1.061536814331085488e-01
7.250481807740732920e-01 -1.680903492434285273e-01 1.080072400261278265e-01
7.250059010824217998e-01 -1.679834856000728127e-01 1.082035120235966819e-01
7.329737536743894388e-01 -1.772860587590076031e-01 7.847208360390389714e-02
7.248920333690120898e-01 -1.697435370515175124e-01 1.085386865182178528e-01
7.248971692485124407e-01 -1.680009365479275263e-01 1.084786385121785379e-01
7.245980414626628230e-01 -1.711031547763496308e-01 1.096343807022690520e-01
7.248460927846670510e-01 -1.679558114597052287e-01 1.085871242707683315e-01
7.245989861200348159e-01 -1.693197447750680040e-01 1.095378424481388002e-01
7.248511850451275773e-01 -1.679876957423351302e-01 1.085683441647586900e-01
7.247308619013309583e-01 -1.694453830824866891e-01 1.090502810587905547e-01
7.292624932561486695e-01 -1.800867364816814420e-01 7.986126042100494260e-02
7.247007834604174414e-01 -1.694436727448478397e-01 1.092046342455961216e-01
7.246416008839994261e-01 -1.693428835202678839e-01 1.095263897659830565e-01
7.247943784819319557e-01 -1.696172153312675568e-01 1.089199114952708047e-01
7.294524413134098051e-01 -1.767655981419011813e-01 7.924802404285746782e-02
7.247745197645738546e-01 -1.694971748901344388e-01 1.089638406995596664e-01
7.294240099731966742e-01 -1.786173438141382408e-01 7.920221617725076158e-02
7.246436227762773630e-01 -1.693826908432728984e-01 1.093878572183120124e-01
7.328908514841794286e-01 -1.771900530513822458e-01 7.898774996409119176e-02
7.328142722747073012e-01 -1.789579884471110827e-01 7.904576876984337197e-02
7.249509620436250801e-01 -1.680557104727402606e-01 1.083330021699180357e-01
7.250090466455370031e-01 -1.681093087274879161e-01 1.080676332211822910e-01
7.245156005559281187e-01 -1.673477573720477674e-01 1.102383140403042638e-01
7.246595636425330333e-01 -1.675174314092062189e-01 1.097476218263695458e-01
7.249023952694848560e-01 -1.678963950454927523e-01 1.087689800113560423e-01
7.247844877735509783e-01 -1.696393863147385161e-01 1.090002399460752169e-01
7.250019956505060481e-01 -1.663549691371247197e-01 1.081918569813080655e-01
7.248435460405975306e-01 -1.679216652176677704e-01 1.088231449180050436e-01
7.246481427568555178e-01 -1.693197316879406222e-01 1.095881823230764329e-01
7.215761679312751031e-01 -1.694121735866404577e-01 1.085340099304186179e-01
7.246705118314846761e-01 -1.693653311555944341e-01 1.093535643010969949e-01
7.248853796570747798e-01 -1.679831299130096767e-01 1.084644150394267204e-01
7.248684585758029542e-01 -1.696974378519207072e-01 1.086726408951654843e-01
7.294980389604285298e-01 -1.768587356187737991e-01 7.904841364605741383e-02
7.247189783186555045e-01 -1.694348289586603551e-01 1.090954460068851439e-01
7.246582096432939712e-01 -1.693720996420942093e-01 1.093662435098956554e-01
7.245534724118053438e-01 -1.692534342757091026e-01 1.097818849231431138e-01
7.295452712547823015e-01 -1.769531222253106217e-01 7.885927067376341526e-02
7.247372380930706681e-01 -1.695792569933495808e-01 1.090621888771736714e-01
7.330449854659661924e-01 -1.755323814376182900e-01 7.836024127433027786e-02
7.250458781048462198e-01 -1.680997327106408812e-01 1.079333308759848897e-01
7.330109000573992173e-01 -1.754591637153625205e-01 7.847868943547609000e-02
7.249253502979785546e-01 -1.679712452789172139e-01 1.084421222467593093e-01
7.248736657274827966e-01 -1.679817175865955248e-01 1.085620702675316185e-01
7.244443395267411434e-01 -1.708740719696991150e-01 1.103330043258081705e-01
7.247236915898174203e-01 -1.695685914144292039e-01 1.092374866516059306e-01
7.243845584565817841e-01 -1.707758700356035719e-01 1.105803728952781118e-01
7.247374740793586234e-01 -1.695944957609995529e-01 1.091673333129146162e-01
7.246945144798114802e-01 -1.695340242434553724e-01 1.092679746608073987e-01
7.244155441760509184e-01 -1.726242902031988047e-01 1.102884972970008537e-01
7.242482028419479079e-01 -1.723286768413222758e-01 1.112659819629120417e-01
7.247579507713868274e-01 -1.695807676919586782e-01 1.092899891958047931e-01
7.248862800211250956e-01 -1.697596859969645045e-01 1.085747857346248679e-01
7.246990432791292625e-01 -1.711960488208830178e-01 1.091511225096821747e-01
7.247140224627837135e-01 -1.694638610405958534e-01 1.095056468037771680e-01
7.247323098842203271e-01 -1.713464184743389018e-01 1.091066539897924681e-01
7.242128755899741588e-01 -1.724088340989984314e-01 1.111944982593151554e-01
7.245474261144817518e-01 -1.710416944596543365e-01 1.102052650589935290e-01
7.199299429259360394e-01 -1.622163895549029178e-01 1.393582370026691386e-01
7.245451738274469866e-01 -1.711029004480651983e-01 1.100279336513010353e-01
7.245579938480689597e-01 -1.710465073486752696e-01 1.100261557428259263e-01
7.245013105360910144e-01 -1.709925227399952674e-01 1.102856180773112982e-01
7.244787924685507363e-01 -1.709122087328657225e-01 1.101091067851771577e-01
7.247181335000574265e-01 -1.695079406409933931e-01 1.094673182312333459e-01
7.248658326044887801e-01 -1.679224892944022884e-01 1.086928680806926728e-01
7.249252891162096812e-01 -1.680831094244345514e-01 1.083375340210563920e-01
7.245272531552553463e-01 -1.710654869279339962e-01 1.100642151350548215e-01
7.244435105869322378e-01 -1.708405896487757425e-01 1.103281415461501158e-01
7.329101541946216880e-01 -1.772334987065531386e-01 7.890111085008855163e-02
7.246202852089613788e-01 -1.711030067275464139e-01 1.094339415104998992e-01
7.252213227896808778e-01 -1.665455848198905131e-01 1.074740394307933666e-01
7.328781752305746355e-01 -1.770727844721078359e-01 7.920978245408538676e-02
7.248616321835741338e-01 -1.660673806718923062e-01 1.088646674783904089e-01
7.284085520258753998e-01 -1.666394169110431700e-01 1.081700309777264835e-01
7.332122039498925048e-01 -1.757679291930719923e-01 7.786296005562598488e-02
7.251633440453186807e-01 -1.664885883952565426e-01 1.077729446331312513e-01
7.331462613553002550e-01 -1.756546841772533840e-01 7.822480490677397036e-02
7.249486654060870450e-01 -1.678840727502926566e-01 1.086811257240822837e-01
7.205379427894382793e-01 -1.575983238942324505e-01 1.372043475762410036e-01
7.249831101908281727e-01 -1.679830981695167313e-01 1.084950696074571397e-01
7.251375773768693467e-01 -1.664665314029603604e-01 1.078806745891451868e-01
7.250042818979754999e-01 -1.679851964997313152e-01 1.082774529883245851e-01
7.253606829245060617e-01 -1.649809185177832371e-01 1.067011247159868059e-01
7.253040418844253212e-01 -1.649112140667139959e-01 1.072022155920193676e-01
7.282386307764365796e-01 -1.663877637825719735e-01 1.087848410797680465e-01
7.252218811004996768e-01 -1.665239893937631721e-01 1.076066366051919854e-01
7.250267560488388163e-01 -1.680582562034688143e-01 1.083866713500882817e-01
7.285350191193878944e-01 -1.650632401948943229e-01 1.077023521897488845e-01
7.281577214337586756e-01 -1.680254017176404102e-01 1.091940160099051926e-01
7.282663465566172611e-01 -1.682489847830794805e-01 1.086422738554815304e-01
7.329604655686542403e-01 -1.771471313478610865e-01 7.897279099662268820e-02
7.203321632082283488e-01 -1.608758593858629071e-01 1.377831592639700009e-01
7.282292766097828718e-01 -1.681644189454279958e-01 1.087664146237994345e-01
7.327549525076240133e-01 -1.787818846868723943e-01 7.963427416030155470e-02
7.327635580624312084e-01 -1.787156115499064502e-01 7.972157400994817067e-02
7.327887058313280466e-01 -1.769624354455694437e-01 7.962868715202131575e-02
7.246819719684168826e-01 -1.693645176445282563e-01 1.093904119206328129e-01
7.248933902698263543e-01 -1.697968647126368857e-01 1.084706232967684869e-01
7.242693180764645522e-01 -1.724184598370566701e-01 1.109458789357311570e-01
7.244722040228173121e-01 -1.710417707353121819e-01 1.103334762324901241e-01
7.200780013598904183e-01 -1.623684192680232008e-01 1.388141191469887126e-01
7.244564618289306424e-01 -1.709148464895822173e-01 1.101527610437993410e-01
7.247443779999196423e-01 -1.695203329852222884e-01 1.092496550212533890e-01
7.325976733280687991e-01 -1.804214084180369437e-01 8.016980160757669616e-02
7.250839464038476567e-01 -1.681551212056464628e-01 1.078662556957454832e-01
7.250436829671904615e-01 -1.681436829145960266e-01 1.079501601012509138e-01
7.292416231496289258e-01 -1.783393061030991156e-01 8.017060062334424586e-02
7.248611644748568228e-01 -1.697258345141932079e-01 1.087236605376249443e-01
7.247946435858547698e-01 -1.696267375474497241e-01 1.089444710833289420e-01
7.252217809952169469e-01 -1.665847504144161717e-01 1.073942386864452647e-01
7.330242114285260291e-01 -1.753935566049217853e-01 7.867361946393991445e-02
7.327525921952575683e-01 -1.787175359654575302e-01 7.966996118974956076e-02
7.281302546034320589e-01 -1.680692590507678608e-01 1.093486013823699032e-01
7.246558240408793594e-01 -1.693094693404398887e-01 1.097068152823756915e-01
7.245658843270271765e-01 -1.691342447946592720e-01 1.101900423116617400e-01
7.249480455696284409e-01 -1.661847849605828098e-01 1.086641569596542567e-01
7.203880724170014238e-01 -1.574212776570506622e-01 1.377278613517884942e-01
7.248033165459454308e-01 -1.659623792644963070e-01 1.093548457955486608e-01
7.250397521580889126e-01 -1.645167048420794198e-01 1.084732552401530548e-01
7.245285620204985344e-01 -1.672744156810492266e-01 1.104987033061368695e-01
7.250014962751492043e-01 -1.662147088552154428e-01 1.085442753138530225e-01
7.248907364436610878e-01 -1.679228787707127690e-01 1.087552565210689881e-01
7.281899546272589951e-01 -1.663024788049868863e-01 1.090643743687864653e-01
7.329484233105003632e-01 -1.753049888955279800e-01 7.910078694872013649e-02
7.281522768843874394e-01 -1.644641687264702945e-01 1.093276066372121935e-01
7.205274706829577491e-01 -1.575206830881535902e-01 1.373055827786728855e-01
7.334422899338737256e-01 -1.740427313222400740e-01 7.725496919897167913e-02
7.281498620704724978e-01 -1.679325958871059066e-01 1.093750061901683779e-01
7.413209174936548074e-01 -1.830861726309395698e-01 4.813003694370698859e-02
7.330474952167749247e-01 -1.772806491309329435e-01 7.843690191322627570e-02
7.283221582803667271e-01 -1.665288145509064011e-01 1.084845172875106289e-01
7.250995085056051170e-01 -1.645422625373489933e-01 1.081370708427193961e-01
7.249410416325270390e-01 -1.661087216730713356e-01 1.087658246965914621e-01
7.251386361011549209e-01 -1.664234711021818081e-01 1.077402169593171255e-01
7.250082473272427830e-01 -1.680183910985700857e-01 1.082749567118030942e-01
