4.382319414615633013e-01 4.991283297538758323e-01 3.352747565507888661e-01
4.382320159673692705e-01 4.991280317306519554e-01 3.352748459577560292e-01
4.382319414615633013e-01 4.991283297538758323e-01 3.352747565507888661e-01
4.382319414615633013e-01 4.991283297538758323e-01 3.352747565507888661e-01
4.382319414615633013e-01 4.991283297538758323e-01 3.352747565507888661e-01
4.382319414615631903e-01 4.991283297538758323e-01 3.352747565507888661e-01
4.382320159673692705e-01 4.991280317306519554e-01 3.352748459577560292e-01
4.382319414615633013e-01 4.991283297538758323e-01 3.352747565507888661e-01
4.382320159673692705e-01 4.991280317306519554e-01 3.352748459577560292e-01
4.382319414615633013e-01 4.991283297538758323e-01 3.352747565507888661e-01
4.382320159673692705e-01 4.991280317306519554e-01 3.352748459577560292e-01
4.382320159673692705e-01 4.991280317306519554e-01 3.352748459577560292e-01
4.382319414615633013e-01 4.991283297538758323e-01 3.352747565507888661e-01
4.382320159673692705e-01 4.991280317306519554e-01 3.352748459577560292e-01
4.382319414615633013e-01 4.991283297538758323e-01 3.352747565507888661e-01
4.382319414615633013e-01 4.991283297538758323e-01 3.352747565507888661e-01
4.382319414615631903e-01 4.991283297538758323e-01 3.352747565507888661e-01
4.382319414615633013e-01 4.991283297538758323e-01 3.352747565507888661e-01
4.382319414615633013e-01 4.991283297538758323e-01 3.352747565507888661e-01
4.382319414615633013e-01 4.991283297538758323e-01 3.352747565507888661e-01
4.382320159673692705e-01 4.991280317306519554e-01 3.352748459577560292e-01
4.382319414615633013e-01 4.991283297538757213e-01 3.352747565507888661e-01
4.382319414615633013e-01 4.991283297538758323e-01 3.352747565507888661e-01
4.382319414615633013e-01 4.991283297538758323e-01 3.352747565507888661e-01
4.382319414615633013e-01 4.991283297538758323e-01 3.352747565507888661e-01
4.382319414615633013e-01 4.991283297538758323e-01 3.352747565507888661e-01
4.382319414615633013e-01 4.991283297538758323e-01 3.352747565507888661e-01
4.382319414615633013e-01 4.991283297538758323e-01 3.352747565507888661e-01
4.382319414615633013e-01 4.991283297538758323e-01 3.352747565507888661e-01
4.382319414615633013e-01 4.991283297538758323e-01 3.352747565507888661e-01
4.382319414615633013e-01 4.991283297538758323e-01 3.352747565507888661e-01
4.382320159673692705e-01 4.991280317306519554e-01 3.352748459577560292e-01
4.382320159673692705e-01 4.991280317306519554e-01 3.352748459577560292e-01
4.382320383191110613e-01 4.991279423236847923e-01 3.352747192978858815e-01
4.382319414615633013e-01 4.991283297538758323e-01 3.352747565507888661e-01
4.382319414615633013e-01 4.991283297538758323e-01 3.352747565507888661e-01
4.382320159673692705e-01 4.991280317306519554e-01 3.352748459577560292e-01
4.382321202754976275e-01 4.991276443004609153e-01 3.352748459577560292e-01
4.382320159673692705e-01 4.991280317306519554e-01 3.352748459577560292e-01
4.382320159673692705e-01 4.991280317306520664e-01 3.352748459577560292e-01
4.382320383191110613e-01 4.991279423236847923e-01 3.352747192978858815e-01
4.382320159673692705e-01 4.991280317306519554e-01 3.352748459577560292e-01
4.382321202754976275e-01 4.991276443004609153e-01 3.352748459577560292e-01
4.382319414615633013e-01 4.991283297538758323e-01 3.352747565507888661e-01
4.382319414615633013e-01 4.991283297538758323e-01 3.352747565507888661e-01
4.382320159673692705e-01 4.991280317306519554e-01 3.352748459577560292e-01
4.382320159673692705e-01 4.991280317306518444e-01 3.352748459577560292e-01
4.382320159673692705e-01 4.991280317306519554e-01 3.352748459577560292e-01
4.382319414615633013e-01 4.991283297538758323e-01 3.352747565507888661e-01
4.382319414615633013e-01 4.991283297538758323e-01 3.352747565507888661e-01
4.382319414615633013e-01 4.991283297538758323e-01 3.352747565507888661e-01
4.382319414615633013e-01 4.991283297538758323e-01 3.352747565507888661e-01
4.382319414615633013e-01 4.991283297538758323e-01 3.352747565507888661e-01
4.382319414615633013e-01 4.991283297538758323e-01 3.352747565507888661e-01
4.382319414615633013e-01 4.991283297538758323e-01 3.352747565507888661e-01
4.382320159673691595e-01 4.991280317306519554e-01 3.352748459577560292e-01
4.382319414615633013e-01 4.991283297538758323e-01 3.352747565507888661e-01
4.382319414615633013e-01 4.991283297538758323e-01 3.352747565507888661e-01
4.382320159673692705e-01 4.991280317306519554e-01 3.352748459577560292e-01
4.382319414615633013e-01 4.991283297538758323e-01 3.352747565507888661e-01
4.382319414615633013e-01 4.991283297538758323e-01 3.352747565507888661e-01
4.382320383191110613e-01 4.991279423236847923e-01 3.352747192978858815e-01
4.382320159673692705e-01 4.991280317306519554e-01 3.352748459577560292e-01
4.382320383191110613e-01 4.991279423236847923e-01 3.352747192978858815e-01
4.382319414615631903e-01 4.991283297538758323e-01 3.352747565507888661e-01
4.382319414615633013e-01 4.991283297538758323e-01 3.352747565507888661e-01
4.382320159673692705e-01 4.991280317306519554e-01 3.352748459577560292e-01
4.382320159673692705e-01 4.991280317306519554e-01 3.352748459577560292e-01
4.382319414615633013e-01 4.991283297538758323e-01 3.352747565507888661e-01
4.382319414615633013e-01 4.991283297538758323e-01 3.352747565507888661e-01
4.382319414615631903e-01 4.991283297538757213e-01 3.352747565507888661e-01
4.382319414615633013e-01 4.991283297538758323e-01 3.352747565507888661e-01
4.389375039935113909e-01 4.983168125152588890e-01 3.352682968974113331e-01
4.446369150280954363e-01 4.941300332546235130e-01 3.343339717388152943e-01
4.592940399050713385e-01 4.783175468444825218e-01 3.293765342235565052e-01
4.777381682395936968e-01 4.562938690185547874e-01 3.200987881422042713e-01
4.885699117183687212e-01 4.429432630538941429e-01 3.131770944595336781e-01
5.105954670906068804e-01 4.123064160346985862e-01 2.961170083284377919e-01
5.306472891569139483e-01 3.824962854385377531e-01 2.766424944996833668e-01
5.459855014085771563e-01 3.610552728176118498e-01 2.575125104188918934e-01
5.512480551004411700e-01 3.540750324726106291e-01 2.482008045911788807e-01
5.590180569887163164e-01 3.460651218891145353e-01 2.310061982274055348e-01
5.634903126955034258e-01 3.439609289169313078e-01 2.164192205667495594e-01
5.650072509050371172e-01 3.442722141742707853e-01 2.101328900456428395e-01
5.667332226037981036e-01 3.454983711242677336e-01 1.993956869840621815e-01
5.677714610099794390e-01 3.457168817520143156e-01 1.905495232343673573e-01
5.676970297098161700e-01 3.472818315029145841e-01 1.832333138585090504e-01
5.671703332662584307e-01 3.484915673732759123e-01 1.801061785221099720e-01
5.713048690557481768e-01 3.512279272079469328e-01 1.731056353449821339e-01
5.770204925537111285e-01 3.530247390270233598e-01 1.728414489328860826e-01
5.841959977149965288e-01 3.539655387401582365e-01 1.742062723636627064e-01
5.875567013025285723e-01 3.541791319847108488e-01 1.750390721857547627e-01
5.945327842235568205e-01 3.546126365661623758e-01 1.768031014502048359e-01
5.981067383289340178e-01 3.550625026226045255e-01 1.777109882235526905e-01
6.053755545616152922e-01 3.558875501155854826e-01 1.796426033973693714e-01
6.077712440490725676e-01 3.568491816520692472e-01 1.805390572547912464e-01
6.035686099529269377e-01 3.606012642383576994e-01 1.795135295391082630e-01
5.934785866737368742e-01 3.559286773204805021e-01 1.764724819362163410e-01
5.884304755926134112e-01 3.481930971145631437e-01 1.749384297430515156e-01
5.845964813232423785e-01 3.385459363460542326e-01 1.734133592247962818e-01
5.784493798017504851e-01 3.154735147953035002e-01 1.721558427810668812e-01
5.745861941576007048e-01 2.982699155807496671e-01 1.712149089574813710e-01
5.734969192743304411e-01 2.919316768646241789e-01 1.708078315854072438e-01
5.733170026540759245e-01 2.853400588035585050e-01 1.714934265613555775e-01
5.734990352392199675e-01 2.796534776687623625e-01 1.718762448430061207e-01
5.734634810686114470e-01 2.756170511245729093e-01 1.716677701473235951e-01
5.743975603580477873e-01 2.661394953727723722e-01 1.717469772696494923e-01
5.744858944416049162e-01 2.615715742111207609e-01 1.716374984383582936e-01
5.741830581426623503e-01 2.583937525749208097e-01 1.711534565687179432e-01
5.742901974916461150e-01 2.511104822158815031e-01 1.702506250143051014e-01
5.742780381441119353e-01 2.476982355117799406e-01 1.693882277607917652e-01
5.737623089551928679e-01 2.438940286636354093e-01 1.679744577407836781e-01
5.735609197616580168e-01 2.414022564888002043e-01 1.673886930942535267e-01
5.729571694135668913e-01 2.374089241027832475e-01 1.658039397001266346e-01
5.727979952096942107e-01 2.361818432807923918e-01 1.657180196046829090e-01
5.730364882946016314e-01 2.330759048461915617e-01 1.655631816387176380e-01
5.729857051372531096e-01 2.326311349868774858e-01 1.647737926244735307e-01
5.728841090202334563e-01 2.320150613784791593e-01 1.643783307075500355e-01
5.729373955726626555e-01 2.311705827713014250e-01 1.640875196456909046e-01
5.731091910600665251e-01 2.303304553031922941e-01 1.637096634507179127e-01
5.737876111269000212e-01 2.287850260734559660e-01 1.641570484638213978e-01
5.736034178733828703e-01 2.288056492805482511e-01 1.638324266672134266e-01
5.734327101707461516e-01 2.286140799522401457e-01 1.631154870986938343e-01
5.730189645290377776e-01 2.275757074356080656e-01 1.620104765892028675e-01
5.728669279813769499e-01 2.269205331802370829e-01 1.611035695672035084e-01
5.725505465269091765e-01 2.267117381095887785e-01 1.609220361709594593e-01
5.725306832790377776e-01 2.255718588829042082e-01 1.609412214159965382e-01
5.725213402509692351e-01 2.254602789878846769e-01 1.607903695106506214e-01
5.723733866214755217e-01 2.253164529800416593e-01 1.605842864513397084e-01
5.718068146705630461e-01 2.250689148902894621e-01 1.595189428329467640e-01
5.714500659704211394e-01 2.252117276191712980e-01 1.585506355762481556e-01
5.712618196010592619e-01 2.254084825515748625e-01 1.576195067167281971e-01
5.710014963150027434e-01 2.256125092506410246e-01 1.571469759941100941e-01
5.704571717977526824e-01 2.261811375617982511e-01 1.554515516757964955e-01
5.700977706909182707e-01 2.265953302383424406e-01 1.545686429738998280e-01
5.695144945383074919e-01 2.275141954421998625e-01 1.524505025148391590e-01
5.692982786893847624e-01 2.277521371841432218e-01 1.515401160717010365e-01
5.688299500942232134e-01 2.281270503997804289e-01 1.501796028017997608e-01
5.685329997539523283e-01 2.286210536956788664e-01 1.489235615730285511e-01
5.683264845609667937e-01 2.291538000106813078e-01 1.476428514719009266e-01
5.682523810863497893e-01 2.294745326042176847e-01 1.467942899465560780e-01
5.677285605669024626e-01 2.301995635032655363e-01 1.447125530242919789e-01
5.670935028791430632e-01 2.303689599037171964e-01 1.427541828155517445e-01
5.664294326305392424e-01 2.305985569953920011e-01 1.412010943889618064e-01
5.660962873697283904e-01 2.307588934898378019e-01 1.404572731256484852e-01
5.655089133977893034e-01 2.313096404075624113e-01 1.384305959939956532e-01
5.653238856792452971e-01 2.315888881683351164e-01 1.371319746971130238e-01
5.650925302505496184e-01 2.317008852958679643e-01 1.358820503950118608e-01
5.650528186559680144e-01 2.317197799682618742e-01 1.353764837980270253e-01
5.650130325555804411e-01 2.317993521690371317e-01 1.351623243093490467e-01
5.649502539634707610e-01 2.317793846130372648e-01 1.345049372315406666e-01
5.651832485198977629e-01 2.309008121490480070e-01 1.338025784492492543e-01
5.652453714609149138e-01 2.305984973907472257e-01 1.335552191734313832e-01
5.655750298500064055e-01 2.295969009399415617e-01 1.331008529663085804e-01
5.658581966161730925e-01 2.286478161811830168e-01 1.331355503201484547e-01
5.658421182632449309e-01 2.286223649978639250e-01 1.328495895862579212e-01
5.655718410015109221e-01 2.295892715454103117e-01 1.326412266492843495e-01
5.662217551469805876e-01 2.354770779609681730e-01 1.315730592608451710e-01
5.675028526782992522e-01 2.351673722267152433e-01 1.325695446133613453e-01
5.717653596401217619e-01 2.322374463081361418e-01 1.359610265493392811e-01
5.773836040496829192e-01 2.273099899291993742e-01 1.382553434371948109e-01
5.806641542911532561e-01 2.236245751380921964e-01 1.385885781049728260e-01
5.882763975858691374e-01 2.132393002510072355e-01 1.426457172632217274e-01
5.936261677742007414e-01 2.048473834991456632e-01 1.477748608589172230e-01
5.979753994941714446e-01 1.961892724037171964e-01 1.528070276975631581e-01
5.997196996212008635e-01 1.921143412590028410e-01 1.563171601295470781e-01
6.015581154823306242e-01 1.882100582122804289e-01 1.597572496533393727e-01
6.031256580352786223e-01 1.852590918540956144e-01 1.638166165351867543e-01
6.036518478393557707e-01 1.844239711761476164e-01 1.649968928098678456e-01
6.055708491802218596e-01 1.813060522079469328e-01 1.694607442617416249e-01
6.061399543285372893e-01 1.808719515800477629e-01 1.717317706346511708e-01
6.067163908481600920e-01 1.803712129592897062e-01 1.736746361851692066e-01
6.067371034622195403e-01 1.806825876235963468e-01 1.741695186495780812e-01
6.074543261528018157e-01 1.798924684524537687e-01 1.762643872201442585e-01
6.074762308597567717e-01 1.803001642227174406e-01 1.766353777050971852e-01
6.077665054798129241e-01 1.805333971977235441e-01 1.777710995078086720e-01
6.079631412029269377e-01 1.804757595062258524e-01 1.789634531736373768e-01
6.079044306278231780e-01 1.808559179306031828e-01 1.792669227719306813e-01
6.079795026779177824e-01 1.809185624122621183e-01 1.798217973113059864e-01
6.081562304496768157e-01 1.809697628021241789e-01 1.806632807850837574e-01
6.081401968002322356e-01 1.810589313507081632e-01 1.809214508533477650e-01
6.084251666069033782e-01 1.806183934211732511e-01 1.818720927834510670e-01
6.084325873851779143e-01 1.806658983230592375e-01 1.820831081271171437e-01
6.085081660747531096e-01 1.805932402610780363e-01 1.826982876658439503e-01
6.086321139335635344e-01 1.803728222846986418e-01 1.831074661016464100e-01
6.088463926315310637e-01 1.800003528594972257e-01 1.841442441940307484e-01
6.088868641853335539e-01 1.799391984939576750e-01 1.844247660040855274e-01
6.088162326812747160e-01 1.801418542861940031e-01 1.845614990592002735e-01
6.089178884029391448e-01 1.799389600753785734e-01 1.848845934867858753e-01
6.090075635910037199e-01 1.797618150711061125e-01 1.852628818154334889e-01
6.091723704338076750e-01 1.793904185295106535e-01 1.855908563733100758e-01
6.093492472171786467e-01 1.789473176002503996e-01 1.858941993117332325e-01
6.094390714168551604e-01 1.786364197731019621e-01 1.861864259839057789e-01
6.094050967693331877e-01 1.784604668617250089e-01 1.862071013450622425e-01
6.095434391498568694e-01 1.777162432670594816e-01 1.865691027045249806e-01
6.096392834186556975e-01 1.772079944610597257e-01 1.868563821911811695e-01
6.095854306221011321e-01 1.769875168800355558e-01 1.868762901425361500e-01
6.096429193019869963e-01 1.766034841537477140e-01 1.870129337906837330e-01
6.097706520557406584e-01 1.760757446289064054e-01 1.873071274161338673e-01
6.099566185474398772e-01 1.753647208213807707e-01 1.876391252875327931e-01
6.100557708740237395e-01 1.746578097343446379e-01 1.880489221215247975e-01
6.101603472232821623e-01 1.743529915809632902e-01 1.882372057437896595e-01
6.104673111438754241e-01 1.732247948646546964e-01 1.888407325744628773e-01
6.105906927585604826e-01 1.727173209190370207e-01 1.891111811995506153e-01
6.106632018089297453e-01 1.724182248115541105e-01 1.892095214128494129e-01
6.109706723690035979e-01 1.712958693504335050e-01 1.899353420734405384e-01
6.109890902042391936e-01 1.711318969726564054e-01 1.900058096647262440e-01
6.111502909660342375e-01 1.705517649650575285e-01 1.901929458975791798e-01
6.111409330368045012e-01 1.704591989517213468e-01 1.901132544875144825e-01
6.112157070636752287e-01 1.698889613151551847e-01 1.903499370813369618e-01
6.111643576622012297e-01 1.698118329048158293e-01 1.903598240017890797e-01
6.112241709232333342e-01 1.693526387214662199e-01 1.905281475186347828e-01
6.111618542671206633e-01 1.693622350692750578e-01 1.904373696446418629e-01
6.110721194744113127e-01 1.694023489952088957e-01 1.903466960787772999e-01
6.111047232151034514e-01 1.690634369850160246e-01 1.904388672113418446e-01
6.111160480976107756e-01 1.689711689949037199e-01 1.904682895541190968e-01
6.111023688316348235e-01 1.689059019088746671e-01 1.904324001073837147e-01
6.109256708621981780e-01 1.689292073249818449e-01 1.902674219012260304e-01
6.108777487277987639e-01 1.688986897468569559e-01 1.902817493677139427e-01
6.108331346511843840e-01 1.689054250717164640e-01 1.902683159708976612e-01
6.107912325859072844e-01 1.689189553260804777e-01 1.903667157888412342e-01
6.107796692848208586e-01 1.688850402832032804e-01 1.903980827331542836e-01
6.108195149898532073e-01 1.686292767524720793e-01 1.904728940129279957e-01
6.108528339862826506e-01 1.684224486351014738e-01 1.905870518088340626e-01
6.107439959049227873e-01 1.683997988700868254e-01 1.905610865354537831e-01
6.108140909671786467e-01 1.682218194007875089e-01 1.907439759373664723e-01
6.109265947341921965e-01 1.679074048995973234e-01 1.909804424643516407e-01
6.110086703300479094e-01 1.676350712776185636e-01 1.910985937714576588e-01
6.109943950176242033e-01 1.675422668457032804e-01 1.911138674616813526e-01
6.110918486118319670e-01 1.671751618385316496e-01 1.912371969223022328e-01
6.110502743721011321e-01 1.672083616256715421e-01 1.912337026000022755e-01
6.111080014705660979e-01 1.669843077659608488e-01 1.912351405620574818e-01
6.110416913032534758e-01 1.670753240585328703e-01 1.911289399862289295e-01
6.110707485675814787e-01 1.669227957725526457e-01 1.912284424901008473e-01
6.109906995296481291e-01 1.668996095657350187e-01 1.911925530433654652e-01
6.109681689739230315e-01 1.668962121009828214e-01 1.912328308820724354e-01
6.109253728389743010e-01 1.669679164886476164e-01 1.912427699565887318e-01
6.108551287651065032e-01 1.670619726181031828e-01 1.912944471836089677e-01
6.107550227642062346e-01 1.672081232070924406e-01 1.912010690569877491e-01
6.107096338272097746e-01 1.672549724578858976e-01 1.911761245131492482e-01
6.106681191921237151e-01 1.672265410423280363e-01 1.911977013945579396e-01
6.106171572208407561e-01 1.672518134117128019e-01 1.911238139867782460e-01
6.105424427986148039e-01 1.671585917472840910e-01 1.910741484165191517e-01
6.105669999122622649e-01 1.670762777328492765e-01 1.911193585395812855e-01
6.105883383750918547e-01 1.669481277465821867e-01 1.912029093503951893e-01
6.104558372497561614e-01 1.670259118080140714e-01 1.911148881912231312e-01
6.103700363636019866e-01 1.670992255210878019e-01 1.910866653919219837e-01
6.103110873699191252e-01 1.671313524246217375e-01 1.911193585395812855e-01
6.102469825744631926e-01 1.672161102294923429e-01 1.912136679887771473e-01
6.102059447765353362e-01 1.672538995742799406e-01 1.912626034021377430e-01
6.100680494308474699e-01 1.673899173736573820e-01 1.912502354383468495e-01
6.099787616729739348e-01 1.674972653388978605e-01 1.912659785151481495e-01
6.098467671871188323e-01 1.676939010620118742e-01 1.914279913902282582e-01
6.098636353015902678e-01 1.676058053970338468e-01 1.916582590341567860e-01
6.098375284671786467e-01 1.676216602325441007e-01 1.916876441240310536e-01
6.097719335556033293e-01 1.677059412002565031e-01 1.916593617200851307e-01
6.097508633136752287e-01 1.675332069396974211e-01 1.917890167236327992e-01
6.098176801204684416e-01 1.673157095909120207e-01 1.919061771035194264e-01
6.098574066162112395e-01 1.671341538429261808e-01 1.919239020347595082e-01
6.098479294776919524e-01 1.671233654022218351e-01 1.919363594055175648e-01
6.098705792427066008e-01 1.669844269752503996e-01 1.920253342390060292e-01
6.098313593864443938e-01 1.670238852500917082e-01 1.920037424564361439e-01
6.097120904922488371e-01 1.670415878295899992e-01 1.920487514138221607e-01
6.098391675949099699e-01 1.666918277740480070e-01 1.922362452745437211e-01
6.098206603527072112e-01 1.667181134223939543e-01 1.921848660707473622e-01
6.098592841625216643e-01 1.665957450866700773e-01 1.922394788265228138e-01
6.098944211006167571e-01 1.664975166320802336e-01 1.922291374206542836e-01
6.099176371097567717e-01 1.664224147796632414e-01 1.922590067982673512e-01
6.099686288833621184e-01 1.662992715835572843e-01 1.923561176657676564e-01
6.100801491737368742e-01 1.660315871238710050e-01 1.925328007340431080e-01
6.101075673103335539e-01 1.659439682960511808e-01 1.925424864888191090e-01
6.101453864574435393e-01 1.658507466316224699e-01 1.926177895069122181e-01
6.101614499092105071e-01 1.657918572425843839e-01 1.926971754431724415e-01
6.101891958713534514e-01 1.657178878784181242e-01 1.927301368117332325e-01
6.101969742774966399e-01 1.656831979751588468e-01 1.926934650540351734e-01
6.102285647392275969e-01 1.655496835708619718e-01 1.927491283416747914e-01
6.102682316303256194e-01 1.654289245605470304e-01 1.927867910265922413e-01
6.102923417091372649e-01 1.651954531669618254e-01 1.928329920768737660e-01
6.102960371971133391e-01 1.651592731475831632e-01 1.928402638435363636e-01
6.103405916690829436e-01 1.650564551353456144e-01 1.929250589013099537e-01
6.105852985382083098e-01 1.644753098487855558e-01 1.932308679819106922e-01
6.106309258937838713e-01 1.643676638603212004e-01 1.933062753081321583e-01
6.107076370716097991e-01 1.641860485076905851e-01 1.933739116787910328e-01
6.107855701446536223e-01 1.640094399452211027e-01 1.934913477301597462e-01
6.108548009395602385e-01 1.638451695442201261e-01 1.935854560136794911e-01
6.110089385509493987e-01 1.634905219078065519e-01 1.938508009910583363e-01
6.111467742919924895e-01 1.631711006164552336e-01 1.940996056795120106e-01
6.112163329124453703e-01 1.630102276802064543e-01 1.942221081256866322e-01
6.112202966213229338e-01 1.630030155181886320e-01 1.942437595129012928e-01
6.127105021476748625e-01 1.588310480117799406e-01 1.915837904810905323e-01
6.145123207569125334e-01 1.535434603691102629e-01 1.809342733025550709e-01
6.155506634712222258e-01 1.510394096374513273e-01 1.661162307858466969e-01
6.157814228534701506e-01 1.506054878234864836e-01 1.508091694116592274e-01
6.156515145301821867e-01 1.509600758552552824e-01 1.437758362293243275e-01
6.151590907573702971e-01 1.521727919578553800e-01 1.309435373544692860e-01
6.149191522598269621e-01 1.527533411979676847e-01 1.254838263988494740e-01
6.143778824806216399e-01 1.543568253517152433e-01 1.154324194788932667e-01
6.140404307842257658e-01 1.551167845726014738e-01 1.112782067060470170e-01
6.131892466545108000e-01 1.570480346679689054e-01 1.037310367822647239e-01
6.118808054924014250e-01 1.600647449493409757e-01 9.578809201717375377e-02
6.106063389778140227e-01 1.630613088607789640e-01 8.991091012954710582e-02
6.092695260047915617e-01 1.662542104721070890e-01 8.406047582626341441e-02
6.087457203865054289e-01 1.675440549850465421e-01 8.194886207580565074e-02
6.075827145576480071e-01 1.705070614814759855e-01 7.691048145294188121e-02
6.073398852348330657e-01 1.710854649543763761e-01 7.595704555511473277e-02
6.070479118824008147e-01 1.718045353889466886e-01 7.474921703338621715e-02
6.068088078498843352e-01 1.724005818367005949e-01 7.364745497703550914e-02
6.067819261550906340e-01 1.724718093872071867e-01 7.348868310451506236e-02
6.065924429893496672e-01 1.729384541511537199e-01 7.272443234920500377e-02
6.065722370147708098e-01 1.730002045631410246e-01 7.263939142227171519e-02
6.064113342761996428e-01 1.734194636344911222e-01 7.188834309577940562e-02
6.062323415279391448e-01 1.738527297973634367e-01 7.119505167007444957e-02
6.060144269466403166e-01 1.744038343429566984e-01 7.034076809883116344e-02
6.058494710922244231e-01 1.748810291290284757e-01 6.925365388393400767e-02
6.057025754451754729e-01 1.752640485763551359e-01 6.865979790687559703e-02
6.055087709426882903e-01 1.757851719856263761e-01 6.762190222740172008e-02
6.053624713420870940e-01 1.761474490165712004e-01 6.708942413330076793e-02
6.049839222431185881e-01 1.770872354507447843e-01 6.544859766960142711e-02
6.049306356906893889e-01 1.772758841514588957e-01 6.489877462387083629e-02
6.047456824779513518e-01 1.777533769607545500e-01 6.399238169193266490e-02
6.047671401500704924e-01 1.777422904968263273e-01 6.368020236492155650e-02
6.047991776466372649e-01 1.777571916580201750e-01 6.322528481483458140e-02
6.048751437664035002e-01 1.776397109031678800e-01 6.316115021705623334e-02
6.049411559104922453e-01 1.775759339332582121e-01 6.290321111679075816e-02
6.049030387401583830e-01 1.776974678039552336e-01 6.271116495132444957e-02
6.049789154529574553e-01 1.775992393493653898e-01 6.243875682353972056e-02
6.049818658828738371e-01 1.776262998580934171e-01 6.223897695541380504e-02
6.049978399276736418e-01 1.776276111602784757e-01 6.200926065444944957e-02
6.050874555110934416e-01 1.775091171264649992e-01 6.169003307819365123e-02
6.051047110557559172e-01 1.774982690811158781e-01 6.160725712776182750e-02
6.051544809341433684e-01 1.774178624153139872e-01 6.142979919910429576e-02
6.053505802154544035e-01 1.770474195480348234e-01 6.145523548126219371e-02
6.054260396957400481e-01 1.769254684448243742e-01 6.127129554748533824e-02
6.054993534088137785e-01 1.767868876457215910e-01 6.126846432685850719e-02
6.056228840351107756e-01 1.765711784362794523e-01 6.136640965938566783e-02
6.056922638416293303e-01 1.764331936836244230e-01 6.134854316711424449e-02
6.058023834228518645e-01 1.761418461799623136e-01 6.115613937377928355e-02
6.059317851066592375e-01 1.759013414382936125e-01 6.123833417892454722e-02
6.060416960716250578e-01 1.757525682449341264e-01 6.106691122055052379e-02
6.061091089248660246e-01 1.756692409515382414e-01 6.093829929828642467e-02
6.061833465099337737e-01 1.755360245704652433e-01 6.094181597232817271e-02
6.062242054939273039e-01 1.755071163177491789e-01 6.075514912605284312e-02
6.062895917892459074e-01 1.754003047943116789e-01 6.071287453174589732e-02
6.063211822509768645e-01 1.753485083580018644e-01 6.069828629493712047e-02
6.064484977722170989e-01 1.750737905502320890e-01 6.079977810382841685e-02
6.067401731014254729e-01 1.744026422500611906e-01 6.106299221515654185e-02
6.068449282646182219e-01 1.740710616111756925e-01 6.122472941875456431e-02
6.069989168643954436e-01 1.737540841102601652e-01 6.133271813392637828e-02
6.071430110931399504e-01 1.734784722328187589e-01 6.144234597682951549e-02
6.071673893928530852e-01 1.734343647956849699e-01 6.147728919982908824e-02
6.073672735691073576e-01 1.729979991912843351e-01 6.168669521808622935e-02
6.073061490058901946e-01 1.730456829071046476e-01 6.159453153610228160e-02
6.073626840114596526e-01 1.728294372558595304e-01 6.161639153957365611e-02
6.072937512397769133e-01 1.729987144470216398e-01 6.141236484050749400e-02
6.072091722488406340e-01 1.729125261306764250e-01 6.128585398197172740e-02
6.071351134777072112e-01 1.729627132415773039e-01 6.118546485900877574e-02
6.069712901115420500e-01 1.731374740600587492e-01 6.089593529701231578e-02
6.068991386890414397e-01 1.732745051383973722e-01 6.076474547386168101e-02
6.067694985866549651e-01 1.733513951301576261e-01 6.064224302768705943e-02
6.066895985603335539e-01 1.734474778175355558e-01 6.042797923088072398e-02
6.066599154472354094e-01 1.735076785087587004e-01 6.034024119377134898e-02
6.066793763637545744e-01 1.734981417655945268e-01 6.033630728721617320e-02
6.066648030281069914e-01 1.735648989677430754e-01 6.026296377182002728e-02
6.066424512863162199e-01 1.736277222633363371e-01 6.014806091785429576e-02
6.066591703891757170e-01 1.736175894737245207e-01 6.013734698295591929e-02
6.067311728000643889e-01 1.734911680221559171e-01 6.013445615768431285e-02
6.067650282382968108e-01 1.734188079833985929e-01 6.013460516929625133e-02
6.067422890663149992e-01 1.733810782432557707e-01 6.001956820487977518e-02
6.067458653450015227e-01 1.733776807785035734e-01 5.990527629852293590e-02
6.069061124324801604e-01 1.730528354644776945e-01 6.002822577953337291e-02
6.069550478458407561e-01 1.729556202888490324e-01 6.002225041389464000e-02
6.070727968215945403e-01 1.727263808250429911e-01 6.015923678874970926e-02
6.071517729759219328e-01 1.725536465644837980e-01 6.020353794097899058e-02
6.071751976013186614e-01 1.725006580352784757e-01 6.016299188137053111e-02
6.072049105167391936e-01 1.724353313446046476e-01 6.015794038772581676e-02
6.072082185745242278e-01 1.724356293678285246e-01 6.012722909450529674e-02
6.071583294868472258e-01 1.725259304046632414e-01 6.001590251922606090e-02
6.070956850051882903e-01 1.725563883781434660e-01 5.987784326076506236e-02
6.070808732509616057e-01 1.726059198379518156e-01 5.971454143524168590e-02
6.070487165451052824e-01 1.726840019226076883e-01 5.955223798751829722e-02
6.070561671257022063e-01 1.726888895034791593e-01 5.950471818447111705e-02
6.070328021049502532e-01 1.727536797523500089e-01 5.947834312915800670e-02
6.070114636421206633e-01 1.728297352790834074e-01 5.934730231761931041e-02
6.070215964317324797e-01 1.728129863739015226e-01 5.933831691741942027e-02
6.070313119888308684e-01 1.727841377258302336e-01 5.935590028762816051e-02
6.070484483242037932e-01 1.727087378501893644e-01 5.931499660015104869e-02
6.070439481735232512e-01 1.727593421936036711e-01 5.929268956184385875e-02
6.070356631278994719e-01 1.728657960891725187e-01 5.922828674316404918e-02
6.070371234416964690e-01 1.728926181793214445e-01 5.912388920783995250e-02
6.070089900493624846e-01 1.730572462081910734e-01 5.892159104347227672e-02
6.070592963695529143e-01 1.729714751243592863e-01 5.890613853931425670e-02
6.069567465782168547e-01 1.730861544609071379e-01 5.879281520843504527e-02
6.069262886047366301e-01 1.731175661087037687e-01 5.872157275676725963e-02
6.069463455677035491e-01 1.730851411819459562e-01 5.869329035282133677e-02
6.069744193553927580e-01 1.730307817459108000e-01 5.867616891860960582e-02
6.069307887554171721e-01 1.731057047843934660e-01 5.862119853496550181e-02
6.068772339820864836e-01 1.730888962745668058e-01 5.862180948257444957e-02
6.067723894119265715e-01 1.733301758766175871e-01 5.849333167076106732e-02
6.067490243911746184e-01 1.733825087547303800e-01 5.843272864818571666e-02
6.067421996593478362e-01 1.733902573585511808e-01 5.842961430549620250e-02
6.067923867702487151e-01 1.735846281051637296e-01 5.829368591308592418e-02
6.067902410030368010e-01 1.735389709472657804e-01 5.829908013343809703e-02
6.067703628540042082e-01 1.735349178314210539e-01 5.823832809925078013e-02
6.067899131774905364e-01 1.734747767448426847e-01 5.822612404823301890e-02
6.067958438396456877e-01 1.734633922576905851e-01 5.816465675830842508e-02
6.068831646442416350e-01 1.733908534049989347e-01 5.820761680603026011e-02
6.069702768325808684e-01 1.733810782432557707e-01 5.820848107337947552e-02
6.071016454696658293e-01 1.735418319702149992e-01 5.811217486858366588e-02
6.071474516391757170e-01 1.734518885612489347e-01 5.817280769348143199e-02
6.071655118465426604e-01 1.734058141708375578e-01 5.821016490459440806e-02
6.073213183879855315e-01 1.734011650085450773e-01 5.818395376205443004e-02
6.073861980438235442e-01 1.732019662857057218e-01 5.818806648254393199e-02
6.074099802970889250e-01 1.730254769325257902e-01 5.827443361282347301e-02
6.074381434917452971e-01 1.729698657989503507e-01 5.830320775508879283e-02
6.075273716449740569e-01 1.727375268936158781e-01 5.836516678333281138e-02
6.075108313560488860e-01 1.727180957794191007e-01 5.830915331840513804e-02
6.074633562564852873e-01 1.726885318756105070e-01 5.833338260650633433e-02
6.074430906772616545e-01 1.726982474327088957e-01 5.839163124561308482e-02
6.073836052417758147e-01 1.727857470512391691e-01 5.845229387283323863e-02
6.073088610172274748e-01 1.728916645050050382e-01 5.839024543762205699e-02
6.073425674438479582e-01 1.727705478668214445e-01 5.846427440643309215e-02
6.073408389091494719e-01 1.727653026580812101e-01 5.844655692577363504e-02
6.073805654048922698e-01 1.726683855056764250e-01 5.848805665969847301e-02
6.073896253108981291e-01 1.726375102996827726e-01 5.849903881549833873e-02
6.073636674880984465e-01 1.726880550384523039e-01 5.843317568302153209e-02
6.073418223857882658e-01 1.727360367774964933e-01 5.836303591728206341e-02
6.073702836036685149e-01 1.726668953895570402e-01 5.837012887001036265e-02
6.073560678958895842e-01 1.726963400840760832e-01 5.830988347530363658e-02
6.073515677452090422e-01 1.727217912673951750e-01 5.813984632492064097e-02
6.073684656620028655e-01 1.726938366889955168e-01 5.811436533927916148e-02
6.073993408679965178e-01 1.726380467414857511e-01 5.805723428726194957e-02
6.073928737640383879e-01 1.726555109024049406e-01 5.797407090663908580e-02
6.074944102764132658e-01 1.724408149719239836e-01 5.806496798992155650e-02
6.074651145935061614e-01 1.725063800811769132e-01 5.796948134899138072e-02
6.075216794013980071e-01 1.723840117454530363e-01 5.803415238857267955e-02
6.076315605640414397e-01 1.721488118171694559e-01 5.810009002685545543e-02
6.076332592964175383e-01 1.721482753753663664e-01 5.806659221649171365e-02
6.076898837089541594e-01 1.720324635505677824e-01 5.805133342742918590e-02
6.077019238471987883e-01 1.720111250877381925e-01 5.803364574909208873e-02
6.077111923694613616e-01 1.719994425773622160e-01 5.793003797531126597e-02
6.076751017570498625e-01 1.720839619636537199e-01 5.781060516834257701e-02
6.076584422588351408e-01 1.721206784248353605e-01 5.778628647327421763e-02
6.076506042480471770e-01 1.721383213996888761e-01 5.778463244438170054e-02
6.076446735858920256e-01 1.721504211425782804e-01 5.778512418270109752e-02
6.076333487033847014e-01 1.721732497215272550e-01 5.778583943843840220e-02
6.076260769367221037e-01 1.721867203712464933e-01 5.778768718242643931e-02
6.076236033439639250e-01 1.721896409988404875e-01 5.778922200202940562e-02
6.076205933094027678e-01 1.721935153007508879e-01 5.779217243194578746e-02
6.076191031932833830e-01 1.721888065338136320e-01 5.779996573925016978e-02
6.070570611953738371e-01 1.710563182830812101e-01 5.798961281776426890e-02
6.011793875694277922e-01 1.595266938209535246e-01 6.546184480190275767e-02
5.961813890933993498e-01 1.520131111145021086e-01 7.286906301975248912e-02
5.771459007263186614e-01 1.333942890167237882e-01 9.579959571361540416e-02
5.438048505783084074e-01 1.138183355331422453e-01 1.279710313677787648e-01
5.187740141153338591e-01 1.068218231201173429e-01 1.436007028818130360e-01
4.519333505630496184e-01 1.037260174751282182e-01 1.700564479827880726e-01
4.108320811390879790e-01 1.101964592933655229e-01 1.794018602371215410e-01
2.814963275194171111e-01 1.603751659393310991e-01 1.923176652193069325e-01
2.046792173385622859e-01 2.090965986251830389e-01 1.957239589095115528e-01
1.351407432556155641e-01 2.618349075317383257e-01 1.983849337697028981e-01
1.027829611301424584e-01 2.889695048332213689e-01 1.997594243288040305e-01
2.305516242980976127e-02 3.641638636589049072e-01 2.033297798037528858e-01
7.528924942018511146e-04 3.850989520549774059e-01 2.049963405728340016e-01
-3.678873538970928170e-02 4.181994378566740722e-01 2.088262742757797108e-01
-5.380934834480266549e-02 4.330985426902769775e-01 2.111668369174003468e-01
-6.881958603858928658e-02 4.457096636295317382e-01 2.136767363548278675e-01
-9.104285001754741646e-02 4.626188457012175292e-01 2.182910224795341358e-01
-1.080496644973752973e-01 4.762812733650205743e-01 2.219469776749610768e-01
-1.145746743679044721e-01 4.809288263320921075e-01 2.236988997459411488e-01
-1.245231664180753151e-01 4.874374151229856622e-01 2.266386380791663990e-01
-1.293614542484282093e-01 4.908257901668546808e-01 2.280012300610542164e-01
-1.341589725017545698e-01 4.941052675247190606e-01 2.297660565376281605e-01
-1.389842665195463733e-01 4.967432498931882989e-01 2.315755119919776783e-01
-1.412281727790831165e-01 4.970288455486295831e-01 2.328115856647491322e-01
-1.421916818618773615e-01 4.971037685871122491e-01 2.334302818775176869e-01
-1.425645089149473743e-01 4.970864236354826105e-01 2.340161210298538075e-01
-1.422075963020323353e-01 4.967366933822630060e-01 2.341053342819213734e-01
-1.421860492229460315e-01 4.961945295333860528e-01 2.343600919842719899e-01
-1.412822639942167835e-01 4.950363218784330499e-01 2.345935410261154042e-01
-1.405713593959806995e-01 4.941329240798948419e-01 2.348885393142700062e-01
-1.402583158016203480e-01 4.927260458469389093e-01 2.353553703427314625e-01
-1.398809587955472944e-01 4.921128928661345769e-01 2.354839599132537986e-01
-1.416426932811735706e-01 4.915240585803983819e-01 2.364436244964599476e-01
-1.425008809566496448e-01 4.915790438652036798e-01 2.365386119484901295e-01
-1.438062226772307550e-01 4.919839084148405206e-01 2.367680972814559526e-01
-1.453946864604948597e-01 4.926270723342893731e-01 2.371065697073936329e-01
-1.472939884662626819e-01 4.929036974906919610e-01 2.373405328392982350e-01
-1.484264469146727161e-01 4.927433311939237726e-01 2.373133009672164784e-01
-1.494362390041349964e-01 4.928305923938749444e-01 2.370281746983528004e-01
-1.511051392555235462e-01 4.940053403377531183e-01 2.363421028852462635e-01
-1.508525347709654407e-01 4.940706074237821710e-01 2.358166953921317921e-01
-1.515777742862700062e-01 4.942324638366697442e-01 2.352331212162971363e-01
-1.517413294315336780e-01 4.942640244960784246e-01 2.349209716916084156e-01
-1.515581345558165149e-01 4.943143606185911310e-01 2.345818883180618153e-01
-1.526070868968962269e-01 4.955431997776029718e-01 2.320360919833183155e-01
-1.529108619689940052e-01 4.957972049713132989e-01 2.319292655587196217e-01
-1.522626018524168567e-01 4.984866857528684747e-01 2.329774728417396135e-01
-1.419056987762449817e-01 5.058306336402891290e-01 2.361087656021118031e-01
-1.214716768264769153e-01 5.176254987716673028e-01 2.509047320485114918e-01
-1.116414999961851673e-01 5.220193445682523858e-01 2.619351527094840870e-01
-1.030424273014067804e-01 5.243978977203367364e-01 2.745612791180610524e-01
-9.538308143615709112e-02 5.252447903156278741e-01 2.874127930402755604e-01
-8.295059561729417608e-02 5.235626578330991876e-01 3.124117559194564686e-01
-7.833156347274761178e-02 5.217561006546020952e-01 3.233325412869453297e-01
-7.077229380607591436e-02 5.153669893741605890e-01 3.514805293083190785e-01
-6.981560945510850713e-02 5.125425338745115411e-01 3.599741166830062733e-01
-6.926709771156297490e-02 5.079761028289793146e-01 3.737633383274078236e-01
-6.950545668601976201e-02 5.040045857429502618e-01 3.855444347858428822e-01
-6.989032387733440377e-02 5.008793652057645929e-01 3.950751876831054554e-01
-6.992423892021165654e-02 4.995485126972197265e-01 3.992106771469116078e-01
-7.008350253105150029e-02 4.982888877391813964e-01 4.032014018297195301e-01
-7.066557168960557744e-02 4.969890594482420654e-01 4.096592074632644520e-01
-7.112220287322984502e-02 4.967790424823758655e-01 4.118215000629424916e-01
-7.153895854949937627e-02 4.966765224933623046e-01 4.137827610969543324e-01
-7.207849979400621221e-02 4.966288089752196044e-01 4.167004084587097035e-01
-7.231250762939439580e-02 4.968485713005064697e-01 4.176642304658889637e-01
-7.285619139671312139e-02 4.974110007286070556e-01 4.193322962522506581e-01
-7.301324963569627569e-02 4.975093483924864501e-01 4.198229318857192860e-01
-7.352307796478263491e-02 4.982194781303404540e-01 4.202003335952758656e-01
-7.372352838516221807e-02 4.985582113265989990e-01 4.205020821094512806e-01
-7.381683945655809209e-02 4.987472176551817626e-01 4.206672912836074696e-01
-7.408020257949815557e-02 4.991829276084898681e-01 4.212117052078246937e-01
-7.429066658020005987e-02 4.995013952255247802e-01 4.215791231393813954e-01
-7.439667344093309209e-02 4.997660398483275146e-01 4.218099570274352894e-01
-7.453123092651353643e-02 5.001847326755521905e-01 4.221530115604400502e-01
