7.043526196487575053e-01 -1.082281499405949865e-01 1.099683173898311495e-01
7.041970291762054135e-01 -1.097179746759830987e-01 1.104481489072561828e-01
7.039451819902896590e-01 -1.111580513475313725e-01 1.115050470839817898e-01
7.043620507435530698e-01 -1.082395595011114708e-01 1.097163991714045217e-01
7.041484664433748097e-01 -1.096860833168476490e-01 1.107753513596745343e-01
7.010649498106509281e-01 -1.096939333985522125e-01 1.097354421377843003e-01
7.037747878730267193e-01 -1.110270044790654942e-01 1.124495024536102949e-01
6.969852646083503078e-01 -1.021608584172055134e-01 1.388017901027820411e-01
7.039296750128596347e-01 -1.112046027782633284e-01 1.114878558655836294e-01
7.036714321636989844e-01 -1.125951005926914550e-01 1.127166963617998174e-01
7.040424125987618797e-01 -1.113505021034776887e-01 1.108472994080795804e-01
6.970202168861091563e-01 -1.022076373843252561e-01 1.385460233259379059e-01
6.969901350740641544e-01 -1.020817587409689753e-01 1.386457820781743511e-01
7.038760548231423053e-01 -1.111416141949966851e-01 1.117459981920383427e-01
7.041475347446410904e-01 -1.096634036673604928e-01 1.108184879736615613e-01
7.040789590890079719e-01 -1.096416174457445769e-01 1.111388829710999726e-01
7.038271147535264394e-01 -1.110167865842804358e-01 1.120636120711273609e-01
7.040600519860357176e-01 -1.095984327589720198e-01 1.110751741633175804e-01
7.040624145547240698e-01 -1.096238171662241023e-01 1.109287874285369568e-01
6.970042097145706661e-01 -1.021784642565324863e-01 1.384815413946933749e-01
7.040855924943059119e-01 -1.096967531705498322e-01 1.108283992803200668e-01
6.969492365470438822e-01 -1.021512905334085453e-01 1.386169843778162214e-01
7.036100943201080149e-01 -1.125234505993537582e-01 1.130069379455176382e-01
7.038726130316406149e-01 -1.110994052412658806e-01 1.116282400249659634e-01
7.041403477503000996e-01 -1.097068070400133988e-01 1.106395420439654220e-01
7.042145293212771495e-01 -1.079914135651439122e-01 1.106056169276909973e-01
7.041334771827906236e-01 -1.060725892353802657e-01 1.111764809136777110e-01
6.977626610657334805e-01 -9.614625048203018221e-02 1.357855472706070987e-01
7.046800685463041614e-01 -1.049810618893429748e-01 1.088724640941254318e-01
7.049225681463777704e-01 -1.035428104508295255e-01 1.080035128223053587e-01
7.048589115895689261e-01 -1.035043834572806909e-01 1.081946810124627678e-01
7.044910862612485669e-01 -1.047653331703841117e-01 1.096282414223106461e-01
7.007603944301545873e-01 -9.611082368110118734e-02 1.367956248506292383e-01
6.940726259843319479e-01 -8.759924093579496418e-02 1.627300294163220862e-01
7.009949939905166794e-01 -9.468277544773368026e-02 1.360645272535794259e-01
7.050547172519505690e-01 -1.020057025683447360e-01 1.075630874128317149e-01
7.009940248986273881e-01 -9.469240401500456095e-02 1.360304525945619236e-01
6.940748565645158408e-01 -8.756685637395084099e-02 1.627727679819868101e-01
6.980238060052633697e-01 -9.301755856642118792e-02 1.351437361171274887e-01
7.009081619434505139e-01 -9.460636941238487196e-02 1.365108987687222442e-01
7.009142041660725297e-01 -9.461116714359812940e-02 1.365093664644196902e-01
7.008565971021234464e-01 -9.448632869540896095e-02 1.369257607665097520e-01
6.978457970994234039e-01 -9.447869719127566235e-02 1.359099381364783365e-01
6.969767654188543382e-01 -1.003614523162841832e-01 1.388123020706251154e-01
7.012755531391947628e-01 -1.065067869525178623e-01 1.088691445194385210e-01
6.970900718031823873e-01 -1.005797165577039243e-01 1.381798432891017114e-01
6.968952824465006746e-01 -1.019670306224450540e-01 1.390796711010358067e-01
6.968423387515872980e-01 -1.019103233107253592e-01 1.392333069375806254e-01
6.905591895360470023e-01 -9.031696834804114893e-02 1.639357956753240142e-01
6.906281534888536466e-01 -8.873453879879411588e-02 1.636780046945840450e-01
6.971364920124113462e-01 -9.889884527520836910e-02 1.383470052309736520e-01
6.901314808578937754e-01 -9.312242922764268904e-02 1.655687373810461605e-01
6.971609842028230197e-01 -9.893804423071439480e-02 1.381220204048543287e-01
6.902399170750379565e-01 -9.328423500573629346e-02 1.649249448860645728e-01
6.971047410656452392e-01 -1.005446628573834489e-01 1.383132675595193373e-01
6.968251467855334225e-01 -1.019234299004823097e-01 1.394235528012142122e-01
6.929223882383286348e-01 -9.635660997237266434e-02 1.669681348896574491e-01
6.968575896378159662e-01 -1.018737725143208928e-01 1.392842016251765180e-01
6.938518479303806830e-01 -1.002121856600418637e-01 1.382031729930466302e-01
7.009262230241238845e-01 -1.078330037189349500e-01 1.101547870752817015e-01
6.938645520312547443e-01 -1.003213027590587614e-01 1.381948072820295970e-01
6.940222876913130223e-01 -9.877058471537381035e-02 1.374907797940871923e-01
6.940633374925017085e-01 -9.884418651398269029e-02 1.373558983450149373e-01
6.967888967072040085e-01 -1.019230704096555362e-01 1.393037279217494984e-01
6.899839306144058826e-01 -9.466642260102925421e-02 1.658814526663645594e-01
6.938379632843256761e-01 -1.019890580122098100e-01 1.379112523551502267e-01
6.979123434934139114e-01 -1.078830608607083685e-01 1.088500267009182565e-01
6.939962386933415939e-01 -1.005571456773504679e-01 1.372690138380550096e-01
7.009217740010529329e-01 -1.095383288494422569e-01 1.101586851486926477e-01
7.010356589521049564e-01 -1.079608639392032887e-01 1.097302797441266353e-01
6.898973530770182716e-01 -9.467348778820033894e-02 1.662245686130940925e-01
6.928030006476342262e-01 -9.447170855974401649e-02 1.678537706322289491e-01
6.929186798005982917e-01 -9.633994798975803464e-02 1.671278709394958817e-01
6.930252442986309935e-01 -9.478697879794978354e-02 1.666840996952525522e-01
6.930487980930566394e-01 -9.301900723328437870e-02 1.668745837951757238e-01
6.999098991140514370e-01 -1.001238230032920340e-01 1.405292869196845817e-01
6.965760096015811698e-01 -9.039539870350810080e-02 1.654653453978665034e-01
6.969327971970618041e-01 -8.904469139428433655e-02 1.643217780923440507e-01
7.045943561561405222e-01 -9.186355549894270611e-02 1.348534197157904568e-01
7.046278752742767271e-01 -1.091254664425999055e-01 4.100467654650041816e-02
6.930051885780572629e-01 -1.426625686448066976e-01 -1.551036216109678012e-01
6.414767530788987315e-01 -1.265889224946349367e-01 -2.624110918542923443e-01
5.390245841424524675e-01 -4.855743807387352673e-02 -1.273049034912319133e-01
4.902923008743986233e-01 1.621992091549939730e-02 -3.640881674885076968e-02
4.414437479224860295e-01 8.657468581905963800e-02 -5.848911632633235769e-03
4.170090815085410463e-01 1.319267957018613879e-01 3.443526780503969320e-02
4.051337631261393568e-01 1.737795922853499486e-01 1.575510718088664053e-01
4.012756368086903835e-01 1.825711101963818361e-01 1.281382553268863855e-01
3.921495816792816003e-01 1.889682621635497273e-01 7.072176176054023600e-02
3.888793851597069917e-01 1.986713722673655313e-01 1.493319436229467723e-01
3.871540502302049935e-01 2.002590129576922173e-01 1.211233386474193097e-01
3.862083661149859348e-01 2.033050327730179796e-01 1.474062165156302395e-01
3.861053994232087616e-01 2.032112816245258413e-01 1.459111711713834136e-01
3.685205853099704498e-01 1.951005759530067829e-01 6.312594318097941581e-03
3.117854725048303521e-01 2.090991820303798043e-01 -3.528639802448152452e-02
2.125919517827927763e-01 2.746340652021169171e-01 1.175124420929520852e-01
1.297379400427102203e-01 3.229021932501793257e-01 1.007237634480595556e-01
1.088171332148671344e-01 3.551921928597688849e-01 3.359103859983143536e-01
4.953299999999999925e-01 2.731419999999999959e-01 1.578349999999999920e+00
-2.067455310059784779e-02 4.255868873896598292e-01 1.488779792514740574e-01
4.953299999999999925e-01 2.731419999999999959e-01 1.578349999999999920e+00
4.953299999999999925e-01 2.731419999999999959e-01 1.578349999999999920e+00
4.953299999999999925e-01 2.731419999999999959e-01 1.578349999999999920e+00
2.218443790707591567e-02 4.242107236012220839e-01 3.168047632744908082e-01
1.466971913825213525e-01 3.641897695998548845e-01 6.017127369093685507e-01
1.825473616966903356e-01 2.998635518810153222e-01 5.017059546338824561e-01
3.146587077006905986e-01 2.144882775544226239e-01 6.668912467169835212e-01
4.953299999999999925e-01 2.731419999999999959e-01 1.578349999999999920e+00
4.347251375901296511e-01 1.373604768712073931e-01 6.831560425759963806e-01
5.075707208949989946e-01 6.532387662039185194e-02 5.231871215477756909e-01
5.839388179006889112e-01 1.402919773899768963e-02 4.669327070119946299e-01
6.729562765673369196e-01 -4.771264080294962406e-02 3.131748457533254371e-01
7.304885158333271900e-01 -9.148176850984990338e-02 1.730227816424965148e-01
7.387882964578121880e-01 -9.938871597843612626e-02 1.441826745267085208e-01
7.450532440891191044e-01 -1.172019234331808102e-01 1.223638856318916002e-01
7.344698883065552408e-01 -1.101242216692864817e-01 1.470979487042143319e-01
7.386452537323966450e-01 -1.170691801128498910e-01 1.209901673417326240e-01
7.309835687541559324e-01 -1.094553905899486868e-01 1.478857893410963076e-01
7.318112518632083896e-01 -1.019206150366440133e-01 1.446846407248651989e-01
7.324761291579574563e-01 -9.756955925983185063e-02 1.420520539728507003e-01
7.298696163783162660e-01 -9.293687479928874895e-02 1.397333586903102276e-01
7.268296586248069735e-01 -9.098529138155275753e-02 1.392989747371911058e-01
7.197573562286256887e-01 -8.095305389945200991e-02 1.648798001219287102e-01
7.198053079303146085e-01 -7.936288165249666404e-02 1.650011145195637852e-01
7.197766408078372091e-01 -7.936178298655893748e-02 1.650803024376681361e-01
7.272729466816753030e-01 -8.644876013258095959e-02 1.379139123885406715e-01
7.229328078130692337e-01 -7.970775971757615430e-02 1.649850589831940439e-01
7.229331236446976394e-01 -8.125848863505569231e-02 1.648437641935296405e-01
7.230258490719259079e-01 -8.136433877404780635e-02 1.643775830758817946e-01
7.305269560232430237e-01 -8.837686657336352170e-02 1.376844248426420947e-01
7.230345132461101221e-01 -8.141695398244258586e-02 1.644748247883842662e-01
7.304629950845836772e-01 -8.842075465016813185e-02 1.379349160666116791e-01
7.304108081315606738e-01 -8.831163539262110174e-02 1.381699570333689842e-01
7.304843660670101713e-01 -8.844650080057975261e-02 1.376925776653945555e-01
7.304457995909661161e-01 -8.843766223885857203e-02 1.380117088787042867e-01
7.304858869160592016e-01 -8.843072724875805646e-02 1.378656533234714487e-01
7.304491567554861620e-01 -8.841976945278789968e-02 1.377889005928254473e-01
7.304800139034927087e-01 -8.836489967996630224e-02 1.379831833603046842e-01
7.304532278689265246e-01 -8.836033862721170973e-02 1.381835758271878767e-01
7.305219858321875259e-01 -8.842409427896141816e-02 1.378846648042038048e-01
7.304666898122788021e-01 -8.837250751180947272e-02 1.377819444598720189e-01
7.304472127470851284e-01 -8.836131601831315185e-02 1.379626476060598073e-01
7.303968111524313800e-01 -8.831075882130856591e-02 1.382471295355007790e-01
7.304719736879438097e-01 -8.838259503217038571e-02 1.378422323046177844e-01
7.303999504609912652e-01 -8.837268175172807716e-02 1.381096434225603797e-01
7.304669316936641676e-01 -8.834001778163008689e-02 1.380418823135671769e-01
7.305098517790674650e-01 -8.843681075433640348e-02 1.377159314555429503e-01
7.304605418199032751e-01 -8.841181942372022817e-02 1.378763031159937480e-01
7.303880276502430213e-01 -8.827056863506133055e-02 1.382141337970568262e-01
7.305177650822192170e-01 -8.844599478337911158e-02 1.375924627590217053e-01
7.305049610335320187e-01 -8.841690189208090134e-02 1.377118946016280265e-01
7.304689697963804296e-01 -8.838337046387789719e-02 1.379306139999523229e-01
7.303657153170406424e-01 -8.829938851585233950e-02 1.383035274917967516e-01
7.304604626912712950e-01 -8.836993239452684001e-02 1.378545946138300948e-01
7.303953160822957980e-01 -8.834128244301675537e-02 1.381711619290069137e-01
7.304575288698226254e-01 -8.833589551063619760e-02 1.379019410076194330e-01
7.303763664814590939e-01 -8.820654651580744909e-02 1.382460656293587054e-01
7.303851686005174981e-01 -8.823607961565255176e-02 1.383112506995647362e-01
7.304411306589961850e-01 -8.827325780928130250e-02 1.379821565206824641e-01
7.306486360407561387e-01 -8.861025063171235061e-02 1.371152261457642130e-01
7.305364912780404341e-01 -8.845576414915917729e-02 1.375820462315409110e-01
7.305387214569359910e-01 -8.846863471275562274e-02 1.375190913310959662e-01
7.305467337588041898e-01 -8.845657816632829240e-02 1.376547758751653916e-01
7.305221043779313028e-01 -8.835207253808524674e-02 1.377130277626894550e-01
7.305476699242532401e-01 -8.842468542800091535e-02 1.375555005216351212e-01
7.305104573700904602e-01 -8.839674630796162669e-02 1.377270734409814512e-01
7.305559260126411880e-01 -8.846821963527051746e-02 1.375575381003149023e-01
7.304818872179359435e-01 -8.840183257747441514e-02 1.378620267898953422e-01
7.306077898379206292e-01 -8.847962292671940343e-02 1.374714202044302613e-01
7.304393398401677340e-01 -8.835381761261068556e-02 1.380259355362065676e-01
7.303805688216835623e-01 -8.823102886821326818e-02 1.383197562122284729e-01
7.303445779852717479e-01 -8.819738396643100886e-02 1.384906516173183277e-01
7.304689970012963052e-01 -8.829796565074471415e-02 1.378593397110066121e-01
7.304058702050357788e-01 -8.821655969180908219e-02 1.381796650806597082e-01
7.304597155606955550e-01 -8.830138776680074297e-02 1.378446899895808819e-01
7.304451744235903599e-01 -8.832170952254531082e-02 1.381303797316564275e-01
7.304900379923194853e-01 -8.835727628015727086e-02 1.378840682816198093e-01
7.304688062674313809e-01 -8.833010097078980438e-02 1.379263257438152479e-01
7.306189898320465392e-01 -8.850650020533795681e-02 1.371841714406685231e-01
7.305110026537030565e-01 -8.833133767892414889e-02 1.376825759256747883e-01
7.303379911516576506e-01 -8.819606234734500561e-02 1.384522462063095816e-01
7.304777787238657671e-01 -8.836463931840654595e-02 1.378178704506962671e-01
7.304381730599522893e-01 -8.827896332857754214e-02 1.380476669878207829e-01
7.304132930661111356e-01 -8.822767549425358791e-02 1.380258441052211182e-01
7.304888194086939235e-01 -8.832836720804870811e-02 1.378306731503038396e-01
7.305304099516362060e-01 -8.834131519936022636e-02 1.377187751552224615e-01
7.304017745148480012e-01 -8.827222435013948321e-02 1.381748382680636489e-01
7.304639166926145677e-01 -8.830211970926071796e-02 1.378962696038714686e-01
7.230120442387431012e-01 -8.132718344438077951e-02 1.645788094591302819e-01
7.304367815393746355e-01 -8.825412769054613582e-02 1.380768817791260261e-01
7.303944854623257710e-01 -8.822536858658491798e-02 1.381346073991938095e-01
7.304366033427178717e-01 -8.831359696174406748e-02 1.378903155214152854e-01
7.305424047993928083e-01 -8.844942251797760502e-02 1.374013928704194143e-01
7.229499105211942833e-01 -8.117488337884842808e-02 1.649098387353777895e-01
7.304253764237791380e-01 -8.826737037647519601e-02 1.380143758218832506e-01
7.303774021339207723e-01 -8.822042763012644118e-02 1.382908245105818335e-01
7.230258307791024297e-01 -8.129411787304280379e-02 1.645377752155465778e-01
7.230190651660919343e-01 -8.132972326690701692e-02 1.645693814457944715e-01
7.304483808388858579e-01 -8.832726692631093224e-02 1.377730068982174760e-01
7.229861243476063404e-01 -8.132738235090669621e-02 1.646858927837582254e-01
7.229912564805089925e-01 -8.131346585102378066e-02 1.645998864350155522e-01
7.228944228798955818e-01 -8.120482401166112529e-02 1.649164916903682609e-01
7.271654507552027802e-01 -8.790964222295583053e-02 1.382338423390492288e-01
7.198887535178333241e-01 -7.945302841398116378e-02 1.645652480501875736e-01
7.229319414683132994e-01 -7.960015979165580013e-02 1.649870622250981800e-01
7.230347602659493722e-01 -7.977789921189848421e-02 1.645166394243955388e-01
7.274902275969803433e-01 -8.660217646538465042e-02 1.371750341292059527e-01
7.230476246916294203e-01 -7.977801467946910030e-02 1.644751967084967514e-01
7.273604211712985101e-01 -8.646635148186976316e-02 1.375221433705089424e-01
7.273173494053095656e-01 -8.644012606920298269e-02 1.378722529446452238e-01
7.231074245246469356e-01 -7.978357571586963681e-02 1.642995810738265838e-01
7.305331283614486804e-01 -8.831783683656152517e-02 1.374801287327584998e-01
7.230615430781662800e-01 -7.983235060854998455e-02 1.643661788626020748e-01
7.230388818551599650e-01 -8.133475525506583814e-02 1.643545324143238506e-01
7.230833323510468258e-01 -7.978086312622578724e-02 1.643070820343812688e-01
7.351554244344173927e-01 -9.382755716088408970e-02 1.094813734475077460e-01
7.228975623296141073e-01 -8.118266564397508267e-02 1.649142056604042672e-01
7.304141833293169572e-01 -8.821102678663278462e-02 1.381096406754771522e-01
7.230799142354190634e-01 -7.980587678010758745e-02 1.642958146139159581e-01
7.306015519326864993e-01 -8.681708644126351349e-02 1.373261941879850845e-01
7.351097739001244413e-01 -9.537419196087121298e-02 1.095351323257012233e-01
7.231381185241549936e-01 -7.983561784508819148e-02 1.642422090672031043e-01
7.350545075538634787e-01 -9.535039039154347140e-02 1.097091538806005406e-01
7.230242944275795391e-01 -8.129805577138810024e-02 1.644659751529746750e-01
7.273523481142460945e-01 -8.808605397689339700e-02 1.375909193012325726e-01
7.350771846760868478e-01 -9.541986874297259114e-02 1.094517292328387459e-01
7.350057137197911761e-01 -9.535544221163538836e-02 1.099114942057930477e-01
7.230215146274059368e-01 -8.130835546275222425e-02 1.644192354720852567e-01
7.304544814304561040e-01 -8.832377757585047062e-02 1.377744190720899820e-01
7.231304140722840668e-01 -7.985998036130514954e-02 1.641921039366445179e-01
7.349754760408312437e-01 -9.527664044222233786e-02 1.100239917126639710e-01
7.303590303571014797e-01 -8.815273089433456333e-02 1.383615170353538204e-01
7.230511532957196730e-01 -7.977058307010675975e-02 1.644391063346974935e-01
7.229812304530620626e-01 -8.124912091890718058e-02 1.644973689891777724e-01
7.230098736353933742e-01 -7.974704050789771514e-02 1.647152292069360424e-01
7.350551280977755120e-01 -9.535291835859416310e-02 1.096829166439396985e-01
7.231139390034347914e-01 -7.982064307337249920e-02 1.643230832920572482e-01
7.230892667936832385e-01 -7.984069203916188684e-02 1.643887347680077493e-01
7.229554508987605654e-01 -8.125088984371720002e-02 1.647250398424937590e-01
7.303635649693102083e-01 -8.821769422105696368e-02 1.383172315875775826e-01
7.230525597871004795e-01 -7.976254775157565202e-02 1.645937752931774245e-01
7.230519700328738031e-01 -8.137886691041290588e-02 1.643403090498567476e-01
7.304652772676110128e-01 -8.833236536307631503e-02 1.378397439428908910e-01
7.304659610694795857e-01 -8.829820392774045956e-02 1.377189832972376404e-01
7.230585097828239327e-01 -8.135570654857160466e-02 1.643144165191099404e-01
7.304973877404182803e-01 -8.832338084059954131e-02 1.376892923680588243e-01
7.304590277371436624e-01 -8.829451974679525250e-02 1.377313127084851541e-01
7.304687115633576866e-01 -8.833936062837394187e-02 1.377182690940417231e-01
7.230533322704404409e-01 -8.132714364118870387e-02 1.643444689875810383e-01
7.272564282187521378e-01 -8.802163033623244814e-02 1.379287537632190030e-01
7.304979816837490203e-01 -8.836759519171710764e-02 1.376390153253166382e-01
7.350015807439237436e-01 -9.531407201410085905e-02 1.099280794773764836e-01
7.231288307800143311e-01 -7.985139817334713230e-02 1.642762268200665954e-01
7.304371192251980505e-01 -8.824801633244006016e-02 1.378854139094805031e-01
7.230315678853184158e-01 -8.128854657930134620e-02 1.644886071907534220e-01
7.230522465231150608e-01 -8.130536054345222086e-02 1.643347443040510392e-01
7.231618558527141971e-01 -7.990434312099964353e-02 1.640402794541244713e-01
7.303832914815455712e-01 -8.821587870083003047e-02 1.381605489500916661e-01
7.304785203355490530e-01 -8.829641444845492959e-02 1.376964136129035232e-01
7.350260036366134120e-01 -9.532085613505536514e-02 1.098421488302976368e-01
7.230947557312279450e-01 -7.974750203203406773e-02 1.644512092691801097e-01
7.349912176983058876e-01 -9.530425810327375347e-02 1.099846854227131132e-01
7.230298602513670625e-01 -8.127679316039382318e-02 1.645081473518832382e-01
7.230214879741937439e-01 -8.129336899201572431e-02 1.645817773624032032e-01
7.230273752650290264e-01 -8.135601120802754549e-02 1.644339931373521857e-01
7.230629316899388481e-01 -7.978172568203506509e-02 1.644963558666854286e-01
7.229885831423520370e-01 -8.120279856361445336e-02 1.646944203328593037e-01
7.305077971837967699e-01 -8.830513871141520976e-02 1.377120363250039503e-01
7.305148042812943388e-01 -8.832500778774166061e-02 1.376677785899302897e-01
7.305576220128506826e-01 -8.837034433625634566e-02 1.376376335940718842e-01
7.304718129865079845e-01 -8.827709009765832837e-02 1.378449270995103504e-01
7.230537142075121881e-01 -7.977191182787707335e-02 1.644332952310518792e-01
7.304233442431002921e-01 -8.822545526672148641e-02 1.380355099482304393e-01
7.303902482586264178e-01 -8.820874457105248867e-02 1.381440571719623200e-01
7.305353664682119330e-01 -8.838488663948323998e-02 1.374564106319884349e-01
7.230778214216172506e-01 -7.981527094844731440e-02 1.644565527510695180e-01
7.304178101424991798e-01 -8.824079543161389427e-02 1.379822259274632312e-01
7.304684324592322087e-01 -8.826485079463564087e-02 1.378183922163744857e-01
7.304204357254981961e-01 -8.820154864268003880e-02 1.381162248563483352e-01
7.304938469069450768e-01 -8.837669131238751197e-02 1.377264358368666120e-01
7.230329722473949339e-01 -8.126926951302587687e-02 1.644349823325546023e-01
7.305074974092424789e-01 -8.834098752310870495e-02 1.376624580329597336e-01
7.304706710024208016e-01 -8.833829273526366821e-02 1.376646326715349478e-01
7.304854182218938341e-01 -8.830278506080058154e-02 1.376692504871883660e-01
7.305389356848687177e-01 -8.836954326835272377e-02 1.375316730222655437e-01
7.304056183279633574e-01 -8.826066694967449333e-02 1.381765334822313562e-01
7.306063767220616345e-01 -8.848860796640806159e-02 1.374181521647288573e-01
7.305128542262018243e-01 -8.837687562506646444e-02 1.377556619800963666e-01
7.306196897750883990e-01 -8.847986255589873617e-02 1.372582253698682031e-01
7.305094009342729677e-01 -8.837938324350114172e-02 1.376882881342500475e-01
7.305272658896744264e-01 -8.835060164753344436e-02 1.377199244748705809e-01
7.303889390500932777e-01 -8.825320324088631319e-02 1.381699172079144944e-01
7.304073044867336328e-01 -8.832463329740614100e-02 1.380882557137319555e-01
7.382482546371698096e-01 -9.562281728103011469e-02 1.100529834956625042e-01
7.308288497885674362e-01 -8.698457900717854185e-02 1.367346446610047117e-01
7.305518478014320083e-01 -8.837750734622773496e-02 1.377125491349191488e-01
7.304649154682874013e-01 -8.835804583720857641e-02 1.379069589642838434e-01
7.306615428621381358e-01 -8.847786757478859343e-02 1.371903245142407357e-01
7.306002288279414003e-01 -8.841323137613382732e-02 1.375356912207701399e-01
7.305616124148904822e-01 -8.836864714609082849e-02 1.375886465747282461e-01
7.304942127265126040e-01 -8.830541402909153348e-02 1.376770155546651608e-01
7.305998805097818627e-01 -8.838377892923349188e-02 1.375242629038453401e-01
7.306595504228651228e-01 -8.844354934986681238e-02 1.372094390269107400e-01
7.382057313514530650e-01 -9.554022857388105860e-02 1.103018882287685187e-01
7.381920146417140227e-01 -9.553824592137333260e-02 1.103371434378623839e-01
7.306056115346879487e-01 -8.838540905699127093e-02 1.374245574059262953e-01
7.307153740339278336e-01 -8.688759244751181887e-02 1.373069277828580237e-01
7.382377864652037713e-01 -9.557204222303627983e-02 1.100971467115996472e-01
7.306234541029125173e-01 -8.836156313630938453e-02 1.374118354633078187e-01
7.304970856936663370e-01 -8.826589093174785905e-02 1.379511090632161707e-01
7.306981249042212578e-01 -8.849912012281269114e-02 1.371033889865704847e-01
7.305731558816312976e-01 -8.830745469757911303e-02 1.376564550814360910e-01
7.305750958700597542e-01 -8.831859360592808628e-02 1.376048868207611076e-01
7.306162797796695862e-01 -8.838243522409344743e-02 1.375141697972004362e-01
7.306368649202108490e-01 -8.840090844444181695e-02 1.373822442079744022e-01
7.305285215572655533e-01 -8.831740023694184538e-02 1.378327101286342948e-01
7.304896513964653781e-01 -8.825747052665794401e-02 1.380684868376411689e-01
7.305698939238131073e-01 -8.834912916512788206e-02 1.377610905092552240e-01
7.305214747274696441e-01 -8.826310386358199311e-02 1.379369335102840211e-01
7.306183365927427786e-01 -8.837492274907227108e-02 1.375078178853466060e-01
7.381025718256145618e-01 -9.538382325723765431e-02 1.108795979106589336e-01
7.305635952072799810e-01 -8.835395202250773128e-02 1.377678191620246295e-01
7.305197897979587296e-01 -8.830675117959824183e-02 1.379283647484088604e-01
7.381475569891721156e-01 -9.543749136617779572e-02 1.106078046577438911e-01
7.381662175555527838e-01 -9.542703632066396047e-02 1.105758607017330863e-01
7.306035244381725580e-01 -8.834739565100518943e-02 1.376729935064917587e-01
7.305776302663177235e-01 -8.677405260065945702e-02 1.375098822453864056e-01
7.231412583033293151e-01 -7.983149643010645224e-02 1.641033999259151610e-01
7.306267086428761548e-01 -8.843045730105786317e-02 1.371620013524554871e-01
7.305740899558543777e-01 -8.834873307292906430e-02 1.376847926042263914e-01
7.304369887561857899e-01 -8.820778710192439531e-02 1.381485672111599783e-01
7.306564095276236737e-01 -8.836038840982313181e-02 1.373958872413130194e-01
7.261568974949896838e-01 -8.149251478764413248e-02 1.646938848059951166e-01
7.305286117427766124e-01 -8.824026747775826074e-02 1.379564529723962263e-01
7.305196184571891571e-01 -8.829042341226334134e-02 1.378681255883471568e-01
7.305233990118383813e-01 -8.669686952617761122e-02 1.380305652879150191e-01
7.305286826556622870e-01 -8.829533986885840235e-02 1.378886127835170505e-01
7.305072931946278159e-01 -8.828629502321777567e-02 1.378735336730225747e-01
7.305688785842030519e-01 -8.834493909001350787e-02 1.376991945588990074e-01
7.305876728099436335e-01 -8.837785451149199334e-02 1.375262212498478132e-01
7.305844029774367643e-01 -8.836270147061348057e-02 1.374320862838118718e-01
7.306201910449265924e-01 -8.834308190630374424e-02 1.374775928220168808e-01
7.306490134601831832e-01 -8.844159632316228592e-02 1.372053119390934661e-01
7.381656605435639174e-01 -9.541068036707489597e-02 1.105947747777036305e-01
7.382080353278397400e-01 -9.549739260186251855e-02 1.103200633122907171e-01
7.381099151823460325e-01 -9.539141064096240408e-02 1.108472074111064298e-01
7.382048653485178136e-01 -9.549823362285642103e-02 1.104690994473449539e-01
7.382264801047117020e-01 -9.550739725442231043e-02 1.104028266328394015e-01
7.381260282495916147e-01 -9.541568416144696752e-02 1.108098372300927448e-01
7.381497697801262525e-01 -9.539626019230479370e-02 1.107599139654442677e-01
7.381937721579044931e-01 -9.553603899527335352e-02 1.104415214482521446e-01
7.382502868185401024e-01 -9.549133209384974563e-02 1.103439326191708592e-01
7.382109714453667371e-01 -9.548141263427589731e-02 1.105302579802831531e-01
7.382461564197599913e-01 -9.550766295971718778e-02 1.102970938155418690e-01
7.382567268883912792e-01 -9.552191200200466081e-02 1.102779964349933639e-01
7.382253265850305946e-01 -9.552282338207956913e-02 1.103345064019143340e-01
7.381491522234260305e-01 -9.542222355309870618e-02 1.106133085433833596e-01
7.381574418720097119e-01 -9.539631191736458460e-02 1.106985625346168511e-01
7.382390030741333709e-01 -9.550507024287430147e-02 1.103794939486451021e-01
7.382165543323755408e-01 -9.550433723750706427e-02 1.103997594559162909e-01
7.381951273430734650e-01 -9.548430586803696718e-02 1.105263221617049929e-01
7.382508619561314323e-01 -9.554770895393932539e-02 1.103188056680777240e-01
7.383033261936574609e-01 -9.556233448205880832e-02 1.099747112540214733e-01
7.381627199142575257e-01 -9.542187090785053671e-02 1.106647334449641917e-01
7.337828699800997834e-01 -8.858980644312497432e-02 1.377703283122286848e-01
7.339304604375750385e-01 -8.875616020622845159e-02 1.371589515871447507e-01
7.337916569097786557e-01 -8.871391472408918233e-02 1.376731431822455498e-01
7.379940100145846449e-01 -9.691847186740482067e-02 1.114588242834977372e-01
7.303911672409564293e-01 -8.827965648932001308e-02 1.381311382608003679e-01
7.228608812241732462e-01 -8.126320062074804396e-02 1.649759515827766698e-01
7.269176506006360672e-01 -8.939755368614193953e-02 1.392504640692771023e-01
7.270327150060743593e-01 -8.957765252444888082e-02 1.385910085148880366e-01
7.124446512938231724e-01 -7.402894656103842230e-02 1.913671176267428553e-01
7.124702912163556334e-01 -7.251255445729198890e-02 1.911965309520529122e-01
7.166586144882858278e-01 -7.924347883745280763e-02 1.642265179782635975e-01
7.137864911561428993e-01 -7.924536696188150264e-02 1.631314956691072293e-01
7.096048044626832585e-01 -7.248706334561855202e-02 1.900256933792583425e-01
7.097481080005139109e-01 -7.267402781746529206e-02 1.894011153975971862e-01
7.137738148968457708e-01 -7.920010811405625573e-02 1.632423543164915891e-01
7.096820041007936286e-01 -7.255955382475998139e-02 1.896001055459728413e-01
7.098530417193978925e-01 -7.118920471471551492e-02 1.889547873670087696e-01
7.140132391941129697e-01 -7.790622531571239628e-02 1.619320613861805480e-01
7.182411354010551641e-01 -8.468254984200002111e-02 1.345000467852577319e-01
7.182061724636048528e-01 -8.467325363330541199e-02 1.346275163955270582e-01
7.181978318864196131e-01 -8.474635407800967801e-02 1.342762991886465862e-01
7.178729977491378200e-01 -8.595089959834517623e-02 1.357822260283005900e-01
7.181952318655252521e-01 -8.471884114789218767e-02 1.342899679086930753e-01
7.179207728580951908e-01 -8.607325148706884699e-02 1.354197284392899547e-01
7.178909128830700537e-01 -8.595120790392901666e-02 1.357105870011396931e-01
7.225151632485836695e-01 -9.167254618119446974e-02 1.063408574741355750e-01
7.222073787209689621e-01 -9.300989618974925266e-02 1.076035226226119690e-01
7.181035729426801240e-01 -8.462517940929525917e-02 1.347091857237994184e-01
7.179821765663653155e-01 -8.609772415859995309e-02 1.352244100418151795e-01
7.178912784123927526e-01 -8.601884417588256948e-02 1.355563648578115288e-01
7.179755686046987995e-01 -8.610453972727055705e-02 1.352762597874177519e-01
7.177577450940757497e-01 -8.580491274602713991e-02 1.363531024644730749e-01
7.179271791816115300e-01 -8.604542314939195302e-02 1.354891470867289893e-01
7.178709288389145682e-01 -8.599192486330858864e-02 1.357171265282868244e-01
7.178355925346464605e-01 -8.593731136596194364e-02 1.358202299715325356e-01
7.109289983058661999e-01 -7.764958493747559087e-02 1.616916032361233047e-01
7.109851827479690689e-01 -7.776579863049082331e-02 1.613458594022540993e-01
7.178110275112211669e-01 -8.587274872993672092e-02 1.360607041963255437e-01
7.109258998132705898e-01 -7.925502447351812085e-02 1.614176523174433164e-01
7.112061542580008222e-01 -7.801146133868391841e-02 1.602796124816194823e-01
7.178475088518887492e-01 -8.595679399824879274e-02 1.357279588884481303e-01
7.182254092223674391e-01 -8.474447999992218428e-02 1.341992689926019278e-01
7.182146428330212773e-01 -8.476428052189943774e-02 1.341664489208920230e-01
7.179349533056974542e-01 -8.438044522652027313e-02 1.357430426370651588e-01
7.181424925890623756e-01 -8.462319988109912039e-02 1.347232861846632268e-01
7.109827424226582426e-01 -7.934651191609348730e-02 1.611265965737200823e-01
7.182348133923769362e-01 -8.471005732962483270e-02 1.343011167356162883e-01
7.179177279133319711e-01 -8.600601015900816160e-02 1.355307056827910195e-01
7.181064927423655986e-01 -8.460847290393708198e-02 1.347147964473842663e-01
7.179278267360150734e-01 -8.436457946868985980e-02 1.357975222440368501e-01
7.181777689377337737e-01 -8.466146882911024241e-02 1.344776903077540275e-01
7.113091181286991249e-01 -7.651711233793195843e-02 1.599607457301841507e-01
7.181928118627191049e-01 -8.466933127424863814e-02 1.345163974995575717e-01
7.111200696467667726e-01 -7.786791227617856359e-02 1.607279462926969327e-01
7.181183259548843401e-01 -8.456718991644679440e-02 1.347381001951233337e-01
7.111791789291947996e-01 -7.791059848029163737e-02 1.604674065157627449e-01
7.178317415349125818e-01 -8.590140495662385023e-02 1.359080699354184851e-01
7.180932159301459672e-01 -8.452398305367669895e-02 1.349065493793226711e-01
7.109449373040139797e-01 -7.930587250705806168e-02 1.613763632561093786e-01
7.178922753864644957e-01 -8.597112603347745186e-02 1.356633694068081208e-01
7.178912556953103152e-01 -8.607574498523024031e-02 1.355552136076876302e-01
7.181142685667991632e-01 -8.466103630581495176e-02 1.346764231307595594e-01
7.182851137347430193e-01 -8.470773220736532716e-02 1.342731533093011187e-01
7.179100931657016460e-01 -8.601767001401627866e-02 1.355844821022846869e-01
7.177761341111570381e-01 -8.584224752331526265e-02 1.363364364389365591e-01
7.181982499694407052e-01 -8.467936512254176096e-02 1.345445618865532822e-01
7.182026646377980272e-01 -8.474070204234862569e-02 1.343630778914532975e-01
7.179355032310694718e-01 -8.610893450581275088e-02 1.354400290301791543e-01
7.178762248047203531e-01 -8.594862041814621545e-02 1.358953551616639555e-01
7.181704652113317655e-01 -8.463208734955635082e-02 1.347688371746220692e-01
4.953299999999999925e-01 2.731419999999999959e-01 1.578349999999999920e+00
7.109563782129109111e-01 -7.935912340691680944e-02 1.612897711832639303e-01
7.181728595934480097e-01 -8.463486859749258517e-02 1.345870653158367514e-01
7.179772235048145212e-01 -8.610211297032976940e-02 1.353618066202111336e-01
7.109069657249480478e-01 -7.922706789283451290e-02 1.616201245472757009e-01
7.178508973674863070e-01 -8.595027533771099071e-02 1.358805715507895862e-01
7.178072183580904708e-01 -8.585212242404366423e-02 1.362236897257902424e-01
7.181611419554621012e-01 -8.302442536465076683e-02 1.348169081470049768e-01
7.178765836075723383e-01 -8.599860521289703907e-02 1.356011274446007331e-01
7.177424370774536655e-01 -8.577840092319993781e-02 1.364172845785565080e-01
7.182494410658031292e-01 -8.476707213845102729e-02 1.341016842634610295e-01
7.178421159175395472e-01 -8.591611040283736456e-02 1.358495767401917131e-01
7.178363071359544767e-01 -8.593226003535092694e-02 1.360260919910190047e-01
7.178699186231762841e-01 -8.595522774361813445e-02 1.358301975149238672e-01
7.181904366272032769e-01 -8.468891631639746675e-02 1.344099286744377952e-01
7.179439229599238192e-01 -8.607418263877181230e-02 1.355216560970657902e-01
7.181653577417880241e-01 -8.468316068185860468e-02 1.344858863198994392e-01
7.179416439809500616e-01 -8.604654593722516065e-02 1.354115479865238836e-01
7.181629967246740964e-01 -8.304185179326684096e-02 1.347554324456103902e-01
7.112999805921464969e-01 -7.646397292424739200e-02 1.601250512587608643e-01
7.181300325166850573e-01 -8.459672690191866185e-02 1.347911883618400086e-01
7.177596079244314975e-01 -8.579350524031365000e-02 1.363303826286650366e-01
7.178590056129604546e-01 -8.589879134248940007e-02 1.360057106748902012e-01
7.178579788411288964e-01 -8.593055205515021111e-02 1.358656132242366255e-01
7.182746624204904284e-01 -8.480078663490708824e-02 1.339480796835692544e-01
7.181111362502127227e-01 -8.460333807177838894e-02 1.348007268218696098e-01
7.182142359175681667e-01 -8.468117935813962438e-02 1.343442729900463650e-01
7.178384933578819682e-01 -8.592496696111556753e-02 1.358390002453877532e-01
7.181307176695048700e-01 -8.463031527867914683e-02 1.346996285517394476e-01
7.182099252488016727e-01 -8.472787561760841690e-02 1.342926836011006930e-01
7.179174941419035338e-01 -8.602757424483448156e-02 1.355240673625088821e-01
7.178601815536677089e-01 -8.593122518742080107e-02 1.359148272238941413e-01
7.221905165329396414e-01 -9.296878218176218844e-02 1.077342675595349686e-01
7.178696851372003973e-01 -8.597833784410352509e-02 1.356707179336935631e-01
7.181148906513541430e-01 -8.464624612381305147e-02 1.346326559286972202e-01
7.178056083071411297e-01 -8.586970309309654992e-02 1.361533583350940102e-01
7.181106750142842721e-01 -8.464408168477560723e-02 1.347145592618890220e-01
7.179138451415777444e-01 -8.607777273085709391e-02 1.354441579982608168e-01
7.178785773021340022e-01 -8.598888417580718979e-02 1.356444410178452298e-01
7.181585856726109274e-01 -8.472406430345019723e-02 1.343788807924783946e-01
7.179270439353316879e-01 -8.605949409212171330e-02 1.354105820542723659e-01
7.182228787208110310e-01 -8.477113624168181039e-02 1.341316389453657276e-01
7.182495446341514711e-01 -8.479569625237581842e-02 1.340410128569096138e-01
7.178553553498178141e-01 -8.597124579140547063e-02 1.357907903520927384e-01
7.181040538942337070e-01 -8.459669328068941674e-02 1.347475424896364959e-01
7.179018550467133331e-01 -8.604837019916622420e-02 1.356092012211300712e-01
7.181333089443922013e-01 -8.464572846211493307e-02 1.346708299248917662e-01
7.178162087161601423e-01 -8.591709734599289883e-02 1.360073835473643022e-01
7.178907496694981738e-01 -8.598448803522434902e-02 1.357203333244392240e-01
7.178211209343909882e-01 -8.594356844011691310e-02 1.359746651543818352e-01
7.178465981971084986e-01 -8.594407030064610264e-02 1.359360645033560466e-01
7.180919260840892271e-01 -8.458224381885676157e-02 1.348620461750527078e-01
7.178841129203856752e-01 -8.597924318424610135e-02 1.357301414552203322e-01
7.181219388172089824e-01 -8.463441595758497416e-02 1.346949195219828699e-01
7.183329882252097454e-01 -8.325238769707082875e-02 1.339114006623121078e-01
7.179290319952010835e-01 -8.603844570662827484e-02 1.354646620854236261e-01
7.178702004071086940e-01 -8.598373636937134412e-02 1.357487476741596755e-01
7.179237775603950489e-01 -8.606118224713199538e-02 1.355121774756071762e-01
7.179339303229480551e-01 -8.603888529747716341e-02 1.354635540609137045e-01
7.178516617867648497e-01 -8.595237056598808989e-02 1.357958034310928763e-01
7.109641401377051473e-01 -7.931765457127987196e-02 1.612500345961391801e-01
7.179042383685738660e-01 -8.604298700701440428e-02 1.354567117469749338e-01
7.181346554089129697e-01 -8.461657408439360317e-02 1.346450358967341554e-01
7.178860572582960176e-01 -8.602191789682950285e-02 1.355284133194365470e-01
7.181109565903336378e-01 -8.463443059652292488e-02 1.346648958286427167e-01
7.222636885568112231e-01 -9.305685677775737963e-02 1.074125521926179161e-01
7.178602043796658005e-01 -8.596500828213987644e-02 1.356982166967259928e-01
7.178927210931569380e-01 -8.600928372766075691e-02 1.355978685345173851e-01
7.109674744204640406e-01 -7.934923604109883621e-02 1.611843643681079019e-01
7.177392830336242202e-01 -8.577820511007305804e-02 1.365050327193453317e-01
7.177991254675923916e-01 -8.590088095679132563e-02 1.361831494519956109e-01
7.178622192087202869e-01 -8.597006605352458530e-02 1.357601020825862648e-01
7.179896078850239727e-01 -8.612202081353215188e-02 1.353115168010867730e-01
7.109732664236336763e-01 -7.931740878094728497e-02 1.611867525768635456e-01
7.179504176927894443e-01 -8.610675859336558435e-02 1.352757077114821183e-01
7.182351195634573138e-01 -8.477245332772281872e-02 1.341363377083577557e-01
7.181573253638178223e-01 -8.468772313471878421e-02 1.343734906982174682e-01
7.180883307809591276e-01 -8.460289244254670660e-02 1.348353951479115409e-01
7.181147371887295350e-01 -8.461519001528616801e-02 1.346858768280221330e-01
7.179425549725204636e-01 -8.604551205303517802e-02 1.354685722502042555e-01
7.178975885340362906e-01 -8.600220933256297329e-02 1.356383215683438781e-01
7.108740291449308080e-01 -7.922646793682869282e-02 1.618262717348859514e-01
7.178773600312561287e-01 -8.599749649222193648e-02 1.356457815511913356e-01
7.177642213383556014e-01 -8.581890151442583825e-02 1.362921860333248247e-01
7.181307504145592047e-01 -8.464636576811224167e-02 1.346450638638800879e-01
7.178011372492223430e-01 -8.589783668835460073e-02 1.360637719611166307e-01
7.179484635204673726e-01 -8.440728638194500144e-02 1.357047575530243577e-01
7.108500730403453094e-01 -7.915336360041053121e-02 1.618721509441709561e-01
7.109121167899339344e-01 -7.766078916405877441e-02 1.617858717474811581e-01
7.108930103131890776e-01 -7.760388833323117463e-02 1.618547915661721071e-01
7.112361998308122102e-01 -7.644527841007708879e-02 1.602750005388346999e-01
