7.442898912778616038e-01 -7.421175076553221395e-02 1.008514729123264342e-01
7.442625057918429432e-01 -7.418926366342604162e-02 1.010302180357025570e-01
7.442810182998865765e-01 -7.419859062749140088e-02 1.008602469890518272e-01
7.442605525916456966e-01 -7.415850167115034530e-02 1.010050950757608312e-01
7.444141378827839883e-01 -7.265753380618988899e-02 1.005328656853823333e-01
7.446108570379466052e-01 -7.281919514602425147e-02 9.975728346956214132e-02
7.444027978481978503e-01 -7.268466401728984616e-02 1.005086969236745897e-01
7.443147909738599965e-01 -7.421986876319347504e-02 1.007225565896316954e-01
7.443948103030889607e-01 -7.427268925115465548e-02 1.004412053609147204e-01
7.443597316356806992e-01 -7.427530700318518697e-02 1.006821814050227193e-01
7.441910744283735113e-01 -7.406956801643965749e-02 1.016105033067584706e-01
7.442872885608077249e-01 -7.421862402412293669e-02 1.011225517434566346e-01
7.440016677813500179e-01 -7.564642778748276175e-02 1.019709454755708400e-01
7.441480926539182361e-01 -7.410321282421045153e-02 1.015994074893729060e-01
7.441545492748200541e-01 -7.409984174075723296e-02 1.015930719444335661e-01
7.441325019170343946e-01 -7.406973479835693430e-02 1.016830690448624619e-01
7.441924612769961200e-01 -7.410537246932086264e-02 1.014309970575135722e-01
7.441619863931149270e-01 -7.410691566097732386e-02 1.015043515795932549e-01
7.441844798602760269e-01 -7.411533691099286836e-02 1.013398227968036469e-01
7.442349121347546781e-01 -7.417188617408276841e-02 1.011166113586126070e-01
7.441933249850303245e-01 -7.417686190403993685e-02 1.012196513684509025e-01
7.442318416472225584e-01 -7.414907348333299453e-02 1.009776740990786514e-01
7.442951685573457876e-01 -7.425155064919586323e-02 1.006604574932963292e-01
7.444020658783019329e-01 -7.271930338937038218e-02 1.003496194207162961e-01
7.444050964529425052e-01 -7.265412004372473476e-02 1.003966981006725323e-01
7.443800016171365774e-01 -7.267668659633391703e-02 1.003579343118563560e-01
7.443672854261160765e-01 -7.270625510564443506e-02 1.003545530985086032e-01
7.367104788526802617e-01 -6.764246517144145709e-02 1.275130376476913963e-01
7.444202116465330477e-01 -7.273200084985786962e-02 1.002273651455862780e-01
7.444260432369529390e-01 -7.275106561216715395e-02 1.001534955907881219e-01
7.443155332197248786e-01 -7.424937070885295753e-02 1.004966379632352691e-01
7.442110573321580880e-01 -7.424016755972800974e-02 1.010934309517159679e-01
7.442570620199739917e-01 -7.417986989675456888e-02 1.009260292780800317e-01
7.443526452210784683e-01 -7.423640255834157431e-02 1.006336052609368981e-01
7.442272142774820631e-01 -7.408560628993809960e-02 1.014157017740533462e-01
7.442083773266225943e-01 -7.414268018130953930e-02 1.015735071367294129e-01
7.443073155721664502e-01 -7.420575824762881689e-02 1.010752615451322445e-01
7.442513955885171617e-01 -7.411461568461358285e-02 1.012763829016460893e-01
7.442924931479155681e-01 -7.417179359644648917e-02 1.010129428719908073e-01
7.442474101520270002e-01 -7.412009765730792621e-02 1.009321920890926538e-01
7.442376611029236644e-01 -7.411743060825765061e-02 1.011843760669410841e-01
7.442911288329332464e-01 -7.423883520185947660e-02 1.009093142026051826e-01
7.442997931516349697e-01 -7.424686789156498268e-02 1.007702215670183143e-01
7.442873164178669398e-01 -7.425446974264082733e-02 1.007103863443894465e-01
7.445339411684066544e-01 -7.284110653664166435e-02 9.977494291867028409e-02
7.443799280982345001e-01 -7.264697412949799871e-02 1.004189287433132627e-01
7.443775416850626492e-01 -7.265441863337157580e-02 1.005345564526676228e-01
7.448381422621130898e-01 -7.146323392643033623e-02 9.867815401752433324e-02
7.443839226777076989e-01 -7.267510166402157967e-02 1.005143528478904535e-01
7.443458398834794654e-01 -7.261485795357824902e-02 1.007698053717509534e-01
7.444299820586710581e-01 -7.269184660238020568e-02 1.004480719667628641e-01
7.444653199016512124e-01 -7.271835564446443856e-02 1.003424268279520248e-01
7.443401873391241041e-01 -7.264212760463356622e-02 1.007267885999216794e-01
7.442291610497951959e-01 -7.410558109495041235e-02 1.011054521403820239e-01
7.444368303137570697e-01 -7.434797399725018296e-02 1.000796701601385230e-01
7.445301917665601010e-01 -7.280348799984154295e-02 9.980514069646750919e-02
7.445554214383780511e-01 -7.282424781872331998e-02 9.960715312920354059e-02
7.444093858504950978e-01 -7.269920119470352216e-02 1.003291250873714624e-01
7.442224881121217717e-01 -7.419089678591489490e-02 1.008993175058694458e-01
7.442609790042281626e-01 -7.418770976236460646e-02 1.009805198088078448e-01
7.443032585210860308e-01 -7.422726718083022535e-02 1.006742765639183634e-01
7.442275050443172280e-01 -7.410883488430081156e-02 1.009315818465099657e-01
7.446377608874052978e-01 -7.128977911578116000e-02 9.940719154344801467e-02
7.444625362036108029e-01 -7.271546734614670049e-02 1.000299346179946980e-01
7.416205327485649867e-01 -7.125888783566652895e-02 9.808718988256459603e-02
7.179464486329197870e-01 -6.349872023923691655e-02 1.237236066041691451e-01
7.221979209684937784e-01 -7.015080777911836263e-02 9.481445702713720003e-02
7.222703979208915381e-01 -7.024415603120620633e-02 9.494641310909068821e-02
7.221339728090196974e-01 -7.015569446177777335e-02 9.511120304833631245e-02
6.948868747552066072e-01 -5.451100991924101580e-02 1.482382256112215746e-01
6.699591406079887790e-01 -6.763635148029029098e-02 8.606512371270813588e-02
6.350523236731826504e-01 -5.166039282727241666e-02 1.066265096736103146e-01
6.088622823540776885e-01 -2.753709878012539081e-02 1.230250770156577911e-01
5.870474375662595445e-01 2.003731082201032354e-03 1.384386532836927586e-01
5.648994726963393331e-01 3.809848693785822249e-02 1.784290900163834070e-01
5.401396763582255733e-01 5.896566732176017345e-02 2.180355007324739081e-01
5.172602351525100728e-01 7.206556498046312598e-02 2.114012408565915102e-01
5.000020046333042423e-01 7.536054753253801364e-02 1.816078963713170236e-01
4.891343220961578697e-01 9.425108862891046213e-02 2.244149286517618247e-01
4.775102853885426768e-01 9.772659121020144113e-02 1.978324877516173252e-01
4.659093999754964632e-01 1.082279897750616504e-01 1.370196190462737995e-01
4.486249339627728094e-01 1.381767473041266570e-01 2.023985478262642079e-01
4.351902924481124146e-01 1.525952011625468785e-01 1.159095591285421722e-01
4.247840503854318772e-01 1.744087962319404439e-01 1.861483636113203666e-01
4.140321687934950257e-01 1.847523200122565545e-01 1.283888490396640769e-01
4.085848342300996139e-01 1.957179715138823717e-01 1.755632518553500443e-01
4.088991222652167412e-01 1.986508955225050888e-01 1.746516814071550350e-01
4.105169942894905666e-01 1.998970126607716447e-01 1.489180143666162248e-01
4.106589726678013252e-01 2.014505861783624785e-01 1.473790906350254115e-01
4.110248517637475896e-01 2.057216125605851875e-01 1.446745554435020509e-01
4.094579272624522814e-01 2.057799566752612774e-01 1.702618049559934121e-01
4.078631432372361032e-01 2.046062990700899809e-01 1.468933068775399864e-01
4.032881193430095657e-01 2.049790843428075382e-01 1.188710941433714918e-01
3.832877338355839547e-01 2.050131776465774491e-01 1.466267806542485008e-01
3.616512472881436846e-01 2.052268405929208450e-01 1.446394720697998793e-01
3.251052597919493747e-01 2.095811330567897146e-01 1.164377689065023702e-01
2.606406534071742942e-01 2.100971979570985249e-01 6.263582443434878577e-02
2.068783446474194432e-01 2.218151158030630121e-01 1.124984395318386898e-01
1.498003010785698974e-01 2.542522214503883937e-01 2.472296281637071935e-01
7.723891387298109645e-02 2.797955329907536592e-01 1.491653684915721367e-01
3.541450276179308743e-02 3.296525286609530703e-01 2.666882446761071890e-01
5.819011736510892874e-04 3.779402264587283233e-01 2.922415120761872043e-01
5.286613882791946217e-03 3.991352974371910056e-01 3.445972152262031241e-01
1.685630434298479585e-03 4.161870284115076757e-01 3.575529672001362957e-01
-2.778287386679645365e-02 4.284034177071452398e-01 2.824470866233765864e-01
4.953299999999999925e-01 2.731419999999999959e-01 1.578349999999999920e+00
4.953299999999999925e-01 2.731419999999999959e-01 1.578349999999999920e+00
4.953299999999999925e-01 2.731419999999999959e-01 1.578349999999999920e+00
4.953299999999999925e-01 2.731419999999999959e-01 1.578349999999999920e+00
4.953299999999999925e-01 2.731419999999999959e-01 1.578349999999999920e+00
-3.291286026620876548e-03 4.162101786527633851e-01 3.027978559860469154e-01
6.207315269292595916e-02 3.739702356116175186e-01 4.377361505406738296e-01
1.045623311367034347e-01 3.358249032762051778e-01 4.772605083227394740e-01
1.749136842043578777e-01 2.516989131711424021e-01 4.244035969192445634e-01
2.899982141085266640e-01 1.602934273149371758e-01 4.250093899487972227e-01
3.778005782566518089e-01 9.756332830737535211e-02 4.508308408326475725e-01
4.525453298599683150e-01 3.598302610316123085e-02 3.659994854895027849e-01
5.272514232666891676e-01 9.574803825728728235e-04 3.870445932762014429e-01
5.920282898660436111e-01 -4.784114591109006609e-02 3.487279333210064891e-01
6.292139203758508881e-01 -6.203841170267759830e-02 3.113310491773337851e-01
6.696703239485979342e-01 -9.360326672878860332e-02 1.956749649718969586e-01
6.920316297541946327e-01 -8.928697513843319999e-02 1.951330287134565022e-01
7.072767779026926105e-01 -9.491704548006507647e-02 1.371676383558311230e-01
7.081494195763200494e-01 -8.910327266121648160e-02 1.343521172039783274e-01
7.148053802989631222e-01 -1.007194257824272077e-01 1.091264807717531315e-01
7.102143625233113822e-01 -9.651660721614208072e-02 1.390722914785211817e-01
7.095520899097860212e-01 -1.025875438168272202e-01 1.415451413337533992e-01
7.094360259888812248e-01 -1.058247719449661450e-01 1.418537252798552917e-01
7.160278828858360756e-01 -1.160687948898635469e-01 1.168942999778446179e-01
7.160880065424100049e-01 -1.160687709538228418e-01 1.167457013535992960e-01
7.162261982307032149e-01 -1.145663365010954338e-01 1.162576128837053968e-01
7.161041962756394819e-01 -1.161011375158205183e-01 1.166423510047158718e-01
7.164854845155910201e-01 -1.131269614177458083e-01 1.153078649802234956e-01
7.161672562100768191e-01 -1.144627885401025003e-01 1.165630616766772931e-01
7.093750825165718865e-01 -1.074642510701641074e-01 1.416884295898996893e-01
7.098354905909866064e-01 -1.029094131012931457e-01 1.399043628628797720e-01
7.139472976977556673e-01 -1.083944439865722753e-01 1.126446323995058396e-01
7.150170461638718500e-01 -9.928886728283758956e-02 1.078987030617757359e-01
7.051483031505852983e-01 -8.726449516684559038e-02 1.334752054119894282e-01
7.052129919722706086e-01 -8.731762019530681096e-02 1.331935410921492036e-01
7.123545755011141400e-01 -9.443305782299482587e-02 1.059270785003998405e-01
7.123204429909198998e-01 -9.441049277459828692e-02 1.060726943642014142e-01
7.051887868442445750e-01 -8.726296079633388825e-02 1.333790226840712023e-01
7.124282967282682399e-01 -9.455111251627656976e-02 1.056359530780635048e-01
7.123370408107876361e-01 -9.436156081695101783e-02 1.060276182540647039e-01
7.122596120970398070e-01 -9.433192046795785268e-02 1.063284604227872077e-01
7.083111808997601955e-01 -8.755285252275318841e-02 1.332884305199228958e-01
7.082790997512966591e-01 -8.752505401737986634e-02 1.334228773033976356e-01
7.123982644025861344e-01 -9.454824545217299647e-02 1.056881084136387372e-01
7.083952599161595920e-01 -8.762118883755798393e-02 1.329881905845955448e-01
7.124632206668227719e-01 -9.454484980835020647e-02 1.055162523552806153e-01
7.123860469369888149e-01 -9.440245879135278351e-02 1.058501854799052122e-01
7.084162250886291146e-01 -8.765648470342152221e-02 1.329136744851515672e-01
7.124382238619089147e-01 -9.454306353171171295e-02 1.055127642855211434e-01
7.084261357875466514e-01 -8.765647550099336938e-02 1.328378610857017250e-01
7.124431082190930686e-01 -9.445954731136557703e-02 1.056446673341184805e-01
7.124032694193095372e-01 -9.446928299009055285e-02 1.057944450863592678e-01
7.124840113604992142e-01 -9.454075755526869518e-02 1.054442917053899365e-01
7.083186093636870684e-01 -8.754521564181894089e-02 1.333152743642784799e-01
7.124163115085095921e-01 -9.448770071937140358e-02 1.057109029482452556e-01
7.123636327314525341e-01 -9.438709417876595120e-02 1.059421953085766255e-01
7.084427683115571694e-01 -8.764822427847235309e-02 1.327997178483508733e-01
7.124533530286579763e-01 -9.450708049261563604e-02 1.055365196019306673e-01
7.123777089780747307e-01 -9.440334005112199778e-02 1.058534977686069745e-01
7.123802257518321301e-01 -9.441940853923558308e-02 1.058436478697015737e-01
7.124076692177265802e-01 -9.445313550589229390e-02 1.057585910510070448e-01
7.084775682219683901e-01 -8.773881614111361804e-02 1.326711526735409041e-01
7.123924231020599684e-01 -9.447012335851040499e-02 1.058275049630694742e-01
7.123501074606239936e-01 -9.439797625663126635e-02 1.059490698359255578e-01
7.123671124128103660e-01 -9.439758813598747578e-02 1.058476016225902150e-01
7.125004609714418180e-01 -9.454443246866756079e-02 1.053557777430353948e-01
7.124477636965811378e-01 -9.451940152747928536e-02 1.054803190672830571e-01
7.124964041080326105e-01 -9.453535639879850905e-02 1.052392040330596412e-01
7.124281492394060056e-01 -9.454497510618709022e-02 1.055320366466858673e-01
7.124043778678357253e-01 -9.446302394848310469e-02 1.056927207339564134e-01
7.125003343915163878e-01 -9.453367366858572707e-02 1.052464119034537404e-01
7.124661122814417435e-01 -9.453089846414325370e-02 1.052787022655663485e-01
7.122816564358085412e-01 -9.430785852219908394e-02 1.061846567012927345e-01
7.124685191958070041e-01 -9.451050311439485041e-02 1.052255174164065110e-01
7.124349151131689206e-01 -9.448632562313968863e-02 1.053576071469708442e-01
7.124389393282563043e-01 -9.448064554240548363e-02 1.053389106164983602e-01
7.051323993839024862e-01 -8.721603233206270955e-02 1.332727447188137848e-01
7.051376735261469797e-01 -8.557018236470964601e-02 1.334517862478978856e-01
7.052959885376930416e-01 -8.573103580546381774e-02 1.327352012610196752e-01
7.053267748179763430e-01 -8.573783077474678160e-02 1.326537298175773927e-01
7.052017785120636706e-01 -8.726785914707180236e-02 1.329035479648781326e-01
7.051682134776473543e-01 -8.722507832369946756e-02 1.330084977554046866e-01
7.052071767333865093e-01 -8.567884018549321024e-02 1.329584167139141737e-01
6.982066276107847802e-01 -7.869520172126581725e-02 1.599885871559099115e-01
7.053256967748671169e-01 -8.580895777525748835e-02 1.326265402131907578e-01
7.052254714041232830e-01 -8.566814181835946673e-02 1.330825063593075175e-01
7.052369820023834945e-01 -8.567719441273802250e-02 1.329678997394443396e-01
7.051589942632079389e-01 -8.723717685016241230e-02 1.331306840626693688e-01
7.051387533903717975e-01 -8.554908632854363315e-02 1.335333917047640817e-01
7.052716249853044905e-01 -8.572639648441970905e-02 1.328791384316949653e-01
7.052407075562387995e-01 -8.567820005807275097e-02 1.329334753249391543e-01
6.982322542358309070e-01 -7.868876402950286675e-02 1.598782096773938566e-01
6.981225192080169339e-01 -7.857430108638108202e-02 1.604295917000293503e-01
7.050688552243172813e-01 -8.712451456715908371e-02 1.335603234125204430e-01
7.053579192065477788e-01 -8.583118781758097837e-02 1.323980876791468475e-01
6.981966705153792585e-01 -7.867727052184192438e-02 1.601088210546695034e-01
7.051369990983455960e-01 -8.718910521354522603e-02 1.332080396967016966e-01
7.052001526465564440e-01 -8.730505268277222175e-02 1.329391737403691209e-01
7.052882799100459454e-01 -8.572808643420037900e-02 1.327219174016907033e-01
6.980993068306357019e-01 -8.011241234662386246e-02 1.602459426746301041e-01
6.980487068141371099e-01 -8.009695046207304658e-02 1.603843150233135173e-01
7.051593411278962442e-01 -8.718415959069875099e-02 1.330749666996502434e-01
7.051340683895737094e-01 -8.716632267730678452e-02 1.332352141124866218e-01
6.981673329724967791e-01 -7.867182636176794919e-02 1.600170237942317719e-01
6.981510019001930800e-01 -7.865176013919705778e-02 1.602031108723058761e-01
7.051798349200815164e-01 -8.727503462315350236e-02 1.329906666912832325e-01
6.981379324457973601e-01 -8.020082217494395316e-02 1.599851456207281863e-01
6.981034255235940567e-01 -8.017006574911622607e-02 1.602107931999154911e-01
6.981128079983383028e-01 -8.015190158515417274e-02 1.600964750554345617e-01
6.981668785828769597e-01 -7.863062677622584262e-02 1.601415974971018841e-01
6.980331182891845732e-01 -8.009179487924272811e-02 1.603531317465261008e-01
6.981338159623473594e-01 -8.018650933435556016e-02 1.600186853996292680e-01
7.050680434253275841e-01 -8.715690071151405149e-02 1.335240094267300393e-01
7.050478036096959888e-01 -8.712423733161389627e-02 1.335099508249848466e-01
6.980698773866533813e-01 -7.853541295023258595e-02 1.604634415606960296e-01
6.981221866428792833e-01 -8.014587019388375033e-02 1.601468504412457694e-01
6.980515203327506413e-01 -8.008820503085850584e-02 1.604203606241092483e-01
6.982106766768336747e-01 -7.869589938189830436e-02 1.598728189893043883e-01
7.051005816277116089e-01 -8.716297990474103363e-02 1.332848886454418569e-01
7.051331863251179000e-01 -8.556107250466943315e-02 1.334551181511118845e-01
6.981757702565699608e-01 -7.867702123332764863e-02 1.599148294190173569e-01
6.981834625296949870e-01 -7.866561875231564693e-02 1.600484674875841673e-01
7.050937518005848670e-01 -8.716872652719914738e-02 1.332600042108074145e-01
6.981982677121043590e-01 -7.864597312323751144e-02 1.599850085049165926e-01
6.980825254798412871e-01 -8.012670730218290904e-02 1.602809047263771269e-01
7.051816148309587584e-01 -8.560932894662764969e-02 1.331733448336862580e-01
6.981153454724788876e-01 -7.860379416546220410e-02 1.602862771654036678e-01
6.982456785375177333e-01 -7.872990664536505534e-02 1.597030080009302910e-01
6.981770055105716022e-01 -7.867864664959162146e-02 1.600328402903576919e-01
6.981240275445729226e-01 -8.020828690373893455e-02 1.599960346683397816e-01
6.980962065136492312e-01 -8.018493036480989211e-02 1.601807186548656059e-01
7.051076378661185196e-01 -8.712826833175868479e-02 1.333360206651947877e-01
6.981849592846364194e-01 -7.868193748079982397e-02 1.599471724605672218e-01
6.982360270559966331e-01 -7.870244669859111086e-02 1.597865787822647654e-01
6.980883719686596933e-01 -7.856125233913213712e-02 1.604223000954425604e-01
7.051325018328934435e-01 -8.717975798939170406e-02 1.330978137310294684e-01
6.981214148369848660e-01 -8.021580077191442504e-02 1.600391881169982433e-01
6.980939711083561372e-01 -8.015673411628598810e-02 1.601770369990094256e-01
6.980828196496218219e-01 -7.850706086979059029e-02 1.604166420896537826e-01
7.051334099608272954e-01 -8.716306597514444920e-02 1.331173802402823014e-01
6.980914976437330166e-01 -7.855326666031775540e-02 1.602474956471457990e-01
6.980828151402413972e-01 -7.855657364017509803e-02 1.604627669151568181e-01
6.980687743362485875e-01 -8.010549874057620867e-02 1.602268559783943669e-01
6.980977282981157828e-01 -7.853949919626113108e-02 1.603971634437471039e-01
6.982369756220072610e-01 -7.874020640253276415e-02 1.597387545830839528e-01
7.051389169572174209e-01 -8.553513044825189482e-02 1.333843831915857425e-01
6.981309862148881162e-01 -8.017234326568245528e-02 1.600804242800384358e-01
7.050669731765299986e-01 -8.713787115999305222e-02 1.334731644402316064e-01
7.051058533404082063e-01 -8.711753093179308571e-02 1.333211330158494690e-01
6.980771728437811241e-01 -8.018590006657688729e-02 1.600710377934448925e-01
6.982341874579489627e-01 -7.873749462469664673e-02 1.597879089618510218e-01
7.051578341361134372e-01 -8.553371421024952292e-02 1.333388309639758074e-01
6.981307279361188556e-01 -7.858223696978389183e-02 1.602050122927560771e-01
6.981450488228022611e-01 -7.862350879018009664e-02 1.601487745255874007e-01
6.980471549232154516e-01 -7.847829751813412136e-02 1.606849395382239365e-01
6.980733355462074297e-01 -8.011791048339750310e-02 1.601949019344170999e-01
6.982236582180798568e-01 -7.869041522504388597e-02 1.598365300361528352e-01
6.982405467073022898e-01 -7.866856286165857526e-02 1.597656849816970759e-01
6.981563224438755988e-01 -7.861527482509611531e-02 1.601897887083216787e-01
6.981827531842231815e-01 -7.865063633210206406e-02 1.599950133381178308e-01
6.980436606025666180e-01 -8.014636874104286157e-02 1.602671431951976366e-01
7.051182724597722107e-01 -8.723057450042664973e-02 1.330840016718060070e-01
6.981986897837012540e-01 -7.868403710257260153e-02 1.599161478193811270e-01
7.051248042377292746e-01 -8.716620960824189579e-02 1.333142063985570669e-01
6.981200913924187068e-01 -7.861535245389489335e-02 1.602444597221650557e-01
6.980124711626142231e-01 -7.847605985382938298e-02 1.607445439166315104e-01
6.980894278711378131e-01 -8.013369927299024420e-02 1.602364966893106146e-01
6.981369013933539369e-01 -7.858863012856986963e-02 1.601361121449342839e-01
6.980547405094414959e-01 -7.848331519976253778e-02 1.605718281015977578e-01
6.980937072057604720e-01 -7.857447771930692326e-02 1.603222737165392875e-01
6.982087172370909922e-01 -7.868478605218975908e-02 1.598946313946403297e-01
6.981555440377622546e-01 -7.862738170303407159e-02 1.601639183005509892e-01
6.912700105164796271e-01 -7.176793525570629440e-02 1.866246005492524507e-01
6.981539883949250402e-01 -7.860797089976062635e-02 1.600635706082269571e-01
6.981638860787242606e-01 -7.864649725006522818e-02 1.600521530450165208e-01
6.980958471687644940e-01 -8.014399784175302299e-02 1.601796449682959533e-01
6.980749268879115066e-01 -8.010575972502675945e-02 1.603114084954297969e-01
7.051483839195847869e-01 -8.721477079600836735e-02 1.331342364278309542e-01
7.050538593638300267e-01 -8.708874761694668232e-02 1.335114719001531114e-01
6.981193398421436935e-01 -8.017289337905492141e-02 1.600740088076344492e-01
7.050375483490556316e-01 -8.704816175413876422e-02 1.336450775834834293e-01
7.051223683029412825e-01 -8.551976312207426600e-02 1.335940943698652461e-01
7.051757576145201156e-01 -8.718625171904259563e-02 1.330924786816209959e-01
7.052296520169198946e-01 -8.725090937196461338e-02 1.331043821158626184e-01
7.052429464328675568e-01 -8.564590585414311175e-02 1.331471580203331673e-01
6.981859679912210126e-01 -7.865578246849025401e-02 1.601465833193072008e-01
6.980752996128797294e-01 -7.861081677282599767e-02 1.601877092019909909e-01
6.882041200168936834e-01 -7.162322131901976974e-02 1.859613496374115105e-01
6.855345482671797441e-01 -7.025338953451804036e-02 1.839322009371266997e-01
6.891963036333084158e-01 -7.517775046497582325e-02 1.567841787174639734e-01
6.891103736453174644e-01 -7.508053597397362777e-02 1.575411964120378983e-01
6.893106998384177508e-01 -7.366845641117536481e-02 1.568184394247926772e-01
6.890570835687398477e-01 -7.666716821708524643e-02 1.574216323112584970e-01
6.894576661040217047e-01 -7.390821048410234351e-02 1.558321043288706242e-01
6.892506098650543755e-01 -7.526265384799241120e-02 1.565443173449621028e-01
6.894287835620045435e-01 -7.381190104220064496e-02 1.560795414254390057e-01
6.892085985062241793e-01 -7.527389107656479172e-02 1.567463665571986464e-01
6.892705710221558313e-01 -7.363232209747283541e-02 1.568335423779927407e-01
6.931356154764711786e-01 -8.054999191138140224e-02 1.287348812606394777e-01
6.890503182787597325e-01 -7.500584269260612835e-02 1.578461771790957702e-01
6.927094289237231139e-01 -8.334164353951062365e-02 1.303687815449974252e-01
6.928546073813199868e-01 -8.189308104246850739e-02 1.299173881712616385e-01
6.893589684598029343e-01 -7.380323983792214104e-02 1.562556602815021733e-01
6.928392363125115416e-01 -8.187156774435933038e-02 1.300825847564848203e-01
6.893148425458073270e-01 -7.376642036069180897e-02 1.564648318821242334e-01
6.893277318721741098e-01 -7.376373771226402143e-02 1.563816310760721695e-01
6.893951683098434868e-01 -7.382709090669448138e-02 1.561858523738846038e-01
6.891201931279987702e-01 -7.511420719736067175e-02 1.572965378050796836e-01
6.928218611016392359e-01 -8.185053446870294014e-02 1.300676025391229729e-01
6.932643038049459694e-01 -8.072656895551083567e-02 1.279853301947384558e-01
6.928763460768908589e-01 -8.190560243558137055e-02 1.299288392216080279e-01
6.890993323877305787e-01 -7.509733840915555625e-02 1.575390563105478758e-01
6.854418144911289534e-01 -7.006444193767008555e-02 1.842803092811837740e-01
6.853434155519694260e-01 -6.992498964160676067e-02 1.849191757845685125e-01
6.851666759933501272e-01 -6.974408248542246502e-02 1.857000799069314922e-01
6.853027811860441521e-01 -6.986136136702442156e-02 1.851665454640649688e-01
6.852969700392841368e-01 -6.829441521070900301e-02 1.853061598329381887e-01
6.890822709927797440e-01 -7.499317896777391024e-02 1.578545347014246314e-01
6.890566463021010613e-01 -7.499756397092338656e-02 1.579191568715676564e-01
6.893776548493295575e-01 -7.371943168704953031e-02 1.564888977780602985e-01
6.853380398628772241e-01 -6.834789630436155505e-02 1.849355120920097573e-01
6.890886856456488463e-01 -7.500647496426104954e-02 1.578764206009255489e-01
6.890037264050394850e-01 -7.490597266496717976e-02 1.581628916086612602e-01
6.890960778485297755e-01 -7.500311719546465250e-02 1.577239933903240576e-01
6.889662690028458547e-01 -7.490958982913936692e-02 1.583005203410587924e-01
6.890888962217420755e-01 -7.504917810147998525e-02 1.577433615871177697e-01
6.893103212584168471e-01 -7.368623382630201668e-02 1.567776790340116300e-01
6.890110163855164283e-01 -7.496565567240859318e-02 1.579813352458423470e-01
6.890141557872921929e-01 -7.495437827213852211e-02 1.580630075525752964e-01
6.890739345296233997e-01 -7.508786969661712662e-02 1.576114152419849646e-01
6.893204364825904484e-01 -7.369009954608968238e-02 1.566989626229478016e-01
6.889872510442107689e-01 -7.490105925124135311e-02 1.582979992004864833e-01
6.889865073024808995e-01 -7.488539118644593762e-02 1.581271609316408089e-01
6.891379464045852554e-01 -7.505172570148110900e-02 1.575593796708716354e-01
6.889982865317701988e-01 -7.657084089536220217e-02 1.579702246300094259e-01
6.891237341769993474e-01 -7.513665573372690920e-02 1.575208371246941130e-01
6.853602322252243528e-01 -6.996884540050474222e-02 1.845683602915815236e-01
6.889675232347696188e-01 -7.489335589908807655e-02 1.583534320300687970e-01
6.891333430126667103e-01 -7.515967581111193674e-02 1.574405107317387031e-01
6.854307186352193160e-01 -6.849033227954059999e-02 1.844775020746700633e-01
6.890867922630607989e-01 -7.509517260046300047e-02 1.576698504528000200e-01
6.854976498243481320e-01 -6.856606958707417432e-02 1.842295001004450317e-01
6.854457103415458885e-01 -6.852132584188874720e-02 1.843622930287718287e-01
6.889929937460421705e-01 -7.494756971556687519e-02 1.582145137438348836e-01
6.890225042372524200e-01 -7.662681557764111639e-02 1.577412575863137434e-01
6.889133548924237793e-01 -7.484588122235980023e-02 1.585690897115490383e-01
6.889646220748663064e-01 -7.652853275752802276e-02 1.581221074800962523e-01
6.889615429659307067e-01 -7.496673944561182967e-02 1.582802867309376360e-01
6.854073987128049827e-01 -6.848231363590800980e-02 1.846080533190064266e-01
6.853882695743471754e-01 -6.838884729605165802e-02 1.848205850756308166e-01
6.854691376176536011e-01 -6.853709180928019284e-02 1.844010531457862534e-01
6.854047951469093292e-01 -6.845591547541318711e-02 1.845910259762197914e-01
6.853297691520572332e-01 -6.838759535755961627e-02 1.848912850629724769e-01
6.855452292604923281e-01 -6.856987835975736356e-02 1.841015541459001259e-01
6.853969657152743089e-01 -6.850068606963011231e-02 1.846058450641536730e-01
6.854693814880787883e-01 -6.854602935632314598e-02 1.844077944355255738e-01
6.890073594846397587e-01 -7.496647732530531405e-02 1.581422210448828469e-01
6.853113704377830073e-01 -6.842703033143282543e-02 1.848959983084470515e-01
6.854266532236159559e-01 -6.849111838091909155e-02 1.844900578485622056e-01
6.890038168296426235e-01 -7.498307075268023647e-02 1.581930167749745486e-01
6.854656175557672926e-01 -6.853847305332122497e-02 1.843722759073660455e-01
6.890702007140159235e-01 -7.503226710442451042e-02 1.579517870675168911e-01
6.854420402507752641e-01 -6.843429684954877024e-02 1.845049637680336030e-01
6.891141788557887393e-01 -7.503577220667895231e-02 1.577426156225010256e-01
6.853130170615822081e-01 -6.830063560430704728e-02 1.850440799403696435e-01
6.853107779809892719e-01 -6.833286154104023513e-02 1.850905866724334992e-01
6.891018156998247601e-01 -7.505840127123891703e-02 1.575959532564432664e-01
6.853755706798464464e-01 -7.000119674474736264e-02 1.845476238407499636e-01
6.854349375411032952e-01 -6.843712758443498689e-02 1.845264656522176416e-01
6.890438539487242497e-01 -7.501421779664602107e-02 1.578940032822584438e-01
6.889247823552518968e-01 -7.486498475579916878e-02 1.584371962490112029e-01
6.890808106029927549e-01 -7.499377571023252420e-02 1.579090324195584483e-01
6.890326570831000197e-01 -7.499991171700504111e-02 1.579619889663599341e-01
6.889911897630065507e-01 -7.654541726695746062e-02 1.580417539264493687e-01
6.853975844125926864e-01 -6.844492802146073807e-02 1.847626655778229487e-01
6.818345189129053630e-01 -6.201524712504447034e-02 2.107607988289073031e-01
6.852747691840053168e-01 -6.986449175616354923e-02 1.852071128423071755e-01
6.818954605192720786e-01 -6.365177109067882144e-02 2.102300925598599157e-01
6.853707254935741400e-01 -6.833262058953187834e-02 1.850895077936969280e-01
6.853841845093577856e-01 -6.839649032993611044e-02 1.848307974108784890e-01
6.853618254948645738e-01 -6.834330313690750724e-02 1.849685166150500937e-01
6.919868445993215822e-01 -7.666040335424983976e-02 1.587716850019269543e-01
6.853335608595549910e-01 -6.834768070676922047e-02 1.851487255355654948e-01
6.854303099385739007e-01 -7.010810206896062047e-02 1.842476460787474402e-01
6.819034193700164170e-01 -6.207512579521534679e-02 2.105461752623991600e-01
6.853336689968466677e-01 -6.990820763411376149e-02 1.850239133991873342e-01
6.853534975941031337e-01 -6.837187702982872040e-02 1.851325821639051572e-01
6.853622145963996770e-01 -6.838332519336043358e-02 1.850370202614395332e-01
6.854616168979882351e-01 -7.008919288951154236e-02 1.842559179859937224e-01
6.853162911082119058e-01 -6.987358729753639919e-02 1.850394631492442432e-01
6.854562139532656140e-01 -6.847091369850932807e-02 1.846644501219125711e-01
6.854057516261904404e-01 -6.841684724938862372e-02 1.848870983922168421e-01
6.854391990032494553e-01 -6.840673781987277602e-02 1.847070758405990887e-01
6.853929083465815086e-01 -7.002711859765642366e-02 1.845321901514975771e-01
6.853983657368838411e-01 -6.839128318650272709e-02 1.849799541735790420e-01
6.854031998995333552e-01 -6.999135089670865950e-02 1.846666490404031968e-01
6.854117421011924893e-01 -6.841953850761800515e-02 1.848409076097212722e-01
6.853710391760379217e-01 -6.997448718278853619e-02 1.846428912374578069e-01
6.853210330788850335e-01 -6.986517370510098024e-02 1.850738727354643842e-01
6.819539972427040020e-01 -6.217576145333791882e-02 2.102352318741209647e-01
6.819043426518469619e-01 -6.366202132500703437e-02 2.102167026747940870e-01
6.855097065518438448e-01 -7.010099020862581298e-02 1.841375443776875898e-01
6.852274042197793458e-01 -6.977216328266266920e-02 1.853356815796030066e-01
6.817216668767779320e-01 -6.345964696993672272e-02 2.109833902990361221e-01
6.854811098670124947e-01 -6.844532436762745808e-02 1.846599126993848650e-01
6.853984654486358075e-01 -6.834715794990958715e-02 1.850113614415034302e-01
6.818172954272448960e-01 -6.203587068223204160e-02 2.107775896841503904e-01
6.817628361521095304e-01 -6.349268700508031715e-02 2.108409909381039338e-01
6.854214710087388474e-01 -6.838959927798804461e-02 1.849124774008423788e-01
6.853312777252018595e-01 -6.835581032871451690e-02 1.851122671681917353e-01
6.819722473701148591e-01 -6.214526552754640054e-02 2.103510002997770467e-01
6.819676499245703738e-01 -6.216111474258451119e-02 2.101785575815520168e-01
6.854111673693537021e-01 -6.838642540316280938e-02 1.849174060939444697e-01
6.854912653765559138e-01 -6.848769471295174105e-02 1.844933122043477258e-01
6.854434023121893649e-01 -6.843017321485278526e-02 1.847946852580397703e-01
6.818350557193249006e-01 -6.197573302286113472e-02 2.108403833933643057e-01
6.819483908054619903e-01 -6.218437624648215367e-02 2.102418762827855669e-01
6.854815253155112087e-01 -6.847159610557557174e-02 1.846803601749600343e-01
6.818873573873728278e-01 -6.363019856172053013e-02 2.104209723222070227e-01
6.819690779445171103e-01 -6.215633314035090562e-02 2.101667687750958802e-01
6.854552088768124385e-01 -6.846273568543792543e-02 1.847514002494781149e-01
6.853013450759261049e-01 -6.981309438919269805e-02 1.851690426754646346e-01
6.853069196622758597e-01 -6.990172142668810151e-02 1.851107853445759233e-01
6.853641781974464386e-01 -6.993678791210050649e-02 1.847398738982186650e-01
6.818614598934054083e-01 -6.357219762887800218e-02 2.105067494393502159e-01
6.819540785343527478e-01 -6.220958557986461246e-02 2.102233903527088721e-01
6.819462079937934629e-01 -6.367268459743263831e-02 2.100579990541040498e-01
6.819634479088694246e-01 -6.371784591291096422e-02 2.099934327848174132e-01
6.819738459450364054e-01 -6.221520098966354384e-02 2.101409642604707972e-01
6.818497997032015867e-01 -6.358361791209127256e-02 2.104121347253451457e-01
6.819876667613804511e-01 -6.221048845967647178e-02 2.101105663347302421e-01
6.819011375756680593e-01 -6.368724285487831205e-02 2.102413059448644539e-01
6.853268442846656150e-01 -6.985977372618018544e-02 1.850729149678931318e-01
6.853753517660379213e-01 -6.836361509537697279e-02 1.848994429915786775e-01
6.856374894031465050e-01 -6.537910179723799287e-02 1.841670999977422785e-01
6.886367486545950101e-01 -6.713753399228300500e-02 1.844869083875857463e-01
6.886345788052052885e-01 -6.706967772084476698e-02 1.846588516045615247e-01
6.953586815119177089e-01 -7.532734982001776380e-02 1.585495907481864197e-01
6.985402827104032486e-01 -7.726239697129277939e-02 1.583763253562711082e-01
6.954797874698310789e-01 -7.550002837058900074e-02 1.578850496969685935e-01
6.895128443644880090e-01 -7.377733696019644904e-02 1.560710664925395452e-01
6.895129690071970519e-01 -7.216730781963465180e-02 1.560026722627683160e-01
6.860205870854885202e-01 -6.585276032696663062e-02 1.820480070342809231e-01
6.893073838307619550e-01 -7.363102421145883980e-02 1.566930822787471200e-01
6.893100662056773631e-01 -7.356889155499635180e-02 1.568238523060441203e-01
6.858200041550308601e-01 -6.725370621673015803e-02 1.828977930311836975e-01
6.894816675437778208e-01 -7.378728707516196694e-02 1.561709001703186495e-01
6.856789794158041351e-01 -6.706486241481451893e-02 1.834988957658940656e-01
6.894971957396148765e-01 -7.212459436545515246e-02 1.563525635970435257e-01
6.857739702895998546e-01 -6.718912022596590372e-02 1.830134940765739682e-01
6.856187109354138220e-01 -6.694287661074843632e-02 1.839506367752736793e-01
6.855487435953409037e-01 -6.851239393326635785e-02 1.840075840736434820e-01
6.857020250747620782e-01 -6.706707181678711605e-02 1.836032685947521781e-01
6.855608085286528652e-01 -6.853768174643809497e-02 1.840117297104237881e-01
6.924114733848572012e-01 -7.381977543668444275e-02 1.572581527965024595e-01
6.921125615750312043e-01 -7.503907251431790604e-02 1.587026603576995321e-01
