8.035998692974060109e-01 -1.840458708755746131e-01 1.317419265723474009e-01
8.130331357255339286e-01 -1.934555811450332508e-01 1.028786948315814076e-01
8.035580591036945997e-01 -1.840630514000728413e-01 1.318909987538285922e-01
8.133312153367996400e-01 -1.921598191443830705e-01 1.017097634799108974e-01
8.036653126316547491e-01 -1.841531616589873743e-01 1.314410826026692902e-01
8.131094415169239920e-01 -1.935679605047255503e-01 1.026188880463407838e-01
8.130136898837774240e-01 -1.934577455019577674e-01 1.030417706624648932e-01
8.199109272507936197e-01 -2.017768619951828823e-01 7.119261260654252688e-02
8.129900083122014731e-01 -1.934290847696363835e-01 1.030459556277245614e-01
8.036640930972963615e-01 -1.841434189737364557e-01 1.315009336563728315e-01
8.130058005740642413e-01 -1.934903548528402739e-01 1.030740462923362966e-01
8.198682103711396607e-01 -2.017074783431515028e-01 7.137679654564799137e-02
8.036332140273689806e-01 -1.841083774919509697e-01 1.315151124508202596e-01
8.036273883058786538e-01 -1.840797121629565991e-01 1.315611907393827718e-01
8.035890024573504320e-01 -1.840482608605921444e-01 1.318702513366878382e-01
8.036944895095735619e-01 -1.841517365536913253e-01 1.312960062369756820e-01
8.036091398143410114e-01 -1.840646797657757294e-01 1.315485719171984869e-01
8.036827789484113360e-01 -1.841144246777519367e-01 1.314232190513036080e-01
8.035557737011581603e-01 -1.823627574499324111e-01 1.318805473328836797e-01
8.035438268267720563e-01 -1.840216904097869699e-01 1.318925034236348992e-01
8.034697226608663589e-01 -1.839497838185503720e-01 1.320826222826605445e-01
8.129854159582674544e-01 -1.934519975754022403e-01 1.031277284278302453e-01
8.036573226978331874e-01 -1.841473398146554752e-01 1.314829650740167999e-01
8.035370283438503236e-01 -1.839876200365870851e-01 1.318752455886764707e-01
8.035140849372446326e-01 -1.839739092131852938e-01 1.320942863593488337e-01
8.062536962159305709e-01 -1.870681737257167965e-01 1.342993459394417055e-01
8.087792803185402946e-01 -1.900009865805208087e-01 1.367905981522143932e-01
8.212022471080482333e-01 -2.141364836067110311e-01 7.855695818914898432e-02
7.819646835813016672e-01 -1.764702627949192859e-01 1.566241887327468607e-01
7.656953070213108337e-01 -1.783150789916142509e-01 1.218024385253602127e-01
7.348979672706470456e-01 -1.650257732027508029e-01 1.096682933764534518e-01
6.833429639940127309e-01 -1.439248764202557540e-01 1.247702011345201978e-01
6.554707786750171294e-01 -1.302800637064659983e-01 1.146960666102356807e-01
6.218780459663599824e-01 -1.091663452362827136e-01 1.319522758525433215e-01
5.950264495620816163e-01 -8.973979445110630282e-02 1.524731105426784250e-01
5.846172556069075821e-01 -9.009785271935905060e-02 1.203954238041557989e-01
5.540942477555907963e-01 -4.831218532969056012e-02 2.419445172361525120e-01
5.589246418515256831e-01 -6.858592909435928808e-02 1.374906956049932738e-01
5.532862505416616949e-01 -6.072751577199247963e-02 1.327442859164877920e-01
5.360227524977915214e-01 -3.158433377022296096e-02 2.054563863103469057e-01
5.343078928023214935e-01 -4.277414824483910527e-02 1.535850969350367468e-01
5.275897247397538514e-01 -3.504086679623646949e-02 1.787851858151348061e-01
5.313538710038304691e-01 -3.955737755769489494e-02 1.523459975433947289e-01
5.314134348262633534e-01 -3.960968656922497777e-02 1.520139643202411683e-01
5.320743911990847286e-01 -4.556766768537084955e-02 1.249228960832313717e-01
5.247077002597712037e-01 -3.176269690737870688e-02 1.782937878617649741e-01
5.269112747889884707e-01 -2.747607146007563506e-02 2.061126268312660770e-01
5.320591876491300720e-01 -2.686467453267427086e-02 2.321885384239439354e-01
5.500209299229316118e-01 -4.034662280584866423e-02 2.674428479170898321e-01
5.603347522447317264e-01 -3.847681109634781826e-02 2.923492273641772332e-01
5.764431003168791756e-01 -4.875908452361821244e-02 2.985149055481477465e-01
5.957788052665323741e-01 -4.264580425554514997e-02 3.704634772400723364e-01
6.169236959111378260e-01 -4.619473496152087799e-02 3.749829134562203681e-01
6.378266927694051791e-01 -5.808300959885864811e-02 3.358431881914354378e-01
6.495010608878776237e-01 -5.189574648846312366e-02 3.354004509753296670e-01
6.485879878653227903e-01 -3.001230505780122515e-02 3.711837968129805265e-01
6.391469919169932012e-01 -1.358301810476181259e-02 4.074880795925539534e-01
6.355971618408113866e-01 1.962400519497697893e-03 4.206144093683323870e-01
6.316205817746073370e-01 1.232668004988879407e-02 4.356975488724892376e-01
6.173925703636289342e-01 4.240354479987923364e-02 4.411983632348908113e-01
6.079652284104347659e-01 6.523601898476483196e-02 4.486454832967727846e-01
5.919674915804907789e-01 9.695829641729597492e-02 5.037032785578630101e-01
5.923512552658826147e-01 1.058624835645258777e-01 4.301482551025317402e-01
5.732575220455616849e-01 1.386895468144118682e-01 4.487152392768694043e-01
5.560615696255892804e-01 1.692918557148277992e-01 4.849173093254341982e-01
5.402754478664651971e-01 2.057221174257248819e-01 4.839385114102472407e-01
5.392216866886947457e-01 2.194403283009045413e-01 4.786654945628088242e-01
5.355832654773723389e-01 2.235754016477205508e-01 4.603897330865796000e-01
5.312597490075617879e-01 2.285017117758095795e-01 4.581721744934246221e-01
5.269153706265490289e-01 2.374531472319700298e-01 4.709030561416218674e-01
5.268641328064389562e-01 2.374595927320345967e-01 4.708945595713520671e-01
5.237289920489529571e-01 2.348537997418725376e-01 4.875690164354236078e-01
5.240899520935260458e-01 2.331278844371466596e-01 4.725997767063314647e-01
5.239141411099900170e-01 2.308300304862176966e-01 4.732498172877621645e-01
5.236544673724256027e-01 2.286431287178816718e-01 4.741375620908330202e-01
5.233222127475046781e-01 2.275735792194311657e-01 4.762076356481179662e-01
5.206782753365404304e-01 2.271775218794283568e-01 4.899672733214113229e-01
5.230021935397636268e-01 2.229457291479767789e-01 4.761220629047369091e-01
5.217456683927915728e-01 2.135944971388950564e-01 4.950943127943652211e-01
5.287451658055821735e-01 2.043964164999257926e-01 4.689884127664352143e-01
5.334302322736560464e-01 1.882753733011782171e-01 4.931127243258295323e-01
5.360797705228164123e-01 1.735777768581360792e-01 5.140237864926717748e-01
5.514658446151494697e-01 1.492266051783859848e-01 4.944044947579293581e-01
5.644761266796640697e-01 1.194867583808973399e-01 4.773512223790350451e-01
5.805398898328215651e-01 7.803903495088215791e-02 4.808335090425714942e-01
5.980213563396558074e-01 4.106854659013453590e-02 4.783243987797416441e-01
6.266131103022754001e-01 -6.246155402831743420e-03 4.449268056523596471e-01
6.456815475282251526e-01 -3.533389280923460163e-02 4.429546195759124227e-01
6.693876303291663721e-01 -6.805790866531796768e-02 4.158263551629814980e-01
7.170337223933980209e-01 -1.234858475898913954e-01 3.043745446575265579e-01
7.392795630657016392e-01 -1.459646255223080447e-01 2.618462034213162593e-01
7.797538322482495676e-01 -1.953215695471540170e-01 9.862139420561555347e-02
7.694265903851479349e-01 -1.772663135435357529e-01 1.204284477260835207e-01
7.585501036441191225e-01 -1.639252937273346089e-01 1.451851427620765023e-01
7.586866835773751205e-01 -1.623537540565244686e-01 1.447618356636237724e-01
7.585339863389805037e-01 -1.621607552079148418e-01 1.451861824540037205e-01
7.583996807126119899e-01 -1.637602718761600462e-01 1.456376878191325552e-01
7.584591569203034123e-01 -1.637951422823853975e-01 1.456879747482824339e-01
7.585850954751387487e-01 -1.639911585064120492e-01 1.448950216754723019e-01
7.585224310042559814e-01 -1.639276794177442209e-01 1.453243066727594179e-01
7.582883819881275356e-01 -1.652712392988391066e-01 1.460027798623817485e-01
7.583184976669117283e-01 -1.653917929545007659e-01 1.458593442940916418e-01
7.656829356765271211e-01 -1.782782296495586394e-01 1.215023527632699274e-01
7.572812666267663140e-01 -1.710863799301609034e-01 1.498428582927697761e-01
7.625106653602777840e-01 -1.800093536870926714e-01 1.210128418001934492e-01
7.474020258075029233e-01 -1.701764413333757830e-01 1.140986272578767835e-01
7.281584239315338491e-01 -1.488660419973972804e-01 1.341044434073694891e-01
7.024895903519332574e-01 -1.339288511309101870e-01 1.548378759923958459e-01
6.860172480279966845e-01 -1.227832496706433019e-01 1.144805475103263248e-01
6.614731115579605136e-01 -1.035768310511112067e-01 1.338711170115232107e-01
6.381846075387687112e-01 -8.271281220027804082e-02 1.209111306239856187e-01
6.350986692639262188e-01 -7.942788462932404148e-02 1.191918649737357949e-01
6.206898962537988895e-01 -6.395227885429560777e-02 1.726606114338884446e-01
6.151653432062521576e-01 -5.903260108056668232e-02 1.984175223007180744e-01
6.152956135079548083e-01 -5.754761169436567458e-02 1.980034232888570056e-01
6.105508998583585312e-01 -4.867809969586128771e-02 2.209671588865353975e-01
6.157876090051621620e-01 -5.323912307135014732e-02 1.962461807718580697e-01
6.106003826216847008e-01 -4.701538727996495970e-02 2.212007410566665389e-01
6.209732271590590047e-01 -6.091254616871477623e-02 1.719591779772071671e-01
6.320234664778381362e-01 -7.360485594850030289e-02 1.499243383871335933e-01
6.302904868883639766e-01 -5.946154260089242527e-02 2.297934664915552982e-01
6.519860018755033737e-01 -9.420840423284843057e-02 1.613504116025974433e-01
6.453234609473987859e-01 -7.424080718955017311e-02 2.936059236825641072e-01
6.664760205120807690e-01 -9.638541082406204552e-02 2.804582693650938818e-01
6.902069767847380799e-01 -1.151715184317584906e-01 2.374616803232556528e-01
6.852201753952293917e-01 -9.731975242678814197e-02 3.111809414035409116e-01
7.039013387777850461e-01 -1.045113182997964296e-01 3.179395011643049163e-01
7.098123558138266231e-01 -1.004593532616235296e-01 3.179956452118308796e-01
7.191601461403369644e-01 -9.284953441168358745e-02 3.161690310119851244e-01
6.968296260087206706e-01 -4.847715585991363429e-02 3.878288905575166812e-01
6.998981301384180620e-01 -3.165993961319324423e-02 3.589689682986154651e-01
6.751642515317052284e-01 1.374413911853733516e-02 4.223104052214412540e-01
6.646770403465003252e-01 4.358669354993105483e-02 4.485927567204757160e-01
6.503657670754343645e-01 7.004162923993167977e-02 4.532297215434042403e-01
6.301701006744175881e-01 1.037214341235458970e-01 5.065529182388111007e-01
6.246903104976221366e-01 1.201443289121240654e-01 4.638509851734824441e-01
6.076618182355926212e-01 1.478256010414213395e-01 5.010998938834854144e-01
5.954255348790675750e-01 1.770470629082620539e-01 5.026423404097302150e-01
5.929999484060481940e-01 1.974582868192344964e-01 4.939822347673230585e-01
5.924028599357485936e-01 2.133584426479339657e-01 4.873720017444549413e-01
5.858030697194427372e-01 2.292020793191492656e-01 4.955786202564196330e-01
5.778796800560511704e-01 2.417861995828077815e-01 5.200451580922822448e-01
5.793008073210045294e-01 2.479218696537763278e-01 5.053686173814573301e-01
5.809738626551873564e-01 2.497698882468566417e-01 4.878003005339917042e-01
5.768081215520143301e-01 2.549521624160409616e-01 5.165287388518511325e-01
5.812748318987376317e-01 2.531320054018125210e-01 4.869378074402148648e-01
5.789470297576710944e-01 2.532691404044180583e-01 4.862807753846325465e-01
5.739290023097269877e-01 2.491357387622966657e-01 4.875859664319699416e-01
5.713914929558001621e-01 2.471026646611170219e-01 4.881655681936343250e-01
5.688823261801607689e-01 2.439352096242533019e-01 4.881760930553671329e-01
5.671468456494287436e-01 2.388172699101418495e-01 5.063495522859773335e-01
5.683915674508362992e-01 2.113168626805544403e-01 5.209724404533043751e-01
5.726436080179155841e-01 1.845404540099203627e-01 5.300443093902705849e-01
5.859592372850149777e-01 1.493667004163563572e-01 5.309863260290397236e-01
5.997062949030383949e-01 9.851696322365105507e-02 5.406495838231810680e-01
6.175345164479970617e-01 5.647541196353739190e-02 5.263130598581984287e-01
6.441031004765958023e-01 1.746529325620088668e-02 4.755625128301046445e-01
6.670934104174062185e-01 -1.838976537306230563e-02 4.593868310690414347e-01
6.964135086350604631e-01 -6.610411577143143758e-02 3.533005017545642890e-01
7.050895656649742715e-01 -9.385535866412608730e-02 3.136296940636351671e-01
7.194274380111203016e-01 -1.362635563423074125e-01 2.232550705004738845e-01
7.273994991955473610e-01 -1.566706590066589133e-01 1.724451650135907510e-01
7.243621105835691409e-01 -1.601251400143093861e-01 1.709856991649496560e-01
7.229255339490100463e-01 -1.637263094448409839e-01 1.407278211138274226e-01
7.250451920551239660e-01 -1.662462720814122941e-01 1.082229039786390956e-01
7.228685155646450422e-01 -1.586240973764899698e-01 1.038809912233569221e-01
7.231463901653416571e-01 -1.572541692615467834e-01 1.026137840317877803e-01
7.230520445376567018e-01 -1.589450191249828226e-01 1.026950028802064985e-01
7.226319002838842431e-01 -1.601713679585363703e-01 1.043561054269617205e-01
7.151801718597888824e-01 -1.516461801823079658e-01 1.322463419666677353e-01
7.152648609823681891e-01 -1.517837848759460706e-01 1.317779962986680431e-01
7.151660997912914208e-01 -1.516089211553334759e-01 1.323187326201216152e-01
7.222618216489025134e-01 -1.613466180248651627e-01 1.060518730860584569e-01
7.152127793905265207e-01 -1.516976939893383003e-01 1.321903120800138609e-01
7.116064184295661788e-01 -1.546259477740470345e-01 1.329695284733005689e-01
6.958154335283137648e-01 -1.510378953642416699e-01 1.286917757660896999e-01
6.868680674521662199e-01 -1.558624390510264246e-01 9.585125492088142352e-02
6.491069305863566008e-01 -1.330332124836016150e-01 8.246912642141146499e-02
6.258530904704033837e-01 -1.008650822808220271e-01 9.766104838227240847e-02
6.059534139599516145e-01 -7.779111762520668494e-02 1.154797470594473019e-01
5.901070013155266247e-01 -5.474606859136366133e-02 1.656102774571970304e-01
5.834168239211111606e-01 -5.176463392171259947e-02 1.319148801776215407e-01
5.773113982961206592e-01 -4.816590386173125182e-02 1.303669696031495295e-01
5.684791004919647062e-01 -3.315148352776464691e-02 1.816766436717465183e-01
5.684914264966607345e-01 -3.313255241696533293e-02 1.814900006223096884e-01
5.683984807260692440e-01 -3.292880075813825469e-02 1.822831372513129544e-01
5.728920219627826604e-01 -3.887663700309396120e-02 1.567126115744306158e-01
5.787117034181729069e-01 -4.369099191620945399e-02 1.593256630828834286e-01
5.813330217233672048e-01 -3.518455471466475082e-02 2.137297071959696204e-01
5.830234219540982865e-01 -3.007529460096358687e-02 2.372153751717165360e-01
5.958927187632412359e-01 -3.754096791583300119e-02 1.872326614817840795e-01
5.962454875295147838e-01 -1.641894777177277387e-02 2.340029196844406467e-01
5.974286979868694836e-01 2.910281637859346571e-02 2.897281178383550593e-01
5.997383134165837903e-01 5.087230342172088804e-02 2.816692433321199562e-01
5.955375912014380102e-01 7.537501095993814904e-02 3.159831452736101554e-01
5.786618261006026831e-01 1.098350392259359043e-01 3.851216309798313198e-01
5.681831934759564717e-01 1.347950505777821273e-01 4.121367507616484627e-01
5.608960999700524086e-01 1.519281413402184810e-01 3.860835515675467011e-01
5.437138441970433833e-01 1.778991843429990616e-01 4.628843498471395534e-01
5.400666579939924494e-01 1.921228554834202296e-01 4.045905712048727398e-01
5.356572452305894405e-01 2.044101531420386975e-01 4.158873784388550376e-01
5.252092821921692245e-01 2.151454339000387073e-01 4.621660239926708158e-01
5.204607045604900950e-01 2.196923203520876888e-01 4.762210004840163879e-01
5.206955458570754480e-01 2.230264213761373737e-01 4.754639136986951176e-01
5.207182280876555547e-01 2.230601438750812737e-01 4.753314520168119284e-01
5.210357322231153887e-01 2.234968937181616710e-01 4.604906122945788827e-01
5.189288741331647969e-01 2.217261890419484072e-01 4.437225840572391888e-01
5.163255032363989194e-01 2.226160992563543939e-01 4.588120098537045166e-01
5.163520877543499310e-01 2.226241938848066426e-01 4.587830639940191357e-01
5.186326541937154033e-01 2.254842450719466984e-01 4.743133292067125417e-01
5.212257767113172013e-01 2.245773091872421690e-01 4.591110483190559144e-01
5.168993807043620325e-01 2.242670124334297799e-01 4.414436798663032846e-01
5.120284669711600012e-01 2.245237124544512963e-01 4.418177752516458945e-01
5.117926262427000550e-01 2.252268100184295907e-01 4.571601977814316875e-01
5.166210471564064433e-01 2.217984647913706087e-01 4.429185141861211594e-01
5.211667426765305144e-01 2.048691291985204610e-01 4.846232531099334828e-01
5.363693798583923922e-01 1.710999430477618821e-01 5.009624033953636868e-01
5.560488296819925402e-01 1.238663943342269147e-01 4.958152688267261077e-01
5.845767887924909756e-01 6.777858090804517177e-02 4.527976845280987650e-01
6.086568121782317542e-01 1.675747762368617888e-02 4.346946453403881527e-01
6.357013418342560840e-01 -2.182657057229425712e-02 3.892898705202170184e-01
6.648842204418375923e-01 -5.481841378149016064e-02 3.632170345248708632e-01
7.086781664021724048e-01 -1.082618077822012914e-01 2.389037266276350380e-01
7.408305374569270629e-01 -1.317482147931837710e-01 1.934870069310703489e-01
7.587867111457169411e-01 -1.554640528510957687e-01 1.444677838783516854e-01
7.647364235798708165e-01 -1.613132992433439217e-01 1.134582351008039947e-01
7.706428155789903922e-01 -1.672886348541658408e-01 8.140843615899084895e-02
7.621061039815879568e-01 -1.585181472231242394e-01 1.101996044726887281e-01
7.621577240524917141e-01 -1.585337879099473213e-01 1.102275089563242716e-01
7.620290046724818023e-01 -1.584169573549087939e-01 1.105256682378712441e-01
7.617734978669912227e-01 -1.615131208256259110e-01 1.116521798717295955e-01
7.620276299841247658e-01 -1.584002976775225058e-01 1.106257597313857755e-01
7.675135641254582364e-01 -1.672983410388174663e-01 8.045317945391183834e-02
7.591851233689833611e-01 -1.569743605643035833e-01 1.087998597592516603e-01
7.590348420768313620e-01 -1.585369954227190403e-01 1.090895811888183964e-01
7.591926007416620603e-01 -1.569859354556686903e-01 1.085339044492441563e-01
7.592991309560381818e-01 -1.570572046168055014e-01 1.082068314695916467e-01
7.591797974955811767e-01 -1.568876574829257686e-01 1.087260024824325821e-01
7.592811221195128191e-01 -1.570071300886040633e-01 1.084028261015479444e-01
7.592971359217927096e-01 -1.571054765249900176e-01 1.081964261954406759e-01
7.734170600896459469e-01 -1.750735432664704549e-01 4.816080045861248493e-02
7.646070322367355399e-01 -1.658558785532079360e-01 7.836076640976918917e-02
7.645570612559093870e-01 -1.658150079856403059e-01 7.859575456671286098e-02
7.644489045051514609e-01 -1.657127017461508256e-01 7.896876487696635749e-02
7.646857284670133259e-01 -1.659373774940119950e-01 7.812891535751287364e-02
