8.362055690020441245e-01 -2.554569471254497515e-01 2.228480937201227086e-02
8.363201054751336905e-01 -2.555781291577815528e-01 2.188987144741716406e-02
8.362530379445433093e-01 -2.573631853120773583e-01 2.219298705169081565e-02
8.360389975427389153e-01 -2.589953262656926603e-01 2.286165319209088054e-02
8.359046055359721228e-01 -2.588784193601906258e-01 2.337182668160497911e-02
8.350902626033545051e-01 -2.636310233979523021e-01 2.621854194138939498e-02
8.073554678930878747e-01 -2.268502863703071859e-01 1.526469204886229392e-01
8.127639554559111801e-01 -2.276883940689563568e-01 1.569904119392335762e-01
8.006326106602370540e-01 -1.974780662456452895e-01 2.395744218189239660e-01
8.253470588534236319e-01 -2.114061862827837091e-01 1.881194597573070393e-01
8.257136240513354153e-01 -1.930073379898741837e-01 2.139616991051620509e-01
8.152398128261268972e-01 -1.569715362531989844e-01 2.841402520994291692e-01
8.327691166700481595e-01 -1.424805133514999711e-01 2.525718037852286990e-01
8.179044238359318708e-01 -9.136216625663307056e-02 3.364037853637706910e-01
8.465419447046698131e-01 -7.709054054303465797e-02 2.847643131882919842e-01
8.644426467739879660e-01 -4.020510262940818480e-02 2.441396403085869249e-01
8.492088911562443165e-01 1.371225990340119161e-03 3.018262379402203432e-01
8.540083082670508752e-01 2.909971236532926664e-02 2.871610008087246424e-01
8.698893065423191073e-01 5.349903177174925029e-02 2.225426496924818309e-01
8.775694858950973121e-01 6.780350193545225945e-02 1.857428323808818504e-01
8.579593723862886101e-01 9.398173654708269487e-02 2.265944261076660027e-01
8.596010574858485853e-01 1.052119642990827497e-01 2.209720550801783645e-01
8.403445376434921510e-01 1.210968161435425627e-01 2.619414666712611695e-01
8.490180445915043173e-01 1.195510780911445692e-01 2.397790295490889179e-01
8.475820754905164511e-01 9.201101244166487447e-02 2.536156732817171910e-01
8.631592571717798812e-01 3.392269200021025277e-02 2.113659106105179042e-01
8.476396196745334954e-01 -3.416012132555212855e-03 2.540902311734736241e-01
8.437649712643384703e-01 -3.447591500593716329e-02 2.429743669326647204e-01
8.506461206024646948e-01 -8.216994400395449816e-02 2.016506676554306043e-01
8.341338955425425805e-01 -1.098707356702200433e-01 2.388267404902526536e-01
8.186342587483957933e-01 -1.336727281885184415e-01 2.735920955073272154e-01
8.003019119340539778e-01 -1.283795496722310303e-01 3.228692836051418880e-01
7.993940818523466163e-01 -1.423600005709826366e-01 3.018397763979017157e-01
8.049468016559422345e-01 -1.595790661609619576e-01 2.522440395853622341e-01
7.793206911098569112e-01 -1.430556354712471390e-01 2.984807949699304075e-01
7.540940624985873475e-01 -1.250360004531144709e-01 3.100099743987769774e-01
7.283443357314527411e-01 -1.092164450371190254e-01 3.247657310851908008e-01
7.081882222208213395e-01 -9.425204284794164167e-02 3.128145068383152427e-01
6.914022642446160383e-01 -9.855058228521046404e-02 2.334464053282989671e-01
6.436386147320717344e-01 -5.830374395560478096e-02 2.893580328018419134e-01
6.213932717265486794e-01 -5.268586049021778406e-02 2.005701478372141633e-01
5.709684765367820658e-01 -1.373506794705936507e-03 3.023615589256127834e-01
5.297260677756998604e-01 2.132495226537811650e-02 3.105054958391455511e-01
4.895976804873726773e-01 5.812900974560530898e-02 3.981293291876482066e-01
4.690619311639286360e-01 6.499026146211478450e-02 3.737769449156385093e-01
4.475085570936218060e-01 8.274492151975632037e-02 4.039307020578810636e-01
4.147618011773496205e-01 1.069868144165277979e-01 3.723421557329846809e-01
3.983609360895976059e-01 1.330380815378874870e-01 3.989198082498943698e-01
3.885146550587981196e-01 1.517470820064544812e-01 4.090857877937599252e-01
3.746171946841865830e-01 1.686750208902656478e-01 4.018379752060159404e-01
3.715450193731248407e-01 1.829241243032813102e-01 4.310245453959136164e-01
3.687589096118152332e-01 1.892511424450576407e-01 4.445261803384601418e-01
3.602510354401081694e-01 1.956887308133542502e-01 4.262460373540595260e-01
3.560892012426972730e-01 1.994868539197444668e-01 4.075851378569186334e-01
3.537645733669936843e-01 2.021836899495721429e-01 4.062522510850579138e-01
3.511016210399001691e-01 2.071181970963180130e-01 4.204800262616408268e-01
3.530619956943183979e-01 2.126938201075494472e-01 4.517255823022647832e-01
3.561356287355900152e-01 2.137747461258769355e-01 4.351298422875342631e-01
3.568436191993504258e-01 2.150595275482535818e-01 4.185196621803000117e-01
3.587962536037773154e-01 2.159979389049411225e-01 4.349977990768894021e-01
3.545532204736828175e-01 2.165107392707169010e-01 4.196438446019739033e-01
3.538239061180800671e-01 2.152263356481194934e-01 4.354523930166764867e-01
3.510542354788720454e-01 2.118071736936867344e-01 4.361510531020880155e-01
3.522619086662232557e-01 2.024130462698042754e-01 4.574354781923890556e-01
3.589887907670885614e-01 1.949528429391086393e-01 4.611365907165572153e-01
3.704811757376879067e-01 1.846316795926392085e-01 5.139255769961130760e-01
3.835988350288898063e-01 1.644739535676836839e-01 5.075039716345148832e-01
4.006854128066450471e-01 1.454906315985322607e-01 5.161171383184091077e-01
4.261202383796393600e-01 1.259045609207749550e-01 5.567672436922221912e-01
4.531703656117752055e-01 1.032671588235199445e-01 5.710183204003222990e-01
4.824926936059478200e-01 8.228970273848995598e-02 5.817367474954736606e-01
5.159015864840529320e-01 6.005596256601070104e-02 5.925875247446451555e-01
5.684977488439604265e-01 1.646447039232779019e-02 5.604841758967999965e-01
6.023170381371064641e-01 -1.064975538615092754e-02 5.556670656136510900e-01
6.549717180501073432e-01 -5.601015631090100477e-02 4.910947497746052104e-01
7.114356487787008021e-01 -1.071583114534616354e-01 3.964577580793620104e-01
7.356086889962196729e-01 -1.236177211915552299e-01 3.828122616269438172e-01
7.685865241762162015e-01 -1.567976060458570464e-01 3.304473323182208766e-01
8.037865394850731704e-01 -1.960840422947853767e-01 2.393824022899582182e-01
8.249158290053366649e-01 -2.178665642823725546e-01 1.893218203229232177e-01
8.199760120163024357e-01 -2.033543436743766031e-01 2.116351476373985463e-01
8.399454813888669324e-01 -2.113343714732676681e-01 1.555650038247928801e-01
8.486075723816484118e-01 -2.139984818374141562e-01 1.218587427246951016e-01
8.390641736470429990e-01 -2.032099401157870522e-01 1.481608122982271958e-01
8.388993753156750444e-01 -2.030278633720501991e-01 1.487071458515725197e-01
8.385911876738160187e-01 -2.059599857168718517e-01 1.498417916585914611e-01
8.384829556002258988e-01 -2.058950755726993154e-01 1.502040502640813457e-01
8.387600106517254517e-01 -2.045742752023190225e-01 1.492439347593470522e-01
8.385905846490144810e-01 -2.060635917459278932e-01 1.498238856464191304e-01
8.383636577865540840e-01 -2.058646719089001209e-01 1.504991837149067813e-01
8.383427735588132590e-01 -2.058723010891973793e-01 1.504505803871034608e-01
8.376561073934316592e-01 -2.068401601164340797e-01 1.529213394492745515e-01
8.378941173153519051e-01 -2.071150112093388951e-01 1.522133793197126828e-01
8.382618885613620785e-01 -2.058091893091797686e-01 1.509907117449553748e-01
8.322333334754288270e-01 -1.954740951539128690e-01 1.764467044042155042e-01
8.450121213023185085e-01 -2.012990870259404041e-01 1.502242725832640957e-01
8.518478475666165783e-01 -1.748712682201117308e-01 1.764430263476506333e-01
8.667332551517226147e-01 -1.255528239113483657e-01 2.202569397925742134e-01
8.827604016323269409e-01 -2.777621643804006890e-02 3.026985721924646544e-01
9.096530740494191969e-01 7.659419949352763712e-03 2.843198238943367429e-01
9.189105250931918212e-01 3.029811838257318035e-02 3.010456846807447739e-01
9.353578040027737961e-01 4.584643686163430987e-02 2.695940661194979882e-01
9.630267400405765343e-01 5.525262368604544339e-02 2.146477320384174714e-01
9.612578326019765029e-01 6.594545483595137814e-02 2.370862531823456631e-01
9.576942279534816915e-01 8.469595843419436276e-02 2.557564804351180054e-01
9.676263114887595496e-01 8.663180546623466816e-02 2.277906723850009474e-01
9.765867559210955617e-01 8.313237708067894305e-02 2.021081569331735217e-01
9.864418029336690097e-01 8.223359924119710840e-02 1.740091044402898302e-01
9.864762090568184316e-01 8.225708657965064008e-02 1.738937571566254725e-01
9.857302605019331310e-01 8.098084950065620458e-02 1.759015165106176948e-01
9.760511348065434856e-01 8.174032568153738465e-02 2.036132278259874528e-01
9.661633957356989821e-01 7.828417041465646209e-02 2.320281703901052595e-01
9.628599089280247547e-01 6.468380589395761326e-02 2.409435079961896875e-01
9.683233570983826866e-01 1.827703174045686163e-02 2.071575270677565861e-01
9.229851521447838270e-01 1.120897437801959828e-02 2.957204996240141437e-01
9.519669190696179450e-01 -3.815265252883731639e-02 1.999512172804489563e-01
9.109878006784974946e-01 -3.996736532855033053e-02 2.791364201328070394e-01
9.147222417738796185e-01 -6.968244027931985718e-02 2.377528064516887252e-01
8.739591218627661418e-01 -6.689750369698554966e-02 3.123975644742287283e-01
8.957784964450090648e-01 -1.109283686201646968e-01 2.180797272017338528e-01
8.566107244909419993e-01 -1.069484138082898994e-01 2.690694764446737164e-01
8.297541866719383430e-01 -9.579900527781709529e-02 3.134662562548256037e-01
8.048693395671758788e-01 -9.637099681382715888e-02 3.087204694313281372e-01
7.866423565568321230e-01 -8.933479836334101698e-02 3.003020417194945946e-01
7.604234540946110954e-01 -7.922772467836364241e-02 2.890867412376250112e-01
7.190799350229709619e-01 -5.124786328475172681e-02 2.960262527666031040e-01
6.949924602158368270e-01 -3.612412405424564321e-02 2.872150521287417657e-01
6.660855620348841155e-01 -1.251788476456699994e-02 2.948211433749376997e-01
6.233776214080035682e-01 1.129323078316452067e-02 2.772860855505971944e-01
5.822090838818178016e-01 3.018051029324536616e-02 2.643235236479395400e-01
5.474773671452350943e-01 5.636575914555047584e-02 2.966975367160136212e-01
4.742039682184517324e-01 1.179929475885331813e-01 3.515586352186679253e-01
4.484848662306487044e-01 1.430116768477558975e-01 3.976400685147671865e-01
4.173639813052654746e-01 1.711016311968565073e-01 3.836636325480580201e-01
4.060588412343844045e-01 1.923798822973520339e-01 4.455061498546188936e-01
3.988744938527583606e-01 1.962683766336142943e-01 4.100155982215611949e-01
3.915748405291527012e-01 1.992642371506393451e-01 4.079388990434242857e-01
3.898724842592478090e-01 2.052937085975111153e-01 4.393432926891771562e-01
3.870410828141808146e-01 2.112808377173543417e-01 4.541200512567162839e-01
3.839721875964194342e-01 2.106470282913148750e-01 4.219624835434421239e-01
3.779274239507138811e-01 2.076541353756785058e-01 3.872338092920450947e-01
3.770341264754920596e-01 2.076103248618244579e-01 4.036725015186324317e-01
3.807780102508098174e-01 2.130799666578472307e-01 4.366548903491838107e-01
3.810586968080044157e-01 2.165675437409579907e-01 4.352504720746488420e-01
3.819024298650055549e-01 2.156393514406085288e-01 4.194655906813338220e-01
3.836445915160685560e-01 2.176458453266024717e-01 4.348011210777595892e-01
3.876499449981420931e-01 2.182621114495992276e-01 4.516859311797007948e-01
3.894971180492848850e-01 2.248169826079607359e-01 4.641772312591059269e-01
3.917511432257055892e-01 2.333436602518260683e-01 4.762633196924119794e-01
3.966421620710566254e-01 2.385998148313612788e-01 4.434990554626603299e-01
4.006379341367021230e-01 2.435563868574350810e-01 4.249990011324160655e-01
4.022093921014919804e-01 2.463587277638167872e-01 4.399639081653052841e-01
4.023248369629934817e-01 2.488189564853758307e-01 4.079634979254804783e-01
4.006834845095962883e-01 2.459822739091813704e-01 3.911710008139981376e-01
3.977340298540189556e-01 2.378830851971359128e-01 4.282172918321749400e-01
3.988606516551136405e-01 2.349637853747904570e-01 4.474697750077456515e-01
4.066105526415645932e-01 2.269513572650254662e-01 4.654139691407859214e-01
4.138603755779757809e-01 2.149087097949832770e-01 4.876557565671852945e-01
4.274825150117531058e-01 2.003613176121264439e-01 5.106111640253505612e-01
4.435710458363532616e-01 1.802648168090879577e-01 5.050062545927911373e-01
4.632525871572568676e-01 1.625490988312512375e-01 5.284927379209571896e-01
4.885465240739982895e-01 1.400600677149035356e-01 5.399413864632078841e-01
5.106511379305067599e-01 1.098758091716650065e-01 5.430182152954015073e-01
5.464978472465739090e-01 7.101211865592005346e-02 5.453086732389382796e-01
5.795544060386061958e-01 4.268108579099927358e-02 5.426531448585696360e-01
6.244457275749937253e-01 -1.854678130879972020e-03 4.632374374350360924e-01
6.577628207324839327e-01 -2.433533806593157767e-02 4.989199553878584936e-01
6.913418992670856689e-01 -4.960028236166946769e-02 4.976706417197167553e-01
7.548671255954265691e-01 -1.119221379161476626e-01 3.842281062240779921e-01
7.870171269770920297e-01 -1.534197325469552897e-01 3.026912917809247983e-01
8.206017184065104164e-01 -1.941050796033143844e-01 2.096623767609120392e-01
8.309374109097122929e-01 -2.008531484019309143e-01 1.805904186785562970e-01
8.488267612160622644e-01 -2.143235672128498415e-01 1.211302601601540463e-01
8.490082997968524392e-01 -2.128644107419773446e-01 1.201329201456540208e-01
8.389326993266135180e-01 -2.031379041552319742e-01 1.482739875079430725e-01
8.391812724741249951e-01 -2.035069009116664551e-01 1.473628042411840866e-01
8.454152165768147320e-01 -2.123334567030072118e-01 1.208134048265396832e-01
8.454108635916144365e-01 -2.140361999723240372e-01 1.205454052824517230e-01
8.454195685937077043e-01 -2.124087231138273857e-01 1.205246663671752927e-01
8.355297179550826847e-01 -2.044662937418371684e-01 1.486338263630584411e-01
8.355122061134070410e-01 -2.061334790967776776e-01 1.484931414022900853e-01
8.352427346927195906e-01 -2.039961190611049580e-01 1.496019165698667663e-01
8.318354536475538463e-01 -1.915820516936182771e-01 1.773609138928891049e-01
8.297690393976986378e-01 -1.706903708831071786e-01 2.010851438978225048e-01
8.464494406358719081e-01 -1.577727631016969667e-01 1.987829061432719868e-01
8.461148019371926843e-01 -1.249980065606832169e-01 2.155581249992697401e-01
8.507610376040994904e-01 -8.077516102427240163e-02 2.583603478740541526e-01
8.526432722121297658e-01 -4.144986397285754798e-02 2.968590446981265174e-01
8.895301301124036719e-01 -1.365806951646503231e-02 2.330205832847997982e-01
8.760416847664713735e-01 2.785958597746496235e-02 2.914672567604867925e-01
8.824850192959189377e-01 5.049632916602486699e-02 2.809859067595750215e-01
8.869292221382916175e-01 7.599359525641802282e-02 2.678728086198567393e-01
8.897714390718103328e-01 9.514943177422885423e-02 2.592369487681775997e-01
8.910248135826528415e-01 1.033544077702760466e-01 2.556346963517754922e-01
8.920048277299343908e-01 1.116174464940726807e-01 2.527192303827225928e-01
8.910567701531291185e-01 1.089935966054797478e-01 2.552628613999008422e-01
8.989178267100452757e-01 1.086954336396158127e-01 2.291140249015957142e-01
8.967153139750421165e-01 1.086833831841945708e-01 2.272157928486795431e-01
9.045186582015871668e-01 1.083891609490811314e-01 2.010496177500993298e-01
8.971803174215973176e-01 1.099843938963711576e-01 2.257294380249381671e-01
8.891002188243388726e-01 1.117583497785628599e-01 2.527039033394482548e-01
8.987355125743985429e-01 1.087209912144542212e-01 2.298390245328187920e-01
8.967115736598968434e-01 1.021658810625970526e-01 2.358715369749158075e-01
8.962743337380350006e-01 9.349495261934404056e-02 2.372850238218784380e-01
8.916534593463659730e-01 7.766861917385464720e-02 2.507802464101047679e-01
8.868901486176847815e-01 5.230157676765329056e-02 2.565718877011209376e-01
9.118102403100489806e-01 2.732620229095206188e-03 1.696942115812865026e-01
8.792022811690152206e-01 -1.690853899291155926e-02 2.373009649202464377e-01
8.525295895218312214e-01 -4.292717025649545048e-02 2.978544909257978546e-01
8.587091623310715294e-01 -8.547227255948630642e-02 2.625562856555931912e-01
8.434741706048007881e-01 -1.175275198278417643e-01 2.717420571988253819e-01
8.362310341500863720e-01 -1.330491234093121866e-01 2.756472110615384441e-01
8.534160251196534208e-01 -1.853197013941183524e-01 1.821916570820367731e-01
8.212650434413522049e-01 -1.747359775794967707e-01 2.341973954299589877e-01
8.185032298432051157e-01 -1.866350239198654726e-01 2.061362038450287315e-01
7.977387668268889342e-01 -1.848520071037784152e-01 2.000466787422188197e-01
7.622518286773025675e-01 -1.446423727051168451e-01 2.676132847399248504e-01
7.443517256957918882e-01 -1.276687797322869078e-01 2.549067984483017746e-01
7.251487219948620222e-01 -1.081133807334676011e-01 2.146673850889628810e-01
6.955451823237166487e-01 -7.302556958455963532e-02 2.736648397184413550e-01
6.891661372733324242e-01 -7.339684893923992259e-02 2.190529518825932165e-01
6.526241971006006004e-01 -3.842709218557921469e-02 2.538409476756535721e-01
6.319295905480921682e-01 -1.352227416940032789e-02 2.396366399032427985e-01
6.043951379775569510e-01 2.922214804884798456e-02 2.436085273834278642e-01
5.552565024062089405e-01 7.911133349571380924e-02 2.401182860188459944e-01
5.168936988063604909e-01 1.124013730692186019e-01 2.448160796478127121e-01
4.767072856865421371e-01 1.457168453740625980e-01 2.963250133337402836e-01
4.433891080092966508e-01 1.789237209261655415e-01 3.632549611617474916e-01
4.249465287502959265e-01 1.980707487077265627e-01 3.735074704367391529e-01
4.109638916875868464e-01 2.183779193193614576e-01 4.010502657884702504e-01
4.044777548775926324e-01 2.301993522972911599e-01 4.299261540264895931e-01
4.025689889614299521e-01 2.397723064179271835e-01 3.919687752719425156e-01
4.005590457071065424e-01 2.448609825568199283e-01 3.898292411327719531e-01
3.973003230708003208e-01 2.492217610352038815e-01 4.059581586660563346e-01
3.944326378780543818e-01 2.520971899470687005e-01 4.539896255544453307e-01
3.938533224315732273e-01 2.560030966851413181e-01 4.693638643340960481e-01
3.976984950642674654e-01 2.584250542968809516e-01 4.822443309039190495e-01
4.006406691596061109e-01 2.559164684464633743e-01 4.374870346962556056e-01
3.981765026306256505e-01 2.549328859688193005e-01 4.388144563548570520e-01
3.967483620050042958e-01 2.545825537206828915e-01 4.221712484646453767e-01
3.933122429870455905e-01 2.552115767540037439e-01 4.380172954447225653e-01
3.879053954832554219e-01 2.497130969334244721e-01 4.383653801733315980e-01
3.869199266935467452e-01 2.382156789556741372e-01 4.458954224050701853e-01
3.807500075985938426e-01 2.313249982856810383e-01 4.138765144357010595e-01
3.857400289354145362e-01 2.253934712066948953e-01 4.484827796958623658e-01
3.891205258912682208e-01 2.180131062100529871e-01 4.689962443116784119e-01
3.912458988740533661e-01 2.155568588966429999e-01 4.703443461449936525e-01
3.953755977999821036e-01 2.108203218588083905e-01 4.387492796376397663e-01
4.046511670884490597e-01 2.042002829249203177e-01 4.737176676964729438e-01
4.101671517914548537e-01 1.969893462588042099e-01 4.633503657698863076e-01
4.242824989876002872e-01 1.834466970446407830e-01 4.848592510334981398e-01
4.390462513612642947e-01 1.632623870244771513e-01 4.953018831961832902e-01
4.563736446652337797e-01 1.415732459115833231e-01 5.210516032647616314e-01
4.811935853542416708e-01 1.112301744758784627e-01 4.900789687273872097e-01
5.106733698783065822e-01 8.783808069918397354e-02 5.624564073479438875e-01
5.549972748796873079e-01 5.446142354830352250e-02 5.378882807823617274e-01
6.222767144882306312e-01 6.280639472231452913e-04 4.617095697982325220e-01
7.917066946027457863e-01 -1.281640839684754507e-01 2.346141417514815419e-01
8.206278777672857405e-01 -1.518220120763256742e-01 1.887975572168922866e-01
8.423448789866492259e-01 -1.718071112308315884e-01 1.377810280595939130e-01
8.430835296617954500e-01 -1.742902951587960159e-01 1.350588835858874681e-01
8.426656321977241682e-01 -1.739763373194299634e-01 1.361817851679201219e-01
8.424446729044496873e-01 -1.771579246688186893e-01 1.369697465479373655e-01
8.423349615920767697e-01 -1.770210362138561200e-01 1.372616446893464293e-01
8.426154754924266577e-01 -1.772969211892857500e-01 1.362885154006248101e-01
8.423451624681621563e-01 -1.754269701675847393e-01 1.372043788406736020e-01
8.426036963956787806e-01 -1.756412540122456178e-01 1.364059645657258457e-01
8.426338273445292959e-01 -1.756684740089289876e-01 1.364992097777677493e-01
8.424762719610825457e-01 -1.771568553780354105e-01 1.369176400618377087e-01
