7.619135522641213853e-01 -1.359714363207302212e-01 1.669888036597326764e-01
7.671256917375428586e-01 -1.439735621714253733e-01 1.394066064687733419e-01
7.619754624666825737e-01 -1.360377877546735115e-01 1.667770316923902207e-01
7.619131499695750431e-01 -1.359696870860089279e-01 1.668622393580443397e-01
7.700265488313240425e-01 -1.439355431756633164e-01 1.406320675785552865e-01
7.700715745586907968e-01 -1.440103553975911055e-01 1.404071204488976932e-01
7.619267748110936100e-01 -1.359777334854418429e-01 1.668892618120731974e-01
7.700776946315011084e-01 -1.439928783241859467e-01 1.403799247042256670e-01
7.618442255817674535e-01 -1.358937557648625671e-01 1.672923434608986071e-01
7.618416280795747841e-01 -1.358802403391137781e-01 1.673871089511393961e-01
7.670656447766284192e-01 -1.438592126017014805e-01 1.396225592378512737e-01
7.700614409035024810e-01 -1.439563922465438850e-01 1.404845066476747562e-01
7.618150941130829024e-01 -1.357697482941031542e-01 1.676062596847038844e-01
7.568445215427632711e-01 -1.280907260155666472e-01 1.939405407016463467e-01
7.647674990480888280e-01 -1.357520069178762001e-01 1.685479388514081744e-01
7.694355620781243577e-01 -8.688509515626724466e-02 2.436298278311326282e-01
7.878706909929782398e-01 -5.782777671319994095e-02 2.338407967693039158e-01
7.833731750850736475e-01 -1.189830482658743582e-02 2.886660252633035384e-01
7.931330748005390729e-01 2.198838381548229304e-02 2.761220915703967993e-01
7.957077992921530729e-01 3.656387220564483176e-02 2.681114587810038419e-01
7.977555557358383398e-01 5.162770631879570749e-02 2.615027624783754501e-01
8.130860638579129329e-01 5.170637524521354278e-02 2.089961095871926133e-01
8.089524609244644893e-01 6.534556639263039424e-02 2.282606188521503210e-01
8.247717874059856680e-01 6.604876488655808675e-02 1.747110372808484691e-01
8.248718714843332744e-01 6.757293104937678319e-02 1.746299795673429411e-01
8.343485057636915725e-01 6.336896454411744539e-02 1.476527930025963720e-01
8.377006909517765720e-01 6.295816304925089257e-02 1.468866688773902140e-01
8.469127380580245834e-01 5.895947028195852591e-02 1.212266652540476830e-01
8.472231201180755455e-01 6.037423222118620814e-02 1.202393256497353846e-01
8.476159087957739757e-01 6.186776404196026036e-02 1.189901099412680185e-01
8.502487519350826473e-01 6.179539998129013334e-02 1.208001219227732292e-01
8.501879531288742964e-01 6.185096211457258297e-02 1.210547047778665064e-01
8.502083077827931046e-01 6.185076086288693320e-02 1.209805708242237543e-01
8.497473962630152089e-01 5.892903630635143442e-02 1.227664402508645836e-01
8.294625282119214571e-01 6.652845182999972407e-02 2.057051569675982794e-01
8.236641868657410548e-01 5.515830773511526397e-02 2.395050266536771222e-01
8.233190147459744646e-01 3.873382937797903436e-02 2.504478289657801060e-01
8.210791368024170644e-01 2.219525466769939337e-02 2.576837460784764389e-01
8.168842520312606936e-01 -1.410423716723913090e-02 2.704321071829347556e-01
7.978303006221533211e-01 -1.653509903146321847e-02 3.229510878089054682e-01
8.078758748019337910e-01 -4.240632582360503999e-02 2.553067197211027484e-01
7.859816272609532195e-01 -3.234729484494031082e-02 2.993721241139961631e-01
7.854707565886736020e-01 -4.173379788964981518e-02 2.489053125718772019e-01
7.622933808883309847e-01 -2.334219713668522767e-02 2.897588278826013219e-01
7.415896300101488814e-01 -1.012885606369373637e-02 2.802666242776767902e-01
6.682688775560170491e-01 3.349934234586360304e-02 2.985344718953535370e-01
6.404870254666328311e-01 6.312017820671206314e-02 3.068071966316969768e-01
6.095990520874604579e-01 9.643235279382766922e-02 3.547949942746406737e-01
5.320266340433761343e-01 1.864759890497177386e-01 4.049610526159950208e-01
4.821774026297800386e-01 2.445226113374606158e-01 4.300396438985887304e-01
4.736115488796331374e-01 2.549852082847281487e-01 4.418398599372279634e-01
4.697838807517916715e-01 2.624787729689181393e-01 4.545927535239202566e-01
4.658775724746487823e-01 2.675746983156875314e-01 4.693409302227484758e-01
4.615260283283761922e-01 2.713396085705534477e-01 4.668934736804162267e-01
4.570684559635281308e-01 2.740509073988795508e-01 4.643085922863243731e-01
4.532147831400140658e-01 2.766249154348522921e-01 4.792435696125929567e-01
4.526161127169758269e-01 2.766383662634194773e-01 4.642564366528019182e-01
4.526290657557531794e-01 2.766048320632130131e-01 4.637862407982444868e-01
4.527421060712248368e-01 2.777349054324924627e-01 4.622284924429280739e-01
4.518528164450659745e-01 2.754806112499088577e-01 4.477420318669489419e-01
4.496732330086216090e-01 2.711119321507364788e-01 4.660213762395806203e-01
4.493801681058973152e-01 2.688153507377803453e-01 4.675657394970311742e-01
4.526465490579814066e-01 2.526783890752494210e-01 4.746681244822694712e-01
4.635262095510646052e-01 2.427917865764647187e-01 4.794795307185986122e-01
4.743820415243357735e-01 2.286352704229951405e-01 5.170959911733912229e-01
4.943501473711542915e-01 2.055076511246040627e-01 5.490526396070305459e-01
5.250566105396883287e-01 1.661839043855127263e-01 5.351833041288769355e-01
5.510163258150666543e-01 1.321316494658589802e-01 5.180731229739410360e-01
5.847354976332097554e-01 9.402002287460864416e-02 4.744190425240606412e-01
6.074403554748043499e-01 7.040542557518186806e-02 5.190093208952404336e-01
6.369729607289791318e-01 4.253953648485242489e-02 4.828287461728228980e-01
6.642344426790565137e-01 1.853570485298339232e-02 4.588383809235543342e-01
6.898384365937799689e-01 -1.129506717177480857e-02 4.355852678893408214e-01
7.234750744633584585e-01 -4.653974456768478207e-02 3.479763049867294900e-01
7.412943493113308691e-01 -7.207353635147206727e-02 3.110398426884637413e-01
7.699690224288460172e-01 -1.130114106932124107e-01 2.232085980700595496e-01
7.803710217058950072e-01 -1.329300581533894854e-01 1.713841435601128893e-01
7.804328894542781336e-01 -1.347679345961840802e-01 1.708864363563571409e-01
7.801857240767353652e-01 -1.361322944994555195e-01 1.716858627125126269e-01
7.806219617699836633e-01 -1.349220290079313767e-01 1.704187711928426552e-01
7.892226112585201125e-01 -1.430621973119486356e-01 1.431089132918947904e-01
7.805273592976689212e-01 -1.365703371944573807e-01 1.703347242376527237e-01
7.858442872588755623e-01 -1.443000877536241844e-01 1.439776862627164533e-01
7.859128281559601970e-01 -1.444318504058904606e-01 1.436879153247105911e-01
7.858636359871944421e-01 -1.443427188024127283e-01 1.438261144323407237e-01
7.859876134711301088e-01 -1.445544524023770205e-01 1.433339272646674267e-01
7.859850133852555043e-01 -1.445460990340446394e-01 1.433259817444425543e-01
7.858079647788573929e-01 -1.442874158858034606e-01 1.440507660574159576e-01
7.857848546461803085e-01 -1.442594840702369763e-01 1.441693838027764407e-01
7.804864972462353112e-01 -1.365057734778961085e-01 1.708213008420600421e-01
7.903569619579449146e-01 -1.320947685205228206e-01 1.400518352923412202e-01
7.732880411988050096e-01 -8.794948854158074480e-02 2.410236900844728858e-01
7.983376884616375513e-01 -7.953388377726072767e-02 2.125727339539646987e-01
8.143966026868045827e-01 -3.612394974736865549e-02 2.281806954444214330e-01
8.111900069272577340e-01 8.595772026017356460e-03 2.843136071114285013e-01
8.534927973299621939e-01 1.396970341676473382e-02 1.778565543145893546e-01
8.711247595929383358e-01 4.135037672805791376e-02 1.371429406798481132e-01
8.740675651637852539e-01 5.583903690180180845e-02 1.278611689309119281e-01
8.819581949829935485e-01 5.474031232938175728e-02 9.793475356107039786e-02
8.721737933439374091e-01 6.210237735500934164e-02 1.238890238930194787e-01
8.728269346596598810e-01 6.653882884204387338e-02 1.217250744325459877e-01
8.722035001733601245e-01 6.353704607415200378e-02 1.234819557709125881e-01
8.721999434327840639e-01 6.199543119633199595e-02 1.235189878180980028e-01
8.727334101745785055e-01 6.650674267292022712e-02 1.220125838094561210e-01
8.825267864522934325e-01 5.932680195558076575e-02 9.605251615151177980e-02
8.751058443815826760e-01 6.187165233001118425e-02 1.244771510704905104e-01
8.599304734239995307e-01 6.564174218365553815e-02 1.824446924603402298e-01
8.370895166094005635e-01 6.539601142668721723e-02 2.680789909252256908e-01
8.452818509946107284e-01 4.697076482722162272e-02 2.471464809318633105e-01
8.355797275617957709e-01 2.945879082736369003e-02 2.815750858383447852e-01
8.356859737412392075e-01 -6.935118516415317291e-03 2.769157852271317832e-01
8.376694188568473143e-01 -3.386237731695174169e-02 2.569520051980673792e-01
8.357059178384362852e-01 -5.617671154887970975e-02 2.390326236460402765e-01
8.134567405718594602e-01 -5.925738518727569071e-02 2.906580584307199011e-01
8.055648083272963778e-01 -6.912657507585728833e-02 2.972290335002205630e-01
8.262595316146403857e-01 -1.050636062967404416e-01 1.980513896278910391e-01
7.890289017654821269e-01 -7.479278445508702466e-02 2.927406734741504479e-01
7.846336899501173967e-01 -6.669954260753835351e-02 2.614650219415834975e-01
7.519084125567346844e-01 -3.492632868106659849e-02 2.673050456894872084e-01
7.184470774210960364e-01 -1.849794867336718163e-03 2.971394621358944832e-01
6.937045060126363349e-01 2.826092488190529162e-02 2.807242661825417596e-01
6.657589523603140158e-01 6.076992065113784314e-02 2.867745964116843460e-01
6.263701502239777952e-01 1.014646043401807862e-01 3.312423040643059924e-01
6.071136937518060162e-01 1.249749591887891476e-01 3.193747392016470510e-01
5.883601789016752459e-01 1.458503582658171593e-01 2.613666729859664972e-01
5.485407329436018387e-01 1.874882240382880760e-01 3.273807134809931796e-01
5.239694737088661514e-01 2.162705676598288829e-01 3.333816728983023392e-01
5.048056693123098571e-01 2.401740890531727235e-01 3.409395154190750787e-01
4.865385078054830781e-01 2.674740336191206991e-01 3.663663386200404215e-01
4.849729462751999343e-01 2.788043055917471813e-01 3.620213477975062766e-01
4.805696113020703764e-01 2.840117417536527356e-01 3.788507057692562796e-01
4.742287124640501839e-01 2.866507774934694552e-01 4.282536169002750803e-01
4.720645031670465674e-01 2.891744903956502966e-01 4.276379329744093294e-01
4.716083597729735510e-01 2.893414097048416789e-01 4.115854679015731321e-01
4.686403219656191665e-01 2.884205044660046457e-01 3.952748209720928774e-01
4.609525516319528116e-01 2.866177243747562442e-01 3.950549483124545791e-01
4.565632401402041074e-01 2.868356375681907489e-01 4.122355286336460978e-01
4.603284905752806910e-01 2.855397706635297017e-01 3.779505968418583883e-01
4.621548047903120682e-01 2.841780788916945522e-01 3.607475813698977074e-01
4.597220210214957858e-01 2.794834368197471330e-01 3.784209129106232972e-01
4.533384721041306964e-01 2.717302810492664977e-01 4.332784689742690265e-01
4.610100770871654596e-01 2.611956191511600744e-01 4.070187570635785956e-01
4.743775196320026422e-01 2.415340956411063389e-01 4.332636843639208202e-01
4.938824709433261573e-01 2.162865999747924928e-01 4.623519758614238473e-01
5.170006693908604234e-01 1.882475263413694311e-01 4.918142770063131941e-01
5.375783808178282719e-01 1.561985645908341436e-01 4.941405751719036843e-01
5.562704350051760338e-01 1.297978033252358276e-01 5.045988997513293217e-01
5.843273343303605483e-01 9.677907861921192234e-02 5.069073764047615782e-01
6.037875995998308598e-01 7.448336023119095373e-02 5.326726911600165870e-01
6.357315053040325514e-01 3.974345007339119551e-02 5.059529475161850254e-01
6.723514178110807649e-01 -4.343090274058214462e-03 4.916375547486209197e-01
7.075831792588427316e-01 -5.639133276977759124e-02 3.991057844088505835e-01
7.089051142913536108e-01 -6.467143523771684555e-02 4.449600983303572121e-01
7.425285701926201964e-01 -1.083296966953650187e-01 3.530088928509185209e-01
7.776566834490626912e-01 -1.447844563328698209e-01 2.395505749048927324e-01
7.750505568528219813e-01 -1.433158691471479451e-01 2.379507569158609837e-01
7.806394566109313704e-01 -1.500321353092677612e-01 2.113659779257197613e-01
7.918632360025434913e-01 -1.685245265940948922e-01 1.569869554205498563e-01
7.903904341291070335e-01 -1.599570571888684900e-01 1.508112395878256073e-01
7.966706625179782453e-01 -1.638043965189195372e-01 1.211679227786932600e-01
7.964908034930020531e-01 -1.635709117978885740e-01 1.220210421231038289e-01
7.964503470214493452e-01 -1.652517807101774872e-01 1.220676623472496392e-01
7.904438121977255260e-01 -1.582688556212297759e-01 1.508466340958067864e-01
7.992822385034099586e-01 -1.685810604925043754e-01 1.234002378770728825e-01
7.994040232372865429e-01 -1.687885726963989086e-01 1.229149321183184984e-01
8.153113981845334646e-01 -1.871087171868718868e-01 6.324634728740807788e-02
7.909138050225228422e-01 -1.553661010851636326e-01 1.492975928985125211e-01
7.998060766918524411e-01 -1.639349611274562579e-01 1.217360706144925420e-01
7.992962323813572745e-01 -1.651389677303768400e-01 1.235768438057516239e-01
7.993087420004636456e-01 -1.668756727331057177e-01 1.234547728531218969e-01
7.899293448296144105e-01 -1.594087409184761217e-01 1.529123493657429389e-01
8.111093553911641330e-01 -1.839756365705914609e-01 9.781650986737799869e-02
7.983671430540457692e-01 -1.655669422669299173e-01 1.576017726167520117e-01
7.992010663861424113e-01 -1.545623951090797643e-01 1.841605649325064320e-01
8.039008140049479501e-01 -1.428102060048188626e-01 1.799634342168678902e-01
7.878693339763562786e-01 -1.069128111809443116e-01 2.807412824070962820e-01
8.012953620621428019e-01 -8.135514117835085379e-02 3.008671553309927305e-01
8.207965963964789502e-01 -4.131632688789810270e-02 3.179753691244238123e-01
8.354446999999105561e-01 -9.381910665109738368e-03 3.299506632094815206e-01
8.479791396985352225e-01 2.471732716482882841e-02 3.178858878892509843e-01
8.770306712424099649e-01 4.334522615540026269e-02 2.878007219108849046e-01
8.859037549459098937e-01 7.347981914982198992e-02 2.708046877696186350e-01
8.867679267207085880e-01 7.751297074243423957e-02 2.682226369605957839e-01
8.878582442105948935e-01 8.283375746294863173e-02 2.649485820419368309e-01
8.881946808361709245e-01 8.698966758775716901e-02 2.637823050729841690e-01
9.029846994277238581e-01 8.436279873031377052e-02 2.142826896611271792e-01
8.948330438391088881e-01 8.523090996867421776e-02 2.413823679718971604e-01
8.914650591905176613e-01 7.683251186236744745e-02 2.429887731541278129e-01
9.199980821474491588e-01 4.942035579168796433e-02 1.451254152287095867e-01
8.713737223259270248e-01 4.201372769367700544e-02 2.585933158265141252e-01
8.717396958961247666e-01 -3.481938106969006963e-03 2.224692044809983837e-01
8.291837322256386811e-01 -6.019825255393962404e-03 3.016678381080060145e-01
8.049687031300067908e-01 -2.986604328833519784e-02 3.045497323497190489e-01
7.922243576304286439e-01 -5.022765634464471107e-02 2.826265681680135700e-01
7.698531405251056725e-01 -4.938375003541262132e-02 2.775481745822794277e-01
7.544495400629519510e-01 -3.638097769598658271e-02 2.688876483103230797e-01
7.111708793076366719e-01 7.957595371008152618e-04 3.212345752712175706e-01
6.831267143623203086e-01 3.254215495811407788e-02 3.480223352070956899e-01
6.618423147135317208e-01 5.713794784155495909e-02 3.338190560993614664e-01
6.197628614271313285e-01 1.086146050798893481e-01 3.919606504039958583e-01
5.965258259179890832e-01 1.403303036298751416e-01 4.132958706558378381e-01
5.790734547285005807e-01 1.646625562552362365e-01 4.002920024585165937e-01
5.610885581875710848e-01 1.893917316507101045e-01 3.889685868101790955e-01
5.430665238973982900e-01 2.120324745172187941e-01 4.318197371394540962e-01
5.271081161946343796e-01 2.346243543580183721e-01 4.542662811798185984e-01
5.246417611282928606e-01 2.531891335742646465e-01 4.297415577420491406e-01
5.168304382193613655e-01 2.726959331521354168e-01 4.201033057951870653e-01
5.074671466867547442e-01 2.815740627007223829e-01 4.650298612798611231e-01
5.061094291006669188e-01 2.910410930063277446e-01 4.451291292880839023e-01
4.996661783624361530e-01 2.983997730253972747e-01 4.426241085595841174e-01
5.022493457568086850e-01 2.992110604309961008e-01 3.923560014681497510e-01
4.913865290139160513e-01 2.875191280722692033e-01 4.470253829695003400e-01
4.951917036178469789e-01 2.778474612484574946e-01 4.832386580651284458e-01
5.030042462451812524e-01 2.638095570914336108e-01 4.902004669547768145e-01
5.139582826916796465e-01 2.426720351465036507e-01 5.323794854940847587e-01
5.264637901112370066e-01 2.221857150321677743e-01 5.606059653891685146e-01
5.390120184717253071e-01 2.011031527103931404e-01 5.829695574856215146e-01
5.640457064829662581e-01 1.657557278369218290e-01 6.135153578485896819e-01
5.859504156003831898e-01 1.339550969679951797e-01 6.042947481121538900e-01
6.086063453023731196e-01 1.100832191656679337e-01 6.171483806886448598e-01
6.732482317296266672e-01 4.387074637687954359e-02 5.639998165679580566e-01
7.584536879844456791e-01 -3.767051291104406285e-02 4.025794863156966219e-01
7.985977219890684209e-01 -7.989293611282849428e-02 3.002794899262524186e-01
8.178135209452257470e-01 -1.104375444615446344e-01 2.312613690810796374e-01
8.303762573879338582e-01 -1.271239254257622853e-01 1.779417580054516446e-01
8.232307133949383626e-01 -1.153147281931005130e-01 1.700490595623369572e-01
8.176730438660844147e-01 -1.122370889968536400e-01 1.666834015241411837e-01
8.124175242224812576e-01 -1.079009057055860255e-01 1.627578497547788050e-01
8.185930111983567015e-01 -1.135866531949117353e-01 1.351397388422854728e-01
8.123579801748513907e-01 -1.062216230609268064e-01 1.628591978944911034e-01
8.121843658717751158e-01 -1.060280695652365268e-01 1.634458823528170957e-01
8.117751571793228038e-01 -1.089717267940118473e-01 1.649408846377677929e-01
8.178985757227003051e-01 -1.113579059185534903e-01 1.375736530983520112e-01
8.178876693564713918e-01 -1.113146794835328524e-01 1.375918244688778547e-01
8.181917509461671401e-01 -1.132551506060436308e-01 1.365302305474287436e-01
8.187812632264583890e-01 -1.121154137138500873e-01 1.344433129012891914e-01
