9.080498754032850783e-01 -3.640079772562384020e-01 5.402530806540850605e-02
9.078159684248924277e-01 -3.655212639311253842e-01 5.483566340185697108e-02
9.079354772647441063e-01 -3.638444380820691215e-01 5.432641195599430262e-02
9.084201486798106906e-01 -3.626670080444216460e-01 5.289044923667618470e-02
9.084784868417620229e-01 -3.627293204515575908e-01 5.273895642429593522e-02
9.080616293272734119e-01 -3.639841792250573249e-01 5.404272238486118596e-02
9.078111197904408236e-01 -3.637039360257089404e-01 5.470116273689851205e-02
9.084628534002482381e-01 -3.626938921270668192e-01 5.283789775813230172e-02
9.079308721197425491e-01 -3.638637830289303543e-01 5.435102819715154077e-02
9.079335569105149162e-01 -3.656723341662585502e-01 5.453921791551397114e-02
9.076886365329742690e-01 -3.653601970898509022e-01 5.519829916270380110e-02
9.080471897818624960e-01 -3.640496705493330709e-01 5.407449943388398239e-02
8.958571223672806561e-01 -3.519643500748276255e-01 8.638661845199169242e-02
9.076825091758489172e-01 -3.653842387939691405e-01 5.522368987634163062e-02
9.077775637380003371e-01 -3.655351413251757275e-01 5.488282687325485298e-02
9.080580525150061533e-01 -3.640496502288878000e-01 5.402190199017220529e-02
9.080475708725571637e-01 -3.640354986671209270e-01 5.404127288760540715e-02
9.077944666463494405e-01 -3.655334645379185177e-01 5.492229019708627646e-02
9.080262584121883140e-01 -3.639426268284320365e-01 5.413231753960534576e-02
9.082358380957543664e-01 -3.642078633719086356e-01 5.359052955085341630e-02
9.075583875073491846e-01 -3.651541823464333758e-01 5.568733074180465259e-02
8.965770620227754284e-01 -3.492958529471754670e-01 8.404097241137309382e-02
8.856303920229255944e-01 -3.277811672476231841e-01 1.123379949015201884e-01
8.671843474017024711e-01 -2.811656460111140454e-01 1.594160807816684677e-01
8.604160980670154668e-01 -2.431304680700897558e-01 1.752949153251917025e-01
8.533699369075060659e-01 -2.075977806497066869e-01 1.921390829787090748e-01
8.501675988687008578e-01 -1.918941178746744469e-01 1.819007752166681424e-01
8.286915699789718648e-01 -1.593533780316747639e-01 1.940375131625209359e-01
7.907561083955134684e-01 -1.072436025317601294e-01 2.807584418504858181e-01
8.020125023074388126e-01 -1.074612517223209052e-01 1.935861514472381195e-01
7.665689793894976400e-01 -5.498033459129181288e-02 2.783125674861868237e-01
7.844627634765566349e-01 -5.499743812839685830e-02 1.661155202672048858e-01
7.523507476591140275e-01 -1.307228134097160321e-02 2.552431498538731969e-01
7.563281760226368000e-01 8.101735863685621819e-03 1.615743686333239726e-01
7.268992535319894754e-01 4.804528885024794693e-02 2.477962939257964958e-01
7.406045562035232788e-01 4.894941718044881762e-02 1.372501670417414221e-01
7.065693188378869838e-01 8.201773013913632449e-02 2.562199833070666344e-01
7.088757993798047163e-01 8.844036316233871986e-02 2.272190305359913509e-01
7.033679120740085056e-01 1.015788175818920225e-01 2.462611263313487786e-01
7.077435324292510321e-01 1.055195882504582627e-01 2.200144581036671543e-01
7.016353910467267863e-01 1.129868390993475913e-01 2.420633973283767837e-01
7.005630068805545063e-01 1.254531198857128937e-01 2.351999779886557729e-01
7.005594372497021549e-01 1.269269516674578213e-01 2.354911300734163770e-01
7.009082919660299948e-01 1.297168167687953177e-01 2.339829363902226067e-01
7.040260720159172703e-01 1.322363226884603615e-01 2.334254183507622482e-01
6.975476490103988958e-01 1.336378663831055413e-01 2.569455735559031950e-01
7.077037791143804268e-01 1.282689551388323523e-01 2.094798298229916256e-01
7.047127780712814094e-01 1.270341737398504867e-01 2.095832067464278303e-01
7.123796591637104880e-01 1.199605042341053696e-01 1.584958554854525303e-01
7.056476713472187301e-01 1.228646756439506493e-01 1.834525470093428812e-01
7.056132399729192484e-01 1.228739598377346920e-01 1.835768098194390241e-01
7.081320365888237323e-01 1.198312478188872099e-01 1.853657002556563516e-01
7.105379853555977565e-01 1.169064768141508392e-01 1.879877108008174424e-01
7.081203037569224756e-01 1.099153701663613814e-01 2.189768571849730616e-01
7.104968616105973300e-01 1.054762185613215553e-01 2.216465185763716317e-01
7.129093135890841593e-01 8.868205906578902065e-02 2.549825700109866755e-01
7.255973935277730824e-01 7.141386046561598588e-02 2.113984029481275062e-01
7.233365630135775159e-01 5.441104166921983953e-02 2.191520129529924699e-01
7.049620423130005253e-01 3.713591663986443026e-02 2.519249533970520094e-01
6.906928097271919365e-01 3.762844311383373164e-02 2.487249409210710027e-01
6.726578016524642489e-01 3.844860449966791549e-02 2.707841576419962593e-01
6.523819630264193759e-01 3.546697677513960256e-02 2.691037800513549350e-01
6.325245546054616419e-01 3.927884155492489260e-02 3.143228159923903142e-01
6.256631434571727768e-01 3.045011022406823864e-02 2.692715830385319364e-01
6.056598997581377208e-01 3.149296704107529266e-02 2.660227152132459416e-01
5.817502301068231407e-01 5.124420429818332678e-02 3.258430226957507170e-01
5.725688479108690387e-01 5.352076027250290968e-02 3.012026117909372136e-01
5.499801023486703411e-01 6.513855770713095072e-02 3.170377850118384355e-01
5.351515333017777820e-01 7.467345205924286189e-02 2.881983936713896632e-01
5.123442362496852809e-01 9.765968942832481403e-02 3.642705421804879329e-01
4.704346808118328171e-01 1.291656878146380527e-01 4.050736641002632421e-01
4.519697124779835651e-01 1.472513637888281934e-01 4.151728254756918979e-01
4.318489845063269161e-01 1.697103187753856712e-01 4.228085477094649658e-01
4.155167020340934103e-01 1.800843093906790982e-01 3.817030214946113276e-01
4.030789566846773031e-01 2.009162100321500999e-01 4.592895443740077077e-01
3.898186360192030242e-01 2.146945171515643458e-01 4.532688870067791420e-01
3.829368097393661685e-01 2.310865870664118860e-01 4.618186508299306769e-01
3.735801492547482505e-01 2.427645726232529055e-01 4.733509348841056230e-01
3.720343342540294307e-01 2.519858641016781142e-01 4.697377066178247684e-01
3.718995555788337515e-01 2.591959600333572644e-01 4.818840952164022973e-01
3.706243081647455639e-01 2.646799808205366200e-01 4.637675793018729564e-01
3.707528566907912215e-01 2.658131055256427455e-01 4.636339374168916283e-01
3.707826606628626398e-01 2.669328042390644584e-01 4.621824745306981619e-01
3.708594998921721508e-01 2.681064408849179181e-01 4.618700770066395123e-01
3.703845306913524649e-01 2.694804840621053965e-01 4.768929759462698925e-01
3.643924915936679332e-01 2.682587765610516262e-01 4.465732342095387608e-01
3.652029364928424116e-01 2.700454331415295672e-01 4.915387986957222566e-01
3.652002304459989190e-01 2.700597763970494225e-01 4.915476331716326364e-01
3.614725804269849907e-01 2.687236123729944692e-01 4.616215627633479812e-01
3.580980625084518865e-01 2.614055093791484707e-01 4.804741604815063738e-01
3.579447579032003501e-01 2.530673795639276080e-01 4.686541600061804314e-01
3.662602868698954794e-01 2.388129165978134516e-01 4.761267713336856389e-01
3.856744722188681918e-01 2.168523148755431285e-01 4.851207298331186024e-01
4.051353959575504371e-01 1.962216664102375274e-01 4.933661108941866935e-01
4.357099591791420701e-01 1.681154169685542543e-01 4.586700215469106112e-01
4.735366891571163861e-01 1.309472041262984554e-01 4.602223522332189454e-01
5.081642173408383867e-01 9.765647440206470797e-02 4.239501354713053338e-01
5.301072983803220007e-01 7.037258761205522628e-02 4.549524116483416591e-01
5.704923681864128016e-01 3.632911192487181529e-02 4.174877626881814408e-01
6.108159142443045919e-01 -4.651447554737286882e-03 3.563988269773086248e-01
6.310691141855925279e-01 -1.717034445661302922e-02 4.070404855186504633e-01
6.829853936753270682e-01 -8.144530914606085137e-02 3.297166104574538181e-01
7.135441849234751555e-01 -1.087102974744122430e-01 2.957347606140254825e-01
7.551512785593419430e-01 -1.589680299762263604e-01 1.789478274331188778e-01
7.561236212186619454e-01 -1.541134643519035952e-01 2.074224710742247346e-01
7.784697315315067812e-01 -1.741645168509781127e-01 1.574850358022807928e-01
7.824471810020103835e-01 -1.702199789639897709e-01 1.545956372111130239e-01
7.885848831816897331e-01 -1.759076537356935588e-01 1.246299402302437631e-01
7.858663847002953506e-01 -1.728508740866258608e-01 1.226114120292400855e-01
7.859811325048937647e-01 -1.712244334220029418e-01 1.223282016677114115e-01
7.857707462697074430e-01 -1.726702325073591893e-01 1.231729428886900735e-01
7.859346645198925785e-01 -1.728731557334027835e-01 1.224676276357050675e-01
7.800538978192226303e-01 -1.656669623369760591e-01 1.515936807888138560e-01
7.859394817373246411e-01 -1.729178840727880195e-01 1.223563656181789749e-01
7.800891074306115502e-01 -1.657160333121679430e-01 1.515324247322644702e-01
7.856001590874686080e-01 -1.742420013317353411e-01 1.237550734911161410e-01
7.771302318723618541e-01 -1.622804373559355029e-01 1.506681947640686747e-01
7.832424902032464331e-01 -1.681713368004932874e-01 1.198136858362564006e-01
7.748715752522929989e-01 -1.587171407724135008e-01 1.138159201210064975e-01
7.637871992725862036e-01 -1.453779611046943088e-01 1.391939632101673041e-01
7.473877133139907869e-01 -1.057234136367663502e-01 1.817944936367936748e-01
7.377938780529975649e-01 -8.628813802754131679e-02 1.700426142285591524e-01
7.349740434994429528e-01 -7.437474389533699215e-02 1.342542986994683663e-01
6.908211350570678810e-01 -1.642169066756959950e-02 1.892831367188037017e-01
6.693871743068754432e-01 1.440197666123510523e-02 1.999433360946474281e-01
6.595988761276245782e-01 3.519753012311460649e-02 1.899755984774469386e-01
6.441699211971312344e-01 5.867119760179523302e-02 2.034261199885265547e-01
6.388844476070135725e-01 6.570938928362729525e-02 1.726372947239831479e-01
6.282097195014044733e-01 7.961771548159424228e-02 1.655310088949597525e-01
6.160891087900788321e-01 9.830343475613001480e-02 2.085617242230934920e-01
6.141936037248477698e-01 1.083647976067811936e-01 2.039410898286408980e-01
6.119315451664567584e-01 1.157823741845787069e-01 2.012093511344223984e-01
6.024647964417040313e-01 1.318582502033711079e-01 2.195739893416195354e-01
5.952404805860906922e-01 1.374456984837055251e-01 2.410291784692599748e-01
5.942175177558361998e-01 1.382795280177593344e-01 2.166983740651340362e-01
5.922630770229756481e-01 1.467851134289205328e-01 2.117854427143872620e-01
5.884517821290239370e-01 1.531897828850894983e-01 2.313599511890835903e-01
5.900048870431869874e-01 1.510692513457834729e-01 2.081520391573681295e-01
5.900368696703315319e-01 1.510698672912716978e-01 2.081748950743198545e-01
5.930717690534010877e-01 1.537141089420170359e-01 2.080478365454070389e-01
5.932895808696955209e-01 1.521565464277863100e-01 2.070988532768056611e-01
5.953646157939329608e-01 1.450425941021888931e-01 2.114182977488689996e-01
5.974739277601822662e-01 1.377228201313168698e-01 2.151275983930236446e-01
6.013962748029813010e-01 1.295213637553006558e-01 1.952374932216114356e-01
6.139248866521880288e-01 1.101725545258373518e-01 2.063522901092595951e-01
6.136103237818435474e-01 1.002370176279991920e-01 2.350868121134361832e-01
6.290579114470348232e-01 8.334909935598078246e-02 2.180216462852038184e-01
6.355419388999282715e-01 6.475474331825975538e-02 2.285938021106330709e-01
6.520476174493073929e-01 2.568848597753053964e-02 2.209151443447112673e-01
6.505923131875186449e-01 1.905510159687701099e-02 2.518115309305906102e-01
6.515916880414098777e-01 3.861683555200667861e-03 2.592571888500212474e-01
6.451258228935687900e-01 2.112878819122976370e-03 2.854861307059048947e-01
6.220647483486161367e-01 1.917732346090678108e-02 3.679421019174002883e-01
6.139019801730185577e-01 1.851883008714022560e-02 3.680852386460871095e-01
5.720491781378954643e-01 4.825344016496840860e-02 4.109660875483902576e-01
5.546756024391270579e-01 5.691815291041879554e-02 4.066565184825388091e-01
5.299883818541638592e-01 7.748163429344445685e-02 4.145466375273798576e-01
5.107357815654797184e-01 9.089666655110750781e-02 4.065648294451349454e-01
4.913079154803033366e-01 1.059403200808949896e-01 4.174019843442529076e-01
4.686708446636118075e-01 1.337521663966998453e-01 4.401303543046246602e-01
4.507067150874153327e-01 1.552104786192924357e-01 4.291817795237919952e-01
4.336744621113315379e-01 1.808033188925534662e-01 4.357645656127475675e-01
4.168794922426015681e-01 1.998007196176946332e-01 4.091434565385445588e-01
4.020518937708720264e-01 2.160594432559460598e-01 4.531332674484529477e-01
3.868175155101805096e-01 2.268444915050566446e-01 4.312701357507986444e-01
3.774432014967620264e-01 2.323159323447942515e-01 4.284911379443616664e-01
3.692666102337777145e-01 2.401236108213663512e-01 4.577426304803697832e-01
3.669914534824341712e-01 2.415404065248966115e-01 4.567688001907690420e-01
3.630334414185195646e-01 2.446948975330293097e-01 4.397772062256142256e-01
3.588631769264281068e-01 2.467286626448630948e-01 4.219330978979378699e-01
3.589781862505405652e-01 2.479023874230683044e-01 4.220701438962355390e-01
3.610189929431557587e-01 2.494841428670286909e-01 4.381098053370713341e-01
3.603465640546441029e-01 2.540202701309324240e-01 4.684019547918913950e-01
3.615367842587143277e-01 2.552736681193411572e-01 4.364996682818993445e-01
3.613974522770195819e-01 2.541767062673866984e-01 4.360398607039019936e-01
3.656604966480017094e-01 2.531469354536534100e-01 4.537613766071912913e-01
3.720344965455383290e-01 2.457429726108610324e-01 4.547660717603398961e-01
3.857588816760331163e-01 2.355071477965116622e-01 4.611885904651538137e-01
4.001802937550976713e-01 2.232132250685840980e-01 4.500376046812228914e-01
4.170489533331810938e-01 2.090135125086605705e-01 4.733909273079872637e-01
4.437639196129188335e-01 1.811805497340709392e-01 5.027231728973338143e-01
4.666053953705608381e-01 1.561504785176813792e-01 4.827945280602277123e-01
4.908728998946841893e-01 1.342968479857333253e-01 4.777978623196275088e-01
5.125285789017623994e-01 1.143840411774213472e-01 5.044269986462472932e-01
5.344313057857208449e-01 9.022335839367662258e-02 5.000710173164131245e-01
5.674729802476435880e-01 5.486193934929373128e-02 5.024916341839564815e-01
6.046865878288537610e-01 1.898810119640825800e-02 4.493537142663135420e-01
6.293787760952740395e-01 -6.850498426072271219e-03 4.437499718019266570e-01
6.626577623424216856e-01 -3.936209157893433286e-02 4.005585937179196865e-01
7.035001312653668126e-01 -8.432965649580392853e-02 3.088907195216783474e-01
7.106147932004649448e-01 -9.691564650171713424e-02 3.150686221409568777e-01
7.440141666303052848e-01 -1.485600216199196577e-01 2.052034317312183553e-01
7.521153171402304993e-01 -1.589427935807480596e-01 1.777859194531865583e-01
7.462851599590167861e-01 -1.573177537400834158e-01 1.754969396437209284e-01
7.528648690434693869e-01 -1.540679220822900319e-01 1.415991545954240483e-01
7.643252111949063732e-01 -1.672537747153136634e-01 7.940867157443531887e-02
7.675677144788920492e-01 -1.673981699681877933e-01 7.997764926131067931e-02
7.643006179658569099e-01 -1.672478567027840257e-01 7.935639632366098262e-02
7.644522668726697612e-01 -1.674522636311836510e-01 7.872728962227593108e-02
7.559364560347214823e-01 -1.567949695098436735e-01 1.082120163857882567e-01
7.477262519962306619e-01 -1.465195155791034209e-01 1.364124629113465659e-01
7.529955225408520025e-01 -1.533960264885788627e-01 1.064502789904928637e-01
7.556856839778565149e-01 -1.556473146266545982e-01 7.299132755514858850e-02
7.361683275198847021e-01 -1.189080824742466125e-01 1.529751882355270265e-01
7.370567887952252928e-01 -1.095455642357058279e-01 1.498869089305583380e-01
7.361691965257823878e-01 -9.126634996920079956e-02 1.415179927034055929e-01
7.151217686911255367e-01 -3.747311456374824434e-02 2.047003405739455939e-01
7.063667740130067374e-01 -1.955870747044674562e-03 2.132537023829566003e-01
7.174782391318559327e-01 -2.994959181070233623e-03 1.260217607743141510e-01
7.006189872230619287e-01 4.060397718420621915e-02 1.658335070989682691e-01
6.901735763848900751e-01 6.419605011275408835e-02 1.814050115211336411e-01
6.863850433127939299e-01 7.395510620874173879e-02 1.477274651164501851e-01
6.688446870092064067e-01 9.214470658457285523e-02 1.930118103859737033e-01
6.676872895939826025e-01 1.004540411414206469e-01 1.593410949929148224e-01
6.591708429782628942e-01 1.070053215675056402e-01 1.556581299590915624e-01
6.428751526533722505e-01 1.237525426056980682e-01 2.004511936651347526e-01
6.432347385550588603e-01 1.298727097452879176e-01 1.723074364208743159e-01
6.429961649564788218e-01 1.289761254243105837e-01 1.456436474337583498e-01
6.402713081509679993e-01 1.306139934557676296e-01 1.435229828768775917e-01
6.347133402432099114e-01 1.333838087487667634e-01 1.689194347253373252e-01
6.344013965771361230e-01 1.320906737682969179e-01 1.705653184734976513e-01
6.428781210779100919e-01 1.274256599640249954e-01 1.456631281838669523e-01
6.396015950699805996e-01 1.240197642657160926e-01 2.010323989608466810e-01
6.357895446738764944e-01 1.141035589754432755e-01 2.304110116367406036e-01
6.404675171856567539e-01 1.068978421673626444e-01 2.099178918645745462e-01
6.363392810167387559e-01 9.421481309004131610e-02 2.136010482859305171e-01
6.291860809852957148e-01 8.723814289402964661e-02 1.902414229748665697e-01
6.096319121892690429e-01 9.068826921206712965e-02 2.388988128774345299e-01
5.919438379234178704e-01 9.043853226886694463e-02 2.373628279583550604e-01
5.622779999463699552e-01 8.672743637595325961e-02 2.355533141999919255e-01
5.378046105043656766e-01 9.876541566368196579e-02 2.770489659281667461e-01
4.971978678640339711e-01 1.293586826436036175e-01 3.264098207114440875e-01
4.241280669985919571e-01 1.926950998378991753e-01 3.165382467583728321e-01
4.028589162491633680e-01 2.136230723377317564e-01 3.265793720663032751e-01
3.952331720786244063e-01 2.296360251312553058e-01 3.777508536042197829e-01
3.804745046860575908e-01 2.383023693664073073e-01 3.731819370276627801e-01
3.766392412031531745e-01 2.523198080238104324e-01 3.703564557915268729e-01
3.751187487291037792e-01 2.545662704247833030e-01 4.030456542992622015e-01
3.718931621277064004e-01 2.541577131998837835e-01 4.202886082992567385e-01
3.640689994205802416e-01 2.581997157004774501e-01 3.656429747897758098e-01
3.614495216863781168e-01 2.583832217914759921e-01 3.655510077289745308e-01
3.586388014614849684e-01 2.560816999225914992e-01 3.653149868123337640e-01
3.547156713227689329e-01 2.513010650979281002e-01 4.030955518391221570e-01
3.537612810105204564e-01 2.447813513322472656e-01 4.226468427615641676e-01
3.588219890942305756e-01 2.389294581429660114e-01 4.092992055021955622e-01
3.714518938180566554e-01 2.365495939062536301e-01 4.610784134281782354e-01
3.891194288680434044e-01 2.180970610366165796e-01 4.699649571902482226e-01
4.078764712454750474e-01 2.008097801051884623e-01 4.945624205685130725e-01
4.285560530805349599e-01 1.859907611906528313e-01 5.168277769820810441e-01
4.657972102466247377e-01 1.617592476939037627e-01 5.431398734524000016e-01
4.954171649155942325e-01 1.395787845442388320e-01 5.404014520082085493e-01
5.289294286933620137e-01 1.122354488758706137e-01 5.461460357383420838e-01
5.628262088898263737e-01 8.710093740089985825e-02 5.578914822681816377e-01
6.057099442177400483e-01 5.481834343448283020e-02 5.252541592185520081e-01
6.444981967445433391e-01 2.472396759649364562e-02 4.918394464431874447e-01
6.839883531422585872e-01 -7.788535863690049244e-03 4.543411555810861202e-01
7.130438509975716155e-01 -3.206451574100926960e-02 4.310207627815725306e-01
7.838252112146839590e-01 -9.519817542254549458e-02 2.474156595535750292e-01
8.050678278103045038e-01 -1.170511821138839892e-01 2.320124901788143124e-01
8.363936685677474392e-01 -1.430233414264484026e-01 1.520894781995685285e-01
8.435021621849965179e-01 -1.499026376849291187e-01 1.230266476738350878e-01
8.432435108862291750e-01 -1.497704751560417491e-01 1.234165267216207340e-01
8.333418491944845075e-01 -1.446381337302466985e-01 1.514487688897236950e-01
8.397208072771584764e-01 -1.545683229826405602e-01 1.240673885957104261e-01
8.430778387326069989e-01 -1.662804698350894839e-01 9.499491849735264282e-02
8.400811156963771120e-01 -1.647856916388883430e-01 9.360250756679033834e-02
8.398291484314747146e-01 -1.661495259411055470e-01 9.447538799506438600e-02
8.398796681379978590e-01 -1.662100367536404888e-01 9.440724928977028974e-02
8.399524172689840640e-01 -1.663562664353661069e-01 9.404717837940257397e-02
8.297151816838458371e-01 -1.571492193835116735e-01 1.238324927443925638e-01
8.400009987787563359e-01 -1.663324607820110268e-01 9.395869040173776554e-02
8.399692471328832344e-01 -1.662681395884398339e-01 9.392987156795506998e-02
8.400428630899712257e-01 -1.663962857789061389e-01 9.374496710988244885e-02
8.400602796546522422e-01 -1.663777738935360295e-01 9.360500412656680425e-02
8.397078387665797283e-01 -1.660737748211742471e-01 9.470292053881701477e-02
