8.410479885476828121e-01 -2.430586790133863473e-01 1.344581881451114569e-01
8.410370768327475322e-01 -2.430916206639408828e-01 1.344904252678931211e-01
8.409365674892723685e-01 -2.446760995823145102e-01 1.347862623949318550e-01
8.482762320934414957e-01 -2.520730266060680069e-01 1.044687358290508072e-01
8.412891836701870130e-01 -2.416730363167076678e-01 1.336354563672228490e-01
8.479955148653566255e-01 -2.535050276060104579e-01 1.053332164543656635e-01
8.479091101011873022e-01 -2.533909057975262114e-01 1.056373646209731731e-01
8.383920342465400743e-01 -2.435604163445829751e-01 1.323854534830628538e-01
8.450424763736783529e-01 -2.537510457246749951e-01 1.037822259928926627e-01
8.346025727545083317e-01 -2.462873135114758694e-01 1.334816096204802793e-01
8.487379485123515144e-01 -2.663572080103605577e-01 7.273694189257762233e-02
8.159322877532004803e-01 -2.293521716473996552e-01 1.578088798021943795e-01
8.042595309007822824e-01 -2.151461032331883905e-01 1.818084193101408008e-01
7.881775855366737193e-01 -1.893080754293575696e-01 1.995673398099757634e-01
7.420183376107782891e-01 -1.474343788073807504e-01 2.630008531538337024e-01
7.133214736378192811e-01 -1.284228044022172055e-01 2.759232837329999022e-01
7.027058368688001710e-01 -1.373597116624898917e-01 1.909614985475649451e-01
6.802152253030332441e-01 -1.294437187754816643e-01 1.519342384714774674e-01
6.451027496908963155e-01 -9.459080872604991308e-02 1.905687802471927039e-01
6.027574495227471241e-01 -6.224075810879470261e-02 2.279221158436841588e-01
5.807015953466803104e-01 -4.961610980219394174e-02 2.464545691052442145e-01
5.617241330340787542e-01 -4.858972173706438413e-02 2.166634624110921337e-01
5.491286407000459668e-01 -5.254581433953342540e-02 1.599078846493873218e-01
5.323179964906402661e-01 -3.698485931558903594e-02 2.081056933197606984e-01
5.275098107623465982e-01 -4.703474835882331950e-02 1.543949663996155852e-01
5.142523096520469350e-01 -3.278896824885901840e-02 2.054001899396962205e-01
5.110480701195869724e-01 -2.749796618359623412e-02 2.281200686819724321e-01
5.109248699187933784e-01 -2.732714767358729313e-02 2.288032636836181410e-01
5.078222098984832567e-01 -2.203911161112970252e-02 2.512697071889804512e-01
5.109873282227254121e-01 -2.738028720499852131e-02 2.287179596696931050e-01
5.314779639390323496e-01 -6.399434221740435413e-02 1.026397049581777576e-01
5.345817367145694332e-01 -4.421319409358498431e-02 2.119183216879891862e-01
5.555922025928504704e-01 -7.168069538873433899e-02 1.372384009801419502e-01
5.740176741581767272e-01 -7.831480767036225199e-02 1.441203536333239832e-01
5.886091323242590434e-01 -7.499555781140920807e-02 2.028223388167731400e-01
6.140333725988298408e-01 -9.280149395454295735e-02 1.866588608840358265e-01
6.312245705798901207e-01 -1.081832453900817281e-01 1.651051760761195197e-01
6.547228646326437307e-01 -1.300901145339347087e-01 1.478266841814075416e-01
6.700288945764858450e-01 -1.279261904447347997e-01 1.790623399206618949e-01
6.744627765684254594e-01 -1.200856320434528501e-01 2.374293964748055430e-01
6.990870544206604364e-01 -1.433063659931682055e-01 1.923834672150099845e-01
7.196319412319154285e-01 -1.513026928974240681e-01 1.999617955980061978e-01
7.148591623452156263e-01 -1.347490319397374459e-01 2.813504801489821183e-01
7.294764813261120917e-01 -1.540237182749136791e-01 2.635916075945337056e-01
7.210950819124222200e-01 -1.209301908519491153e-01 3.294843998416756570e-01
7.140519492884158659e-01 -1.022866708982512196e-01 3.697899760009832892e-01
7.187111743958503052e-01 -1.022546690689101201e-01 3.457847073345341471e-01
6.910942631342457121e-01 -6.160732076702657434e-02 4.157604732751731813e-01
6.880286187066301240e-01 -5.145801040647551838e-02 3.898106746542939760e-01
6.597652373862161745e-01 -1.640700571525471885e-02 4.746823719812813813e-01
6.473007374238163303e-01 4.065118079110696669e-04 4.643779678337878192e-01
6.375679921830623709e-01 2.478903732353454625e-02 4.891962278683112952e-01
6.274119912139475286e-01 4.160799017466609850e-02 4.617765884751483529e-01
6.063610436368107592e-01 8.630755391632022322e-02 4.758599840710804330e-01
6.009411666409328889e-01 1.029501526347846307e-01 4.682898703506492843e-01
5.890616843034908179e-01 1.211891374704688884e-01 4.767827164300806331e-01
5.830067208913907173e-01 1.308315478772670293e-01 4.715999296094721682e-01
5.711258725580073969e-01 1.546203278768286671e-01 4.926719874795120191e-01
5.565539198107860575e-01 1.830824273775891187e-01 4.956220542244900162e-01
5.517871669084399855e-01 1.959170662382543338e-01 4.735101149113549734e-01
5.405260104075800820e-01 2.091320719693638419e-01 4.833345608946137961e-01
5.364808027952290281e-01 2.215830809501036502e-01 4.931328688572267360e-01
5.312089667132957604e-01 2.277574093401376620e-01 5.210759473092460015e-01
5.319698150414848836e-01 2.292626309996527167e-01 5.056625359092028482e-01
5.349125675504511346e-01 2.295190767873842019e-01 4.900511685421895525e-01
5.378469594184506208e-01 2.287515983759128013e-01 4.743399491315520855e-01
5.348861495687898815e-01 2.284375146584399219e-01 4.896828410766633777e-01
5.374959035939332885e-01 2.264271909870393396e-01 4.761547958282530413e-01
5.386321759009514709e-01 2.202122134187929903e-01 4.934873289313983502e-01
5.397339848072472135e-01 2.090019340094440015e-01 4.993665154609945311e-01
5.513433286787540188e-01 2.003875706726312989e-01 4.876757727632299311e-01
5.717989368200838696e-01 1.737487071338892353e-01 4.691881621036677608e-01
5.749913070534863335e-01 1.605690980454311245e-01 5.075634144125353853e-01
5.977245604895263797e-01 1.272509957638383038e-01 4.916166653238551731e-01
6.146800980218082300e-01 9.438273745116593227e-02 4.915377822420639031e-01
6.341590175739884039e-01 5.830949449013173025e-02 4.921603532660052682e-01
6.650570232221364453e-01 6.909232973054069138e-03 4.649859572184638079e-01
6.846953960287645025e-01 -2.328903472068533098e-02 4.607556144690763134e-01
7.341018761668285375e-01 -7.492573899003629467e-02 3.855807731426803553e-01
7.510444515522927134e-01 -8.712626020406932792e-02 3.933904648664943160e-01
7.769783335725412021e-01 -1.101743437630496592e-01 3.617827233568902123e-01
7.883991251509339104e-01 -1.289916765454932890e-01 3.474645532216988908e-01
8.071506331948101742e-01 -1.651814667458086916e-01 2.552498064962342994e-01
7.927402779649228570e-01 -1.568390800073369840e-01 2.782322310915670283e-01
7.901339603475541207e-01 -1.605076895224228084e-01 2.503419509655782083e-01
8.158801561211943554e-01 -1.822182482210248367e-01 1.358266622755841535e-01
8.138039435523285459e-01 -1.781004932364858295e-01 1.314162131865086458e-01
8.138071356883213037e-01 -1.780515352489463465e-01 1.311673383312712549e-01
8.137236455968350768e-01 -1.779653121080771172e-01 1.315672173999495875e-01
8.134874398241802584e-01 -1.794786664051674085e-01 1.324080910112674925e-01
8.104664408192828740e-01 -1.795320229174680593e-01 1.312196814043777859e-01
7.949898328749611665e-01 -1.703269403828866768e-01 1.577558048856184669e-01
7.858828880033328357e-01 -1.686482977328635502e-01 1.549371795323852830e-01
7.501637722384945084e-01 -1.316037991958297626e-01 2.263737105596606014e-01
7.298532705143190302e-01 -1.194392900996598672e-01 1.866603837091216356e-01
6.756941742426961772e-01 -6.925446299117055116e-02 2.689243775675644876e-01
6.489704223247378945e-01 -4.709039760173111544e-02 2.555962501242914353e-01
6.320804226502061418e-01 -4.508614146082096097e-02 1.664856358113899759e-01
6.027468289143741442e-01 -1.423666909416015924e-02 2.326019934577479020e-01
5.782893599896028469e-01 7.177906638979880682e-04 2.500316579400694295e-01
5.584551772174760620e-01 8.978091210216310181e-03 2.448500310844534678e-01
5.531665727284073020e-01 3.960199476033543498e-04 1.659618056655063345e-01
5.356431263789021013e-01 1.721365012591336008e-02 2.379952533907774281e-01
5.360016048541129674e-01 1.122020047850907920e-02 2.147413219179139521e-01
5.367278531820028897e-01 6.412754977747847640e-03 1.898472464792997361e-01
5.372318879176081197e-01 9.017316369011985078e-03 1.871885656132146192e-01
5.575847790154844219e-01 -3.556657183676870115e-03 1.386805164381070821e-01
5.701670837330028441e-01 1.371128821775369211e-03 1.949894924680777297e-01
5.844542095647246027e-01 1.486062657311604251e-03 2.490276328195364375e-01
6.084478564310475956e-01 -1.422547653801736756e-02 2.347667433060594000e-01
6.279876128224999299e-01 -2.656348707289996058e-02 2.424790660575391055e-01
6.503846867616296379e-01 -3.855451564003525844e-02 2.250595852869794466e-01
6.686057656819701656e-01 -4.722370767588912610e-02 2.009141187227234671e-01
6.727063373694568416e-01 -4.391518290838597460e-02 2.580800400428397978e-01
6.783155111495524636e-01 -4.867490841492266851e-02 2.594583103485277320e-01
7.003113403837293305e-01 -7.023168312954902737e-02 1.891684227741643465e-01
6.852037350199848831e-01 -4.191991720717397341e-02 3.106069825167321330e-01
6.853193250856131069e-01 -4.181433244834836804e-02 3.105986063246608531e-01
6.918135083172053390e-01 -4.190257362696525600e-02 2.874243121953263813e-01
6.870950564136654171e-01 -2.873800726321340537e-02 3.040300880705282260e-01
6.871183480625241424e-01 -2.585568023986367647e-02 3.035492773714876247e-01
6.720540967269271748e-01 -1.903302256338296194e-02 3.475622696952460622e-01
6.658230444440036422e-01 -2.517466578723492887e-02 3.495047459228217690e-01
6.632117455773770542e-01 -3.289054062972218695e-02 3.275240501570217955e-01
6.639340714173822544e-01 -2.786709274457394026e-02 3.246734231387287117e-01
6.621846887650519875e-01 -1.687493386578559074e-02 3.215010879673616540e-01
6.520981654251873927e-01 5.146386166572591847e-03 3.598756093073516293e-01
6.326226189936131616e-01 4.675229328003532858e-02 4.240400075433983229e-01
6.240297586485326065e-01 7.881277556520699390e-02 4.469792014112978773e-01
6.122993161584853183e-01 1.010679558176696413e-01 4.534268013771980410e-01
5.909998217863574599e-01 1.479004894054085639e-01 5.007935983165465732e-01
5.784671093324914581e-01 1.803112834669798881e-01 4.834575453887932639e-01
5.714073373916178644e-01 2.024841928226650545e-01 4.735116728188382140e-01
5.595167424798436207e-01 2.198064826022312346e-01 4.959339121139463291e-01
5.575087850267260725e-01 2.234096079341471031e-01 4.951979310773564347e-01
5.546380071977131676e-01 2.264819251425936319e-01 5.085620422617171954e-01
5.495846922768790055e-01 2.296427457927130433e-01 5.218197294500162009e-01
5.436908314959580935e-01 2.305984060726352092e-01 5.051978105113388295e-01
5.421017084971785360e-01 2.312194567871986850e-01 4.896316716459541141e-01
5.393836386379949888e-01 2.281508850905076269e-01 4.914812590427579675e-01
5.394560333044003952e-01 2.292663412224986152e-01 4.907455665578090986e-01
5.366279757544859530e-01 2.288506739081888619e-01 5.047995634927697761e-01
5.369053405918721156e-01 2.271535430483334062e-01 4.918589851671872903e-01
5.369424147103779577e-01 2.271987409219816678e-01 4.917220832597168911e-01
5.366213986949857073e-01 2.289191054916568380e-01 5.049745547591508732e-01
5.392501817080226356e-01 2.270032866264172777e-01 4.919733690298215834e-01
5.394304895013585233e-01 2.280429840463549240e-01 4.903353373144587746e-01
5.393178249776556799e-01 2.270401145588606395e-01 4.915237413879356421e-01
5.395020681880720037e-01 2.291995926928445115e-01 4.908035933063712442e-01
5.382597519163955235e-01 2.333180428702794074e-01 4.728275680282032489e-01
5.354528711204743496e-01 2.411774138252753552e-01 5.008560297633526393e-01
5.353952200980561793e-01 2.401332525195237766e-01 5.007455188816314351e-01
5.420605876498766351e-01 2.312809175833091535e-01 4.894530688697065202e-01
5.534289006150461265e-01 2.195557026649043175e-01 4.798139991643082247e-01
5.738291967237822977e-01 1.921871615050808058e-01 4.613641911886396940e-01
5.902449427884698396e-01 1.517183507829606981e-01 5.127598918055920052e-01
6.065546570620954370e-01 1.163673012150228669e-01 5.136948731410324598e-01
6.288161252307474802e-01 7.181404784518485851e-02 5.022841229696124454e-01
6.554841839225024058e-01 3.083915083079041830e-02 4.706954040398627637e-01
6.845631084232151053e-01 -1.229610985511542243e-02 4.353307099543302083e-01
7.075611839651941848e-01 -3.960062226662042217e-02 4.312358097587674077e-01
7.410935524130084495e-01 -8.133581779298365566e-02 3.647431219145134129e-01
7.538086904907554953e-01 -1.046005067077949713e-01 3.538075212972677797e-01
7.678764678060858717e-01 -1.207261948666497886e-01 3.387791415118626137e-01
7.786579515936196128e-01 -1.501072904670536778e-01 3.006531639539835599e-01
7.919354933028190935e-01 -1.690558387246503813e-01 2.543065799757904255e-01
7.949592404793799361e-01 -1.762064238947778361e-01 2.273982112250463317e-01
8.076341206116528504e-01 -1.898029174578859946e-01 1.708855978924848085e-01
8.091920311732501148e-01 -1.813088678607270021e-01 1.654619666391781152e-01
8.096171564490616257e-01 -1.767825901425033597e-01 1.640491455414190280e-01
8.092751383294582990e-01 -1.814834881258457489e-01 1.650781034208730347e-01
8.093375551994086425e-01 -1.832420774183868839e-01 1.649694455878556454e-01
8.092478710937767161e-01 -1.814162251733466569e-01 1.652685672810814133e-01
8.088676988648115795e-01 -1.844049896679073319e-01 1.665946530615642907e-01
8.175527991819142581e-01 -1.946345452524125275e-01 1.413180817053585336e-01
8.089762464411824894e-01 -1.826963721354082082e-01 1.665469334765710130e-01
8.093705040030092501e-01 -1.781281840830519214e-01 1.649593347243047958e-01
8.066941427108287321e-01 -1.733761360539794183e-01 1.630414527093708710e-01
7.833879005768895620e-01 -1.514391462570130187e-01 2.128469866398303711e-01
7.789123045819528190e-01 -1.465321078651416475e-01 1.764498443379656223e-01
7.468606343680377346e-01 -1.127810723585924157e-01 2.467351272276803176e-01
7.216600770577877855e-01 -8.716504176198686116e-02 2.576625685743203498e-01
7.119528828094691120e-01 -8.459717523428794683e-02 2.269320021456493475e-01
6.958351447577655335e-01 -6.808323139492417075e-02 2.173006748532348986e-01
6.794342280199646700e-01 -6.507980040092015139e-02 1.827433346847049389e-01
6.504753966937333320e-01 -3.779052649005504305e-02 2.495045780055336060e-01
6.447557862202644152e-01 -4.145638040660315493e-02 1.957404489200607056e-01
6.279905758601843635e-01 -2.668350115333495420e-02 2.419341988608345595e-01
6.303067320581854371e-01 -3.470833980259296903e-02 1.607477554179788104e-01
6.116417638607546392e-01 -1.283827447129781696e-02 2.049304708507366790e-01
6.067984969392969941e-01 -4.511374746650476109e-03 2.285405449626869423e-01
6.092496571290656471e-01 -5.269975738123044984e-03 2.019591516033001355e-01
6.088287194082587783e-01 -5.975335769832168520e-03 1.739238792606458972e-01
6.135491049872666691e-01 -1.221416148489712361e-02 1.182994766345815130e-01
6.135393906528859853e-01 -1.219432686343790984e-02 1.182517341100619568e-01
6.113206325344994196e-01 -8.401840249463943255e-03 1.456887596962921361e-01
6.104224203227340828e-01 -6.430382354110086851e-04 2.258645858499930270e-01
6.342248205762207602e-01 -3.025404987305402305e-02 1.284137732518404462e-01
6.448526906224072430e-01 -3.988241788925228626e-02 1.953421088233724401e-01
6.532254318889856304e-01 -3.784959025486556161e-02 2.505543932975926591e-01
6.718271295594364645e-01 -5.083534069579087600e-02 2.611728324764392983e-01
6.915895604658007789e-01 -5.589686663112786169e-02 2.668122693421564051e-01
6.937089768972545256e-01 -5.014771392480277257e-02 2.914154069460310748e-01
6.883180943794429130e-01 -3.917971963231259291e-02 3.103030512572690913e-01
6.816499142342508089e-01 -1.510058997865015851e-02 3.237832203466906034e-01
6.593653607137560657e-01 1.988577816753089866e-02 3.734562856729968239e-01
6.410688419028996998e-01 4.868328576031333288e-02 4.012983651789456818e-01
6.241477838122442279e-01 8.063776144365969456e-02 4.265971228948137739e-01
6.116326213261127354e-01 9.968931107425693661e-02 4.353519245685337768e-01
5.780699989830166974e-01 1.434714699387848458e-01 4.837273004045470337e-01
5.729451697847216529e-01 1.600510902913808708e-01 4.409836599367065180e-01
5.537157049015097865e-01 1.866194018245116437e-01 5.091272354488345364e-01
5.475408253047712170e-01 1.928379406711682176e-01 4.581974583194190487e-01
5.376392245094901989e-01 2.035728394086883108e-01 4.849695332775556533e-01
5.338587905625648000e-01 2.007583060707077149e-01 4.533170546378755272e-01
5.215735260825193897e-01 2.070622661628923611e-01 4.821760245604873596e-01
5.214603965571973365e-01 2.071048879539756915e-01 4.816663671734513485e-01
5.192764240961096345e-01 2.084314778095341936e-01 4.817239653165814595e-01
5.195668615066282303e-01 2.106387510479202918e-01 4.798831667084149100e-01
5.197662095668675875e-01 2.128913939727726801e-01 4.788534195750149269e-01
5.199132927190026621e-01 2.139816099000980132e-01 4.780894823278012407e-01
5.194702366397965232e-01 2.137361409451100647e-01 4.935656166669943890e-01
5.202155711418151585e-01 2.173904999012018502e-01 4.770634214580846688e-01
5.207814001966405426e-01 2.157645921944353895e-01 4.457906901616108808e-01
5.161410726895960810e-01 2.203510396312060027e-01 4.593562171830283258e-01
5.188223531131923583e-01 2.193596166010178261e-01 4.435250023781764916e-01
5.205199988171245185e-01 2.219000708915537801e-01 4.757109918829365292e-01
5.223471898726690377e-01 2.160769224982224679e-01 4.776050049496027849e-01
5.351531138124290266e-01 1.889594734117202579e-01 4.576130300163983033e-01
5.566217516007334609e-01 1.582828937673569358e-01 4.216457495631531494e-01
5.721686124354355973e-01 1.298459414528683187e-01 4.863035216642415115e-01
6.134245723702296260e-01 7.390250183668733985e-02 4.275345029547115150e-01
6.344673846298068964e-01 3.655834595604245951e-02 4.256963271277902638e-01
6.645834956183910291e-01 -2.577866122424055106e-04 3.846125602767018758e-01
6.781050049657493251e-01 -1.996034501317889287e-02 3.946088748261009638e-01
7.080198923967361280e-01 -5.706424762653555804e-02 3.232757714432128449e-01
7.364220598974138277e-01 -8.641898658139252065e-02 2.888287667907840639e-01
7.692006557362511820e-01 -1.236838172037042494e-01 1.954752389033709292e-01
7.740214988935720797e-01 -1.377361013597724892e-01 1.702880948531615424e-01
7.850246539906635679e-01 -1.578206613225228705e-01 1.138825833211201122e-01
7.700474134256032333e-01 -1.473366560312276419e-01 1.405142050775654017e-01
7.699091399506001743e-01 -1.472489198972806168e-01 1.410296724158757176e-01
7.785552677287059797e-01 -1.558439322139070771e-01 1.128656153475586787e-01
7.786181953460287186e-01 -1.558757035288093062e-01 1.126761028529541520e-01
7.786791575255040954e-01 -1.559360243870028806e-01 1.123425350118190114e-01
7.785113948853488175e-01 -1.557763607686152851e-01 1.129856989223327890e-01
7.784903900143924638e-01 -1.557362469158628526e-01 1.131174487245039106e-01
7.786563327908559984e-01 -1.559123547367415874e-01 1.125823455210173130e-01
7.786719670628565737e-01 -1.559226366715328882e-01 1.124637558975687401e-01
