3.000308573246002197e-01 -4.999781548976898193e-01 1.257658004760742188e-05
3.000310659408569336e-01 -4.999780058860778809e-01 1.242756843566894531e-05
3.000308573246002197e-01 -4.999781548976898193e-01 1.257658004760742188e-05
3.000308573246002197e-01 -4.999781548976898193e-01 1.257658004760742188e-05
3.000308573246002197e-01 -4.999781548976898193e-01 1.257658004760742188e-05
3.000310659408569336e-01 -4.999780058860778809e-01 1.242756843566894531e-05
3.000310659408569336e-01 -4.999780058860778809e-01 1.242756843566894531e-05
3.000310659408569336e-01 -4.999780058860778809e-01 1.242756843566894531e-05
3.000308573246002197e-01 -4.999781548976898193e-01 1.257658004760742188e-05
3.000310659408569336e-01 -4.999780058860778809e-01 1.242756843566894531e-05
3.000310659408569336e-01 -4.999780058860778809e-01 1.242756843566894531e-05
3.000310659408569336e-01 -4.999780058860778809e-01 1.242756843566894531e-05
3.000310659408569336e-01 -4.999780058860778809e-01 1.242756843566894531e-05
3.000310659408569336e-01 -4.999780058860778809e-01 1.242756843566894531e-05
3.000310659408569336e-01 -4.999780058860778809e-01 1.242756843566894531e-05
3.000310659408569336e-01 -4.999780058860778809e-01 1.242756843566894531e-05
3.000310659408569336e-01 -4.999780058860778809e-01 1.242756843566894531e-05
3.001789450645446777e-01 -4.998586475849151611e-01 -1.869201660156250000e-04
3.029689192771911621e-01 -4.968169331550598145e-01 -3.954172134399414062e-03
3.158532381057739258e-01 -4.837377965450286865e-01 -1.455336809158325195e-02
3.310487866401672363e-01 -4.685241580009460449e-01 -2.238616347312927246e-02
3.461498320102691650e-01 -4.534755051136016846e-01 -2.904379367828369141e-02
3.611117005348205566e-01 -4.386046528816223145e-01 -3.503611683845520020e-02
3.685111999511718750e-01 -4.311915934085845947e-01 -3.790241479873657227e-02
3.834619820117950439e-01 -4.162886440753936768e-01 -4.325661063194274902e-02
3.985770344734191895e-01 -4.010414183139801025e-01 -4.822239279747009277e-02
4.135970175266265869e-01 -3.861119747161865234e-01 -5.263908207416534424e-02
4.278830289840698242e-01 -3.714043498039245605e-01 -5.664113163948059082e-02
4.411944448947906494e-01 -3.563252389430999756e-01 -6.040237843990325928e-02
4.473818242549896240e-01 -3.488601446151733398e-01 -6.210656464099884033e-02
4.589998424053192139e-01 -3.339081704616546631e-01 -6.533101201057434082e-02
4.696566164493560791e-01 -3.187841773033142090e-01 -6.835339963436126709e-02
4.793216288089752197e-01 -3.038525283336639404e-01 -7.102042436599731445e-02
4.881065189838409424e-01 -2.889592051506042480e-01 -7.349205017089843750e-02
4.923249185085296631e-01 -2.813972234725952148e-01 -7.467189431190490723e-02
5.000754594802856445e-01 -2.664292752742767334e-01 -7.682025432586669922e-02
5.071097016334533691e-01 -2.513052225112915039e-01 -7.885918021202087402e-02
5.103870630264282227e-01 -2.438944131135940552e-01 -7.975228130817413330e-02
5.165148377418518066e-01 -2.288666665554046631e-01 -8.151443302631378174e-02
5.221578478813171387e-01 -2.139929682016372681e-01 -8.309146761894226074e-02
5.272951126098632812e-01 -1.989684253931045532e-01 -8.455792069435119629e-02
5.297812819480895996e-01 -1.914916783571243286e-01 -8.517706394195556641e-02
5.342433452606201172e-01 -1.764262914657592773e-01 -8.650900423526763916e-02
5.403512120246887207e-01 -1.538374722003936768e-01 -8.819867670536041260e-02
5.439227223396301270e-01 -1.389789730310440063e-01 -8.917978405952453613e-02
5.455715060234069824e-01 -1.314992159605026245e-01 -8.970130980014801025e-02
5.487325191497802734e-01 -1.163886934518814087e-01 -9.058155119419097900e-02
5.514847636222839355e-01 -1.018337011337280273e-01 -9.145012497901916504e-02
5.542513132095336914e-01 -8.852715045213699341e-02 -9.218503534793853760e-02
5.566541552543640137e-01 -7.654338330030441284e-02 -9.281101822853088379e-02
5.588519573211669922e-01 -6.551899015903472900e-02 -9.342932701110839844e-02
5.608670115470886230e-01 -5.533086881041526794e-02 -9.400336444377899170e-02
5.627340674400329590e-01 -4.603253677487373352e-02 -9.450979530811309814e-02
5.636370182037353516e-01 -4.157657548785209656e-02 -9.471075236797332764e-02
5.652345418930053711e-01 -3.351373597979545593e-02 -9.518626332283020020e-02
5.666595101356506348e-01 -2.611953206360340118e-02 -9.562264382839202881e-02
5.679892897605895996e-01 -1.932892389595508575e-02 -9.602011740207672119e-02
5.692172646522521973e-01 -1.314426213502883911e-02 -9.635686874389648438e-02
5.703433752059936523e-01 -7.359506096690893173e-03 -9.666490554809570312e-02
5.709074139595031738e-01 -4.753190092742443085e-03 -9.676244854927062988e-02
5.718562602996826172e-01 1.795606513042002916e-04 -9.709392488002777100e-02
5.727581381797790527e-01 4.690302535891532898e-03 -9.731517732143402100e-02
5.735806226730346680e-01 8.847520686686038971e-03 -9.753836691379547119e-02
5.743086338043212891e-01 1.263252738863229752e-02 -9.777107834815979004e-02
5.749955177307128906e-01 1.617730595171451569e-02 -9.794504940509796143e-02
5.755755901336669922e-01 1.930381543934345245e-02 -9.817884862422943115e-02
5.759070515632629395e-01 2.078415267169475555e-02 -9.821204841136932373e-02
5.761877298355102539e-01 2.218905650079250336e-02 -9.827803075313568115e-02
5.766735076904296875e-01 2.482902817428112030e-02 -9.846401214599609375e-02
5.771762728691101074e-01 2.723277360200881958e-02 -9.855133295059204102e-02
5.775546431541442871e-01 2.949760295450687408e-02 -9.876061975955963135e-02
5.777832865715026855e-01 3.052292391657829285e-02 -9.877562522888183594e-02
5.782294869422912598e-01 3.241988271474838257e-02 -9.882757067680358887e-02
5.785018801689147949e-01 3.423506394028663635e-02 -9.896540641784667969e-02
5.788769721984863281e-01 3.585031256079673767e-02 -9.902055561542510986e-02
5.789719223976135254e-01 3.658850491046905518e-02 -9.911476075649261475e-02
5.792477130889892578e-01 3.802873939275741577e-02 -9.919725358486175537e-02
5.795119404792785645e-01 3.930771350860595703e-02 -9.925551712512969971e-02
5.797590613365173340e-01 4.049817472696304321e-02 -9.931375086307525635e-02
5.799776911735534668e-01 4.155756905674934387e-02 -9.935192763805389404e-02
5.800595879554748535e-01 4.204083979129791260e-02 -9.937280416488647461e-02
5.802865624427795410e-01 4.304026812314987183e-02 -9.943124651908874512e-02
5.803285837173461914e-01 4.346428066492080688e-02 -9.948477149009704590e-02
5.805134773254394531e-01 4.431430622935295105e-02 -9.949149191379547119e-02
5.805945992469787598e-01 4.465895146131515503e-02 -9.949749708175659180e-02
5.806393027305603027e-01 4.501449316740036011e-02 -9.956441819667816162e-02
5.807669162750244141e-01 4.565743356943130493e-02 -9.984865784645080566e-02
5.807160139083862305e-01 4.609471559524536133e-02 -1.043791025876998901e-01
5.806865692138671875e-01 4.639333114027976990e-02 -1.111687570810317993e-01
5.808725357055664062e-01 4.697708785533905029e-02 -1.219126582145690918e-01
5.809143781661987305e-01 4.719833284616470337e-02 -1.263724714517593384e-01
5.810372829437255859e-01 4.751259833574295044e-02 -1.304339915513992310e-01
5.810040235519409180e-01 4.774021729826927185e-02 -1.343823969364166260e-01
5.811998844146728516e-01 4.831972345709800720e-02 -1.451565772294998169e-01
5.812671184539794922e-01 4.862490668892860413e-02 -1.484167724847793579e-01
5.813152194023132324e-01 4.877824708819389343e-02 -1.515676677227020264e-01
5.814348459243774414e-01 4.919172078371047974e-02 -1.574747115373611450e-01
5.814450383186340332e-01 4.933724179863929749e-02 -1.602310687303543091e-01
5.814898610115051270e-01 4.947135969996452332e-02 -1.628352254629135132e-01
5.815633535385131836e-01 4.980285093188285828e-02 -1.677090078592300415e-01
5.816240906715393066e-01 5.011243745684623718e-02 -1.721739619970321655e-01
5.816684961318969727e-01 5.031400546431541443e-02 -1.763221621513366699e-01
5.817671418190002441e-01 5.053181573748588562e-02 -1.800598949193954468e-01
5.817430019378662109e-01 5.069655552506446838e-02 -1.818198263645172119e-01
5.817830562591552734e-01 5.090536922216415405e-02 -1.850954145193099976e-01
5.818499326705932617e-01 5.107271671295166016e-02 -1.880499720573425293e-01
5.819000005722045898e-01 5.120115727186203003e-02 -1.908068954944610596e-01
5.818830132484436035e-01 5.130161717534065247e-02 -1.921196728944778442e-01
5.819190740585327148e-01 5.147813633084297180e-02 -1.945046782493591309e-01
5.819724798202514648e-01 5.166678875684738159e-02 -1.966708302497863770e-01
5.820133090019226074e-01 5.173394829034805298e-02 -1.986673921346664429e-01
5.819896459579467773e-01 5.178980529308319092e-02 -1.996154785156250000e-01
5.820305943489074707e-01 5.190975591540336609e-02 -2.013214379549026489e-01
5.820648670196533203e-01 5.205975472927093506e-02 -2.029293328523635864e-01
5.820717215538024902e-01 5.208692699670791626e-02 -2.044153660535812378e-01
5.820633172988891602e-01 5.216176435351371765e-02 -2.051184177398681641e-01
5.820321440696716309e-01 5.221138894557952881e-02 -2.064215391874313354e-01
5.821146368980407715e-01 5.232606828212738037e-02 -2.075252234935760498e-01
5.821048617362976074e-01 5.237101018428802490e-02 -2.086135447025299072e-01
5.820807814598083496e-01 5.242696404457092285e-02 -2.091206163167953491e-01
5.821141004562377930e-01 5.239847674965858459e-02 -2.096015065908432007e-01
5.821138620376586914e-01 5.254079401493072510e-02 -2.105048596858978271e-01
5.821374058723449707e-01 5.254384130239486694e-02 -2.112798988819122314e-01
5.821139216423034668e-01 5.257844179868698120e-02 -2.123030126094818115e-01
5.821587443351745605e-01 5.256376788020133972e-02 -2.126284986734390259e-01
5.821778178215026855e-01 5.264052376151084900e-02 -2.132577151060104370e-01
5.821756124496459961e-01 5.269687250256538391e-02 -2.138169705867767334e-01
5.821751356124877930e-01 5.276173725724220276e-02 -2.143792510032653809e-01
5.821573734283447266e-01 5.274952575564384460e-02 -2.146406471729278564e-01
5.821941494941711426e-01 5.282598733901977539e-02 -2.150460630655288696e-01
5.821737051010131836e-01 5.282954871654510498e-02 -2.154986262321472168e-01
5.821847915649414062e-01 5.283982679247856140e-02 -2.157929986715316772e-01
5.820952653884887695e-01 5.277331545948982239e-02 -2.132250368595123291e-01
5.822945833206176758e-01 5.287590995430946350e-02 -2.001165896654129028e-01
5.823879837989807129e-01 5.293507874011993408e-02 -1.850271224975585938e-01
5.823895931243896484e-01 5.289050191640853882e-02 -1.698535084724426270e-01
5.823723077774047852e-01 5.291223153471946716e-02 -1.473424583673477173e-01
5.823876261711120605e-01 5.294930189847946167e-02 -1.399211585521697998e-01
5.823710560798645020e-01 5.291865766048431396e-02 -1.324403285980224609e-01
5.824037790298461914e-01 5.295101180672645569e-02 -1.174333393573760986e-01
5.824176669120788574e-01 5.297702923417091370e-02 -1.023894697427749634e-01
5.824137926101684570e-01 5.300753563642501831e-02 -9.480549395084381104e-02
5.823726058006286621e-01 5.299820750951766968e-02 -7.983784377574920654e-02
5.824352502822875977e-01 5.297800898551940918e-02 -6.499266624450683594e-02
5.824145078659057617e-01 5.301066860556602478e-02 -5.085022747516632080e-02
5.823798775672912598e-01 5.303170531988143921e-02 -4.426528513431549072e-02
5.823681950569152832e-01 5.306489393115043640e-02 -2.597641944885253906e-02
5.823484063148498535e-01 5.304871872067451477e-02 -1.515603065490722656e-02
5.823418498039245605e-01 5.306075885891914368e-02 -1.010450720787048340e-02
5.822577476501464844e-01 5.304170772433280945e-02 3.642350435256958008e-03
5.821879506111145020e-01 5.301815271377563477e-02 7.878422737121582031e-03
5.821980237960815430e-01 5.302095785737037659e-02 1.575279235839843750e-02
5.822092890739440918e-01 5.307506397366523743e-02 2.303987741470336914e-02
5.821838974952697754e-01 5.306523293256759644e-02 2.962392568588256836e-02
5.821967124938964844e-01 5.305457115173339844e-02 3.563979268074035645e-02
5.821958780288696289e-01 5.304938554763793945e-02 4.116624593734741211e-02
5.821835994720458984e-01 5.304570123553276062e-02 4.372689127922058105e-02
5.821970105171203613e-01 5.307691916823387146e-02 4.862165451049804688e-02
5.821700096130371094e-01 5.306899920105934143e-02 5.299758911132812500e-02
5.821831226348876953e-01 5.311366543173789978e-02 5.701217055320739746e-02
5.822181105613708496e-01 5.307096987962722778e-02 5.891087651252746582e-02
5.821913480758666992e-01 5.306324362754821777e-02 6.242647767066955566e-02
5.822014212608337402e-01 5.307202786207199097e-02 6.566780805587768555e-02
5.821553468704223633e-01 5.307152122259140015e-02 6.714361906051635742e-02
5.821826457977294922e-01 5.307701975107192993e-02 6.997805833816528320e-02
5.821712017059326172e-01 5.308103933930397034e-02 7.133033871650695801e-02
5.821818113327026367e-01 5.306695774197578430e-02 7.375946640968322754e-02
5.821726918220520020e-01 5.308240279555320740e-02 7.599827647209167480e-02
5.821596384048461914e-01 5.309135839343070984e-02 7.704669237136840820e-02
5.821885466575622559e-01 5.307920649647712708e-02 7.901284098625183105e-02
5.821777582168579102e-01 5.304411426186561584e-02 7.997378706932067871e-02
5.821798443794250488e-01 5.307697877287864685e-02 8.169004321098327637e-02
5.821907520294189453e-01 5.302655324339866638e-02 8.328276872634887695e-02
5.821838974952697754e-01 5.306997895240783691e-02 8.397021889686584473e-02
5.821749567985534668e-01 5.309620127081871033e-02 8.533632755279541016e-02
5.821763873100280762e-01 5.312661081552505493e-02 8.598944544792175293e-02
5.821793675422668457e-01 5.301198363304138184e-02 8.660715818405151367e-02
5.821802616119384766e-01 5.310864374041557312e-02 8.721080422401428223e-02
5.821526050567626953e-01 5.309667065739631653e-02 8.825939893722534180e-02
5.821878314018249512e-01 5.315002799034118652e-02 8.931165933609008789e-02
5.822012424468994141e-01 5.305670946836471558e-02 9.021574258804321289e-02
5.822038054466247559e-01 5.306911841034889221e-02 9.108230471611022949e-02
5.821771621704101562e-01 5.305441468954086304e-02 9.142750501632690430e-02
5.821875929832458496e-01 5.307509005069732666e-02 9.182009100914001465e-02
5.821774005889892578e-01 5.308701470494270325e-02 9.252536296844482422e-02
5.822149515151977539e-01 5.307287722826004028e-02 9.317070245742797852e-02
5.821951627731323242e-01 5.306668207049369812e-02 9.375241398811340332e-02
5.821875929832458496e-01 5.310642346739768982e-02 9.402889013290405273e-02
5.821764469146728516e-01 5.311247333884239197e-02 9.450811147689819336e-02
5.821971297264099121e-01 5.308637022972106934e-02 9.499245882034301758e-02
5.821890234947204590e-01 5.307150632143020630e-02 9.544259309768676758e-02
5.821770429611206055e-01 5.312036722898483276e-02 9.558919072151184082e-02
5.822208523750305176e-01 5.309915170073509216e-02 9.604665637016296387e-02
5.822095274925231934e-01 5.307297781109809875e-02 9.636145830154418945e-02
5.774550437927246094e-01 4.484446719288825989e-02 9.516438841819763184e-02
5.598345994949340820e-01 1.090506836771965027e-02 8.926492929458618164e-02
5.496467947959899902e-01 -8.796008303761482239e-03 8.576276898384094238e-02
5.294817090034484863e-01 -4.829870909452438354e-02 7.886177301406860352e-02
5.098932981491088867e-01 -8.677704632282257080e-02 7.209822535514831543e-02
4.919280111789703369e-01 -1.223455667495727539e-01 6.592598557472229004e-02
4.834232330322265625e-01 -1.393103897571563721e-01 6.299796700477600098e-02
4.678334891796112061e-01 -1.702712476253509521e-01 5.762302875518798828e-02
4.536716043949127197e-01 -1.984046548604965210e-01 5.279448628425598145e-02
4.405245184898376465e-01 -2.243800908327102661e-01 4.822793602943420410e-02
4.342791438102722168e-01 -2.364030331373214722e-01 4.601204395294189453e-02
4.227745831012725830e-01 -2.591166198253631592e-01 4.205453395843505859e-02
4.173760712146759033e-01 -2.697996795177459717e-01 4.018184542655944824e-02
4.027022123336791992e-01 -2.988204360008239746e-01 3.513997793197631836e-02
3.939725756645202637e-01 -3.160016834735870361e-01 3.214162588119506836e-02
3.858967721462249756e-01 -3.318552076816558838e-01 2.941054105758666992e-02
3.786045908927917480e-01 -3.462426066398620605e-01 2.689936757087707520e-02
3.717941641807556152e-01 -3.595251739025115967e-01 2.453449368476867676e-02
3.686661422252655029e-01 -3.656617701053619385e-01 2.344849705696105957e-02
3.628438115119934082e-01 -3.771270811557769775e-01 2.147066593170166016e-02
3.575389385223388672e-01 -3.875975608825683594e-01 1.963779330253601074e-02
3.524822890758514404e-01 -3.973075151443481445e-01 1.790317893028259277e-02
3.480160236358642578e-01 -4.061420857906341553e-01 1.640346646308898926e-02
3.439190685749053955e-01 -4.141606688499450684e-01 1.499381661415100098e-02
3.401032686233520508e-01 -4.215570390224456787e-01 1.371333003044128418e-02
3.366568982601165771e-01 -4.282263815402984619e-01 1.251396536827087402e-02
3.335143327713012695e-01 -4.343987703323364258e-01 1.145476102828979492e-02
3.306249976158142090e-01 -4.400314688682556152e-01 1.048019528388977051e-02
3.293060660362243652e-01 -4.426459074020385742e-01 9.997814893722534180e-03
3.268027007579803467e-01 -4.476128816604614258e-01 9.186387062072753906e-03
3.256139755249023438e-01 -4.498718678951263428e-01 8.737176656723022461e-03
3.233980834484100342e-01 -4.541318416595458984e-01 7.969468832015991211e-03
3.214130997657775879e-01 -4.580652117729187012e-01 7.291138172149658203e-03
3.196004033088684082e-01 -4.616209566593170166e-01 6.633162498474121094e-03
3.178784549236297607e-01 -4.650211930274963379e-01 6.130844354629516602e-03
3.170762658119201660e-01 -4.665424227714538574e-01 5.828291177749633789e-03
3.163585364818572998e-01 -4.679897129535675049e-01 5.620032548904418945e-03
3.143076598644256592e-01 -4.719998538494110107e-01 4.915237426757812500e-03
3.131007850170135498e-01 -4.744029641151428223e-01 4.493117332458496094e-03
3.114521801471710205e-01 -4.775673747062683105e-01 3.863483667373657227e-03
3.104656934738159180e-01 -4.795246124267578125e-01 3.593981266021728516e-03
3.095426559448242188e-01 -4.812632799148559570e-01 3.237128257751464844e-03
3.091416060924530029e-01 -4.820918142795562744e-01 3.124177455902099609e-03
3.083610236644744873e-01 -4.836465418338775635e-01 2.881854772567749023e-03
3.075804114341735840e-01 -4.850455522537231445e-01 2.564042806625366211e-03
3.069680035114288330e-01 -4.862937927246093750e-01 2.370953559875488281e-03
3.063863813877105713e-01 -4.874859154224395752e-01 2.195954322814941406e-03
3.061017096042633057e-01 -4.880025088787078857e-01 2.073794603347778320e-03
3.055766820907592773e-01 -4.890576899051666260e-01 1.866757869720458984e-03
3.050993382930755615e-01 -4.899780750274658203e-01 1.735508441925048828e-03
3.046327531337738037e-01 -4.908696711063385010e-01 1.567214727401733398e-03
3.042740821838378906e-01 -4.916588068008422852e-01 1.476585865020751953e-03
3.038876354694366455e-01 -4.923280775547027588e-01 1.309186220169067383e-03
3.036982119083404541e-01 -4.926818609237670898e-01 1.256406307220458984e-03
3.013913631439208984e-01 -4.973402321338653564e-01 4.500448703765869141e-04
3.012382388114929199e-01 -4.976405501365661621e-01 4.115402698516845703e-04
3.011740446090698242e-01 -4.977603852748870850e-01 3.745853900909423828e-04
3.010918200016021729e-01 -4.979009032249450684e-01 3.649294376373291016e-04
3.010323643684387207e-01 -4.980629980564117432e-01 3.345310688018798828e-04
3.009106516838073730e-01 -4.981887340545654297e-01 2.657175064086914062e-04
3.008652627468109131e-01 -4.984030127525329590e-01 2.978742122650146484e-04
3.008349537849426270e-01 -4.984365701675415039e-01 2.873241901397705078e-04
3.007636368274688721e-01 -4.984962940216064453e-01 2.514719963073730469e-04
3.007528781890869141e-01 -4.986239671707153320e-01 2.388954162597656250e-04
3.006760478019714355e-01 -4.987496137619018555e-01 2.313554286956787109e-04
3.005929887294769287e-01 -4.988597333431243896e-01 1.668632030487060547e-04
3.005930185317993164e-01 -4.989702403545379639e-01 1.822710037231445312e-04
3.005410432815551758e-01 -4.989991784095764160e-01 1.647174358367919922e-04
3.005203902721405029e-01 -4.990891814231872559e-01 1.268088817596435547e-04
3.004664778709411621e-01 -4.991473555564880371e-01 1.159012317657470703e-04
3.004831671714782715e-01 -4.992414116859436035e-01 1.386702060699462891e-04
3.004499077796936035e-01 -4.992621243000030518e-01 1.119673252105712891e-04
3.004390001296997070e-01 -4.992855191230773926e-01 8.642673492431640625e-05
3.003567457199096680e-01 -4.993574619293212891e-01 4.878640174865722656e-05
3.003271222114562988e-01 -4.993823766708374023e-01 4.863739013671875000e-05
3.003282248973846436e-01 -4.994234442710876465e-01 5.784630775451660156e-05
3.003454804420471191e-01 -4.994653165340423584e-01 7.230043411254882812e-05
3.003246784210205078e-01 -4.995031952857971191e-01 7.778406143188476562e-05
3.002662360668182373e-01 -4.995535314083099365e-01 7.086992263793945312e-05
3.002704679965972900e-01 -4.995674788951873779e-01 6.905198097229003906e-05
3.002561628818511963e-01 -4.995770752429962158e-01 2.810359001159667969e-05
3.002554178237915039e-01 -4.996002912521362305e-01 -1.087784767150878906e-05
3.002543449401855469e-01 -4.996185302734375000e-01 -2.145767211914062500e-06
3.002260625362396240e-01 -4.996430575847625732e-01 4.500150680541992188e-06
3.002158701419830322e-01 -4.996552467346191406e-01 7.987022399902343750e-06
3.002046346664428711e-01 -4.996657371520996094e-01 1.123547554016113281e-05
