2.999484837055206299e-01 -3.999333381652832031e-01 1.999660134315490723e-01
2.999483942985534668e-01 -3.999331891536712646e-01 1.999658644199371338e-01
2.999487221240997314e-01 -3.999332487583160400e-01 1.999660134315490723e-01
2.999483048915863037e-01 -3.999329209327697754e-01 1.999658644199371338e-01
2.999486327171325684e-01 -3.999331295490264893e-01 1.999658644199371338e-01
2.999483942985534668e-01 -3.999331891536712646e-01 1.999658644199371338e-01
2.999483942985534668e-01 -3.999331891536712646e-01 1.999658644199371338e-01
2.999483048915863037e-01 -3.999329209327697754e-01 1.999658644199371338e-01
2.999486327171325684e-01 -3.999331295490264893e-01 1.999658644199371338e-01
2.999486327171325684e-01 -3.999331295490264893e-01 1.999658644199371338e-01
2.999486327171325684e-01 -3.999331295490264893e-01 1.999658644199371338e-01
2.999486327171325684e-01 -3.999331295490264893e-01 1.999658644199371338e-01
2.999486327171325684e-01 -3.999331295490264893e-01 1.999658644199371338e-01
2.999483942985534668e-01 -3.999331891536712646e-01 1.999658644199371338e-01
2.999483942985534668e-01 -3.999331891536712646e-01 1.999658644199371338e-01
2.999483942985534668e-01 -3.999331891536712646e-01 1.999658644199371338e-01
2.999483942985534668e-01 -3.999331891536712646e-01 1.999658644199371338e-01
2.999486327171325684e-01 -3.999331295490264893e-01 1.999658644199371338e-01
2.999485433101654053e-01 -3.999328613281250000e-01 1.999658644199371338e-01
2.999486327171325684e-01 -3.999331295490264893e-01 1.999658644199371338e-01
2.999483942985534668e-01 -3.999331891536712646e-01 1.999658644199371338e-01
2.999815642833709717e-01 -3.997949957847595215e-01 1.994714438915252686e-01
3.017420172691345215e-01 -3.971094489097595215e-01 1.912017762660980225e-01
3.133874237537384033e-01 -3.852503001689910889e-01 1.647691130638122559e-01
3.433109819889068604e-01 -3.554109334945678711e-01 1.204651296138763428e-01
3.508518934249877930e-01 -3.478561937808990479e-01 1.107510924339294434e-01
3.584086596965789795e-01 -3.403858244419097900e-01 1.015208065509796143e-01
3.734287023544311523e-01 -3.254176080226898193e-01 8.418816328048706055e-02
3.810032606124877930e-01 -3.180303871631622314e-01 7.613658905029296875e-02
3.884510695934295654e-01 -3.105766773223876953e-01 6.834626197814941406e-02
4.110118150711059570e-01 -2.881929278373718262e-01 4.716345667839050293e-02
4.186235070228576660e-01 -2.806849181652069092e-01 4.069891571998596191e-02
4.336385130882263184e-01 -2.657928466796875000e-01 2.863717079162597656e-02
4.412623941898345947e-01 -2.583527266979217529e-01 2.305042743682861328e-02
4.487390220165252686e-01 -2.508732676506042480e-01 1.761105656623840332e-02
4.638634324073791504e-01 -2.359700798988342285e-01 7.540047168731689453e-03
4.714311659336090088e-01 -2.284973412752151489e-01 2.838581800460815430e-03
4.788404703140258789e-01 -2.209801971912384033e-01 -1.712650060653686523e-03
4.932926893234252930e-01 -2.060732841491699219e-01 -1.010558009147644043e-02
5.000880956649780273e-01 -1.985259503126144409e-01 -1.407182216644287109e-02
5.065824389457702637e-01 -1.909554600715637207e-01 -1.782196760177612305e-02
5.186598300933837891e-01 -1.760096251964569092e-01 -2.491882443428039551e-02
5.242882966995239258e-01 -1.684812903404235840e-01 -2.817294001579284668e-02
5.296857953071594238e-01 -1.610140651464462280e-01 -3.135129809379577637e-02
5.397807955741882324e-01 -1.460761278867721558e-01 -3.719937801361083984e-02
5.445004105567932129e-01 -1.385607123374938965e-01 -3.995582461357116699e-02
5.490289330482482910e-01 -1.308842450380325317e-01 -4.267217218875885010e-02
5.574384927749633789e-01 -1.160726025700569153e-01 -4.751980304718017578e-02
5.613454580307006836e-01 -1.089123338460922241e-01 -4.982583224773406982e-02
5.651637315750122070e-01 -1.017399728298187256e-01 -5.203987658023834229e-02
5.721831917762756348e-01 -8.874073624610900879e-02 -5.613310635089874268e-02
5.754627585411071777e-01 -8.257084339857101440e-02 -5.807644128799438477e-02
5.786147713661193848e-01 -7.674910128116607666e-02 -5.991414189338684082e-02
5.845296978950500488e-01 -6.576962769031524658e-02 -6.332126259803771973e-02
5.872788429260253906e-01 -6.060826405882835388e-02 -6.493480503559112549e-02
5.898637771606445312e-01 -5.576409772038459778e-02 -6.652717292308807373e-02
5.948074460029602051e-01 -4.658723622560501099e-02 -6.932470202445983887e-02
5.970834493637084961e-01 -4.231174290180206299e-02 -7.072572410106658936e-02
5.992970466613769531e-01 -3.822979703545570374e-02 -7.198491692543029785e-02
6.033900976181030273e-01 -3.056108392775058746e-02 -7.440020143985748291e-02
6.053054928779602051e-01 -2.696633525192737579e-02 -7.553553581237792969e-02
6.071165800094604492e-01 -2.354262582957744598e-02 -7.660205662250518799e-02
6.105627417564392090e-01 -1.715585216879844666e-02 -7.859586179256439209e-02
6.121634244918823242e-01 -1.411241292953491211e-02 -7.955735921859741211e-02
6.137039661407470703e-01 -1.132902409881353378e-02 -8.047373592853546143e-02
6.165940165519714355e-01 -5.934027489274740219e-03 -8.208808302879333496e-02
6.215690374374389648e-01 3.437666222453117371e-03 -8.505834639072418213e-02
6.226456761360168457e-01 5.501518957316875458e-03 -8.571170270442962646e-02
6.248028278350830078e-01 9.395414963364601135e-03 -8.695068955421447754e-02
6.257387995719909668e-01 1.118558552116155624e-02 -8.750255405902862549e-02
6.275871992111206055e-01 1.465632766485214233e-02 -8.858938515186309814e-02
6.284366250038146973e-01 1.625412516295909882e-02 -8.907215297222137451e-02
6.300503611564636230e-01 1.924306154251098633e-02 -8.998201787471771240e-02
6.307719945907592773e-01 2.066901698708534241e-02 -9.046538174152374268e-02
6.321676373481750488e-01 2.326115407049655914e-02 -9.130592644214630127e-02
6.328557729721069336e-01 2.443357929587364197e-02 -9.162987768650054932e-02
6.340586543083190918e-01 2.676243893802165985e-02 -9.238855540752410889e-02
6.346161961555480957e-01 2.783651463687419891e-02 -9.274271130561828613e-02
6.356559991836547852e-01 2.982929907739162445e-02 -9.334959089756011963e-02
6.361784934997558594e-01 3.073849901556968689e-02 -9.363265335559844971e-02
6.371517777442932129e-01 3.246178105473518372e-02 -9.415094554424285889e-02
6.375641822814941406e-01 3.328573331236839294e-02 -9.444001317024230957e-02
6.383901834487915039e-01 3.489646688103675842e-02 -9.487546980381011963e-02
6.391281485557556152e-01 3.622008115053176880e-02 -9.534747898578643799e-02
6.394330859184265137e-01 3.689533472061157227e-02 -9.560231864452362061e-02
6.398617625236511230e-01 3.753194585442543030e-02 -9.567598998546600342e-02
6.404498219490051270e-01 3.867763653397560120e-02 -9.609106183052062988e-02
6.407147645950317383e-01 3.916350007057189941e-02 -9.628847241401672363e-02
6.412551403045654297e-01 4.021013155579566956e-02 -9.661343693733215332e-02
6.414856910705566406e-01 4.075205698609352112e-02 -9.677317738533020020e-02
6.419713497161865234e-01 4.161700978875160217e-02 -9.704296290874481201e-02
6.422370672225952148e-01 4.204407334327697754e-02 -9.712356328964233398e-02
6.426314711570739746e-01 4.282205179333686829e-02 -9.741742908954620361e-02
6.430406570434570312e-01 4.354747757315635681e-02 -9.760704636573791504e-02
6.432254314422607422e-01 4.378326982259750366e-02 -9.771154820919036865e-02
6.435409188270568848e-01 4.443445429205894470e-02 -9.792248904705047607e-02
6.436694264411926270e-01 4.469559714198112488e-02 -9.827855229377746582e-02
6.436869502067565918e-01 4.505045711994171143e-02 -1.029738932847976685e-01
6.439727544784545898e-01 4.544970020651817322e-02 -1.156376749277114868e-01
6.441401243209838867e-01 4.580365493893623352e-02 -1.205956339836120605e-01
6.441967487335205078e-01 4.599780216813087463e-02 -1.252611279487609863e-01
6.446454524993896484e-01 4.665483906865119934e-02 -1.370187848806381226e-01
6.447144746780395508e-01 4.682206735014915466e-02 -1.407112777233123779e-01
6.449207067489624023e-01 4.721231758594512939e-02 -1.475316435098648071e-01
6.450724601745605469e-01 4.737941920757293701e-02 -1.506258547306060791e-01
6.451379656791687012e-01 4.749608039855957031e-02 -1.536948233842849731e-01
6.453765034675598145e-01 4.789132624864578247e-02 -1.593363732099533081e-01
6.453768610954284668e-01 4.799837246537208557e-02 -1.620721071958541870e-01
6.454460620880126953e-01 4.818317294120788574e-02 -1.646085530519485474e-01
6.456334590911865234e-01 4.838592931628227234e-02 -1.693267524242401123e-01
6.456872820854187012e-01 4.850543662905693054e-02 -1.715309321880340576e-01
6.457435488700866699e-01 4.856273531913757324e-02 -1.737030744552612305e-01
6.458403468132019043e-01 4.878491163253784180e-02 -1.776769012212753296e-01
6.459546685218811035e-01 4.891492798924446106e-02 -1.795018166303634644e-01
6.459987163543701172e-01 4.903728142380714417e-02 -1.812698990106582642e-01
6.461032032966613770e-01 4.922780022025108337e-02 -1.845621168613433838e-01
6.461348533630371094e-01 4.927002266049385071e-02 -1.861466914415359497e-01
6.461696028709411621e-01 4.935102909803390503e-02 -1.876404583454132080e-01
6.462231278419494629e-01 4.956148192286491394e-02 -1.904370039701461792e-01
6.462840437889099121e-01 4.961082339286804199e-02 -1.917273253202438354e-01
6.463607549667358398e-01 4.968380555510520935e-02 -1.941430568695068359e-01
6.463978290557861328e-01 4.975010827183723450e-02 -1.952733993530273438e-01
6.464327573776245117e-01 4.983612895011901855e-02 -1.963445395231246948e-01
6.464830636978149414e-01 4.996977001428604126e-02 -1.983879059553146362e-01
6.465054750442504883e-01 5.001271143555641174e-02 -1.993269324302673340e-01
6.465323567390441895e-01 5.005088075995445251e-02 -2.002273052930831909e-01
6.465810537338256836e-01 5.017546936869621277e-02 -2.019369602203369141e-01
6.465750932693481445e-01 5.020130425691604614e-02 -2.027530968189239502e-01
6.465969681739807129e-01 5.023501440882682800e-02 -2.035123556852340698e-01
6.466781497001647949e-01 5.037055537104606628e-02 -2.048906981945037842e-01
6.466765403747558594e-01 5.041328445076942444e-02 -2.055782228708267212e-01
6.467274427413940430e-01 5.033379048109054565e-02 -2.061699479818344116e-01
6.467514038085937500e-01 5.042493715882301331e-02 -2.073669582605361938e-01
6.467681527137756348e-01 5.048784241080284119e-02 -2.078957855701446533e-01
6.467694044113159180e-01 5.049312487244606018e-02 -2.084382623434066772e-01
6.467843651771545410e-01 5.053138360381126404e-02 -2.094597518444061279e-01
6.467730998992919922e-01 5.055624991655349731e-02 -2.099495977163314819e-01
6.468352079391479492e-01 5.060340836644172668e-02 -2.103188633918762207e-01
6.468561887741088867e-01 5.061741918325424194e-02 -2.111565917730331421e-01
6.468507051467895508e-01 5.064668133854866028e-02 -2.115749865770339966e-01
6.468835473060607910e-01 5.062163993716239929e-02 -2.119407802820205688e-01
6.470763087272644043e-01 5.102813988924026489e-02 -2.175452113151550293e-01
6.471139788627624512e-01 5.103757604956626892e-02 -2.178156822919845581e-01
6.471301317214965820e-01 5.105480179190635681e-02 -2.178734689950942993e-01
6.468212008476257324e-01 5.080813914537429810e-02 -2.153287529945373535e-01
6.470670700073242188e-01 5.088125541806221008e-02 -2.091246247291564941e-01
6.471356153488159180e-01 5.112404376268386841e-02 -1.944792419672012329e-01
6.469178795814514160e-01 5.112016573548316956e-02 -1.871619522571563721e-01
6.470496654510498047e-01 5.110611394047737122e-02 -1.719889491796493530e-01
6.471362113952636719e-01 5.109218508005142212e-02 -1.643691211938858032e-01
6.471052169799804688e-01 5.107510462403297424e-02 -1.494118273258209229e-01
6.471875905990600586e-01 5.111009627580642700e-02 -1.418361514806747437e-01
6.472041010856628418e-01 5.107964947819709778e-02 -1.268383711576461792e-01
6.472641825675964355e-01 5.114811658859252930e-02 -1.118115335702896118e-01
6.471734642982482910e-01 5.111023783683776855e-02 -1.043837070465087891e-01
6.472169160842895508e-01 5.111582949757575989e-02 -8.936755359172821045e-02
6.472277045249938965e-01 5.104062333703041077e-02 -8.166505396366119385e-02
6.472682356834411621e-01 5.110851302742958069e-02 -6.686557829380035400e-02
6.472483277320861816e-01 5.111066251993179321e-02 -5.963662266731262207e-02
6.472446918487548828e-01 5.109808966517448425e-02 -4.592849314212799072e-02
6.472240090370178223e-01 5.107080191373825073e-02 -3.953735530376434326e-02
6.472112536430358887e-01 5.110237002372741699e-02 -2.756071090698242188e-02
6.472077965736389160e-01 5.113501474261283875e-02 -2.195668220520019531e-02
6.472119688987731934e-01 5.109912529587745667e-02 -1.144856214523315430e-02
6.471753716468811035e-01 5.110369622707366943e-02 -6.618589162826538086e-03
6.471304297447204590e-01 5.110094323754310608e-02 2.500861883163452148e-03
6.470541357994079590e-01 5.110020563006401062e-02 1.084491610527038574e-02
6.470499038696289062e-01 5.108404159545898438e-02 1.475167274475097656e-02
6.470473408699035645e-01 5.106921121478080750e-02 1.848429441452026367e-02
6.471102237701416016e-01 5.106711387634277344e-02 2.551287412643432617e-02
6.470890045166015625e-01 5.110543593764305115e-02 3.187534213066101074e-02
6.470810174942016602e-01 5.110202357172966003e-02 3.488275408744812012e-02
6.470903754234313965e-01 5.110681056976318359e-02 3.771072626113891602e-02
6.471070647239685059e-01 5.111607909202575684e-02 4.308804869651794434e-02
6.470838189125061035e-01 5.107532441616058350e-02 4.797226190567016602e-02
6.470456123352050781e-01 5.104568600654602051e-02 5.026090145111083984e-02
6.470562815666198730e-01 5.109405517578125000e-02 5.450284481048583984e-02
6.470504999160766602e-01 5.107529833912849426e-02 5.651330947875976562e-02
6.470767259597778320e-01 5.112241581082344055e-02 5.839157104492187500e-02
6.470546126365661621e-01 5.109364166855812073e-02 6.195706129074096680e-02
6.470466852188110352e-01 5.106203630566596985e-02 6.521791219711303711e-02
6.470321416854858398e-01 5.112492665648460388e-02 6.676068902015686035e-02
6.470409631729125977e-01 5.106508731842041016e-02 6.958749890327453613e-02
6.470519304275512695e-01 5.105960369110107422e-02 7.091483473777770996e-02
6.470584273338317871e-01 5.109217017889022827e-02 7.340979576110839844e-02
6.470673680305480957e-01 5.117891356348991394e-02 7.464510202407836914e-02
6.470562219619750977e-01 5.109401047229766846e-02 7.679381966590881348e-02
6.470458507537841797e-01 5.112188309431076050e-02 7.782244682312011719e-02
6.470121741294860840e-01 5.108103156089782715e-02 7.967367768287658691e-02
6.470640301704406738e-01 5.111555010080337524e-02 8.060675859451293945e-02
6.470125317573547363e-01 5.112300068140029907e-02 8.221265673637390137e-02
6.470368504524230957e-01 5.109596252441406250e-02 8.373925089836120605e-02
6.470358967781066895e-01 5.107041820883750916e-02 8.446264266967773438e-02
6.470615863800048828e-01 5.109252780675888062e-02 8.521395921707153320e-02
6.470081210136413574e-01 5.106870457530021667e-02 8.577263355255126953e-02
6.470603942871093750e-01 5.111070722341537476e-02 8.708521723747253418e-02
6.470358371734619141e-01 5.108648911118507385e-02 8.811971545219421387e-02
6.470241546630859375e-01 5.107757449150085449e-02 8.865690231323242188e-02
6.470158100128173828e-01 5.112099274992942810e-02 8.960589766502380371e-02
6.470824480056762695e-01 5.111109092831611633e-02 9.009507298469543457e-02
6.470392942428588867e-01 5.113612860441207886e-02 9.096178412437438965e-02
6.470487117767333984e-01 5.109643563628196716e-02 9.133729338645935059e-02
6.470445394515991211e-01 5.107749253511428833e-02 9.209918975830078125e-02
6.470682024955749512e-01 5.110567808151245117e-02 9.239548444747924805e-02
6.470174193382263184e-01 5.111774429678916931e-02 9.301653504371643066e-02
6.470437049865722656e-01 5.111071467399597168e-02 9.338936209678649902e-02
6.470720171928405762e-01 5.116574466228485107e-02 9.397414326667785645e-02
6.470478773117065430e-01 5.112176388502120972e-02 9.419927000999450684e-02
6.470157504081726074e-01 5.112316086888313293e-02 9.469625353813171387e-02
6.470298171043395996e-01 5.115037411451339722e-02 9.490802884101867676e-02
6.470589637756347656e-01 5.110720917582511902e-02 9.540167450904846191e-02
6.470229029655456543e-01 5.111453682184219360e-02 9.553599357604980469e-02
6.467714905738830566e-01 5.071676149964332581e-02 9.599649906158447266e-02
6.415492296218872070e-01 4.334956780076026917e-02 9.482315182685852051e-02
6.205751895904541016e-01 1.085250917822122574e-02 8.906722068786621094e-02
6.086488962173461914e-01 -7.776861079037189484e-03 8.581200242042541504e-02
5.967231392860412598e-01 -2.683353796601295471e-02 8.248105645179748535e-02
5.848216414451599121e-01 -4.553741216659545898e-02 7.916641235351562500e-02
5.729544162750244141e-01 -6.451217085123062134e-02 7.590997219085693359e-02
5.498771667480468750e-01 -1.013263761997222900e-01 6.947222352027893066e-02
5.390182733535766602e-01 -1.188778057694435120e-01 6.639337539672851562e-02
5.185755491256713867e-01 -1.517096459865570068e-01 6.066578626632690430e-02
5.090913772583007812e-01 -1.669812798500061035e-01 5.801829695701599121e-02
5.000271201133728027e-01 -1.816954612731933594e-01 5.551415681838989258e-02
4.914062321186065674e-01 -1.956033557653427124e-01 5.309873819351196289e-02
4.829876720905303955e-01 -2.089965492486953735e-01 5.075401067733764648e-02
4.674683511257171631e-01 -2.341065704822540283e-01 4.660448431968688965e-02
4.601520895957946777e-01 -2.457298934459686279e-01 4.447421431541442871e-02
4.531382620334625244e-01 -2.569523751735687256e-01 4.253819584846496582e-02
4.400648176670074463e-01 -2.777137458324432373e-01 3.882309794425964355e-02
4.337844252586364746e-01 -2.875089943408966064e-01 3.705924749374389648e-02
4.279396533966064453e-01 -2.967427074909210205e-01 3.540623188018798828e-02
4.170701503753662109e-01 -3.142511248588562012e-01 3.240934014320373535e-02
4.119028449058532715e-01 -3.224374651908874512e-01 3.095406293869018555e-02
4.070644378662109375e-01 -3.301953077316284180e-01 2.959501743316650391e-02
3.978783786296844482e-01 -3.448631167411804199e-01 2.705195546150207520e-02
3.935790061950683594e-01 -3.517439067363739014e-01 2.589127421379089355e-02
3.893879950046539307e-01 -3.583568930625915527e-01 2.475726604461669922e-02
3.817625939846038818e-01 -3.704726397991180420e-01 2.263018488883972168e-02
3.781915903091430664e-01 -3.761681616306304932e-01 2.158740162849426270e-02
3.747401833534240723e-01 -3.815853595733642578e-01 2.065142989158630371e-02
3.683620095252990723e-01 -3.917249739170074463e-01 1.891329884529113770e-02
3.653441369533538818e-01 -3.964867591857910156e-01 1.806646585464477539e-02
3.626032769680023193e-01 -4.008906483650207520e-01 1.727393269538879395e-02
3.571978509426116943e-01 -4.094671010971069336e-01 1.581782102584838867e-02
3.546478152275085449e-01 -4.134300351142883301e-01 1.511216163635253906e-02
3.522689640522003174e-01 -4.172218441963195801e-01 1.443794369697570801e-02
3.477954268455505371e-01 -4.243468344211578369e-01 1.318398118019104004e-02
3.456654548645019531e-01 -4.276599884033203125e-01 1.260840892791748047e-02
3.443776667118072510e-01 -4.296033382415771484e-01 1.227784156799316406e-02
3.399088978767395020e-01 -4.367984235286712646e-01 1.101678609848022461e-02
3.381932973861694336e-01 -4.395731389522552490e-01 1.055952906608581543e-02
3.364472091197967529e-01 -4.422393441200256348e-01 1.008540391921997070e-02
3.333043158054351807e-01 -4.471540451049804688e-01 9.189546108245849609e-03
3.319214880466461182e-01 -4.494526088237762451e-01 8.816719055175781250e-03
3.304589092731475830e-01 -4.517023861408233643e-01 8.389353752136230469e-03
3.278867900371551514e-01 -4.557915329933166504e-01 7.689237594604492188e-03
3.266676664352416992e-01 -4.577636122703552246e-01 7.360488176345825195e-03
3.255296945571899414e-01 -4.595961868762969971e-01 7.037043571472167969e-03
3.233235478401184082e-01 -4.630850851535797119e-01 6.433486938476562500e-03
3.222458958625793457e-01 -4.646873176097869873e-01 6.162673234939575195e-03
3.212965130805969238e-01 -4.662072658538818359e-01 5.869567394256591797e-03
3.194498717784881592e-01 -4.691356718540191650e-01 5.377918481826782227e-03
3.186486363410949707e-01 -4.704666137695312500e-01 5.130052566528320312e-03
3.178113400936126709e-01 -4.717865288257598877e-01 4.937648773193359375e-03
3.162369430065155029e-01 -4.742039442062377930e-01 4.507869482040405273e-03
3.155519068241119385e-01 -4.753341078758239746e-01 4.317492246627807617e-03
3.148800432682037354e-01 -4.763470292091369629e-01 4.088044166564941406e-03
3.135960996150970459e-01 -4.784234166145324707e-01 3.761947154998779297e-03
3.130061030387878418e-01 -4.793706238269805908e-01 3.633826971054077148e-03
3.124200403690338135e-01 -4.802652001380920410e-01 3.405183553695678711e-03
3.113588094711303711e-01 -4.819482266902923584e-01 3.121525049209594727e-03
3.108897209167480469e-01 -4.827265143394470215e-01 2.973228693008422852e-03
3.099358379840850830e-01 -4.842086732387542725e-01 2.734452486038208008e-03
3.094869256019592285e-01 -4.848940968513488770e-01 2.585858106613159180e-03
3.086825013160705566e-01 -4.861957430839538574e-01 2.398848533630371094e-03
3.082874715328216553e-01 -4.868248999118804932e-01 2.281963825225830078e-03
3.075810372829437256e-01 -4.879412055015563965e-01 2.106189727783203125e-03
3.072789013385772705e-01 -4.884513616561889648e-01 2.000123262405395508e-03
3.066475689411163330e-01 -4.894239008426666260e-01 1.808285713195800781e-03
3.063400089740753174e-01 -4.899131953716278076e-01 1.736640930175781250e-03
3.058202862739562988e-01 -4.907529652118682861e-01 1.599133014678955078e-03
3.052900135517120361e-01 -4.915589988231658936e-01 1.434326171875000000e-03
3.050597310066223145e-01 -4.919214844703674316e-01 1.370191574096679688e-03
3.046208620071411133e-01 -4.925999939441680908e-01 1.255869865417480469e-03
3.044404089450836182e-01 -4.929260611534118652e-01 1.205503940582275391e-03
3.042840063571929932e-01 -4.932431876659393311e-01 1.194238662719726562e-03
3.014294207096099854e-01 -4.976637959480285645e-01 3.712475299835205078e-04
3.012740015983581543e-01 -4.979190826416015625e-01 3.135800361633300781e-04
3.011603057384490967e-01 -4.980498552322387695e-01 2.808272838592529297e-04
3.010878562927246094e-01 -4.981306493282318115e-01 2.527236938476562500e-04
3.010496795177459717e-01 -4.982346296310424805e-01 2.466440200805664062e-04
3.009695708751678467e-01 -4.983448386192321777e-01 2.439320087432861328e-04
3.009369373321533203e-01 -4.984383285045623779e-01 2.451539039611816406e-04
3.009120523929595947e-01 -4.985524415969848633e-01 2.032816410064697266e-04
3.008326292037963867e-01 -4.986355304718017578e-01 1.869499683380126953e-04
3.007736206054687500e-01 -4.987277388572692871e-01 1.986920833587646484e-04
3.007490634918212891e-01 -4.988206923007965088e-01 1.839399337768554688e-04
3.007062077522277832e-01 -4.988696873188018799e-01 1.468062400817871094e-04
3.006052970886230469e-01 -4.990182518959045410e-01 1.616179943084716797e-04
3.004867434501647949e-01 -4.991241991519927979e-01 1.643300056457519531e-04
3.004296422004699707e-01 -4.991724789142608643e-01 1.508295536041259766e-04
3.004197180271148682e-01 -4.992295801639556885e-01 9.816884994506835938e-05
3.004048764705657959e-01 -4.992488324642181396e-01 1.009106636047363281e-04
3.003681004047393799e-01 -4.993652105331420898e-01 1.302361488342285156e-04
3.003722727298736572e-01 -4.993838369846343994e-01 1.323223114013671875e-04
3.004214465618133545e-01 -4.993467628955841064e-01 9.560585021972656250e-05
3.003761470317840576e-01 -4.993836879730224609e-01 8.609890937805175781e-05
3.003534078598022461e-01 -4.994548261165618896e-01 8.696317672729492188e-05
3.003341555595397949e-01 -4.994625747203826904e-01 3.492832183837890625e-05
3.003250956535339355e-01 -4.994668364524841309e-01 3.466010093688964844e-05
3.003133833408355713e-01 -4.994776546955108643e-01 3.573298454284667969e-05
3.003036975860595703e-01 -4.994927346706390381e-01 3.927946090698242188e-05
3.002905845642089844e-01 -4.995162487030029297e-01 4.276633262634277344e-05
3.002806901931762695e-01 -4.996035993099212646e-01 6.666779518127441406e-05
3.002399504184722900e-01 -4.996395409107208252e-01 6.449222564697265625e-05
3.002205789089202881e-01 -4.996478557586669922e-01 6.014108657836914062e-05
3.002070784568786621e-01 -4.996519684791564941e-01 5.394220352172851562e-05
3.001834452152252197e-01 -4.996617734432220459e-01 3.919005393981933594e-05
3.001764714717864990e-01 -4.996694028377532959e-01 2.974271774291992188e-05
3.001653552055358887e-01 -4.997194111347198486e-01 1.931190490722656250e-05
3.001672327518463135e-01 -4.997435510158538818e-01 2.533197402954101562e-05
3.001657724380493164e-01 -4.997669160366058350e-01 3.167986869812011719e-05
3.001512289047241211e-01 -4.997961819171905518e-01 3.555417060852050781e-05
3.001219034194946289e-01 -4.998204410076141357e-01 3.647804260253906250e-05
3.001128137111663818e-01 -4.998497962951660156e-01 4.217028617858886719e-05
3.001201152801513672e-01 -4.998628497123718262e-01 4.762411117553710938e-05
3.001385629177093506e-01 -4.999101758003234863e-01 4.777312278747558594e-05
3.000868558883666992e-01 -4.999452531337738037e-01 2.107024192810058594e-05
3.000477850437164307e-01 -4.999727308750152588e-01 2.244114875793457031e-05
