-6.046900510787950322e-02 4.999347507953642578e-01 4.349246180057525502e-01
-6.046900510787950322e-02 4.999347507953642578e-01 4.349246180057525502e-01
-6.046900510787944771e-02 4.999347507953642578e-01 4.349246180057525502e-01
-6.046900510787950322e-02 4.999347507953642578e-01 4.349246180057525502e-01
-6.046900510787950322e-02 4.999347507953642578e-01 4.349246180057525502e-01
-6.046900510787950322e-02 4.999347507953642578e-01 4.349246180057525502e-01
-6.046900510787955874e-02 4.999347507953642578e-01 4.349246180057525502e-01
-6.046900510787950322e-02 4.999347507953642578e-01 4.349246180057525502e-01
-6.046900510787955874e-02 4.999347507953642578e-01 4.349246180057525502e-01
-6.046900510787950322e-02 4.999347507953641467e-01 4.349246180057525502e-01
-6.046900510787950322e-02 4.999347507953642578e-01 4.349246180057525502e-01
-6.046900510787950322e-02 4.999347507953642578e-01 4.349246180057525502e-01
-6.046900510787950322e-02 4.999347507953642578e-01 4.349246180057525502e-01
-6.046900510787950322e-02 4.999347507953642578e-01 4.349246180057525502e-01
-6.046900510787950322e-02 4.999347507953642578e-01 4.349246180057525502e-01
-6.046900510787950322e-02 4.999347507953642578e-01 4.349246180057525502e-01
-6.046900510787950322e-02 4.999347507953642578e-01 4.349246180057525502e-01
-6.046900510787950322e-02 4.999347507953642578e-01 4.349246180057525502e-01
-6.046900510787944771e-02 4.999347507953642578e-01 4.349246180057525502e-01
-6.046900510787950322e-02 4.999347507953642578e-01 4.349246180057525502e-01
-6.046900510787944771e-02 4.999347507953642578e-01 4.349246180057525502e-01
-6.046900510787944771e-02 4.999347507953642578e-01 4.349246180057525502e-01
-6.046900510787950322e-02 4.999347507953642578e-01 4.349246180057525502e-01
-6.046900510787950322e-02 4.999347507953642578e-01 4.349246180057525502e-01
-6.046900510787950322e-02 4.999347507953642578e-01 4.349246180057525502e-01
-6.046900510787950322e-02 4.999347507953642578e-01 4.349246180057525502e-01
-6.046900510787950322e-02 4.999347507953642578e-01 4.349246180057525502e-01
-6.046900510787950322e-02 4.999347507953642578e-01 4.349246180057525502e-01
-6.046900510787950322e-02 4.999347507953642578e-01 4.349246180057525502e-01
-6.046900510787950322e-02 4.999347507953642578e-01 4.349246180057525502e-01
-6.046900510787950322e-02 4.999347507953642578e-01 4.349246180057525502e-01
-5.993613958358740001e-02 4.837407946586607665e-01 4.333099281787872181e-01
-6.038865804672222115e-02 4.648893356323240966e-01 4.304982876777648793e-01
-6.060022473335247017e-02 4.129642724990843505e-01 4.212753331661224232e-01
-4.976743817329382091e-02 3.491091012954710693e-01 4.054798936843871937e-01
-3.986111640930151134e-02 3.153852105140683704e-01 3.957870459556579457e-01
-2.120826244354057089e-03 2.506252408027648260e-01 3.659359371662139759e-01
2.827089667320281663e-02 2.213954806327819158e-01 3.463941445946693287e-01
1.065719389915469328e-01 1.747385740280150701e-01 3.052979564666747914e-01
1.948503369092944304e-01 1.480485677719115545e-01 2.676757431030273304e-01
2.388265916705134551e-01 1.413574695587158647e-01 2.511330252885818348e-01
3.192622290551665465e-01 1.404451608657837358e-01 2.222138053178787098e-01
3.552349872514608542e-01 1.425191640853882280e-01 2.110492071509361134e-01
4.156270512938502470e-01 1.530647158622742143e-01 1.925229585170745716e-01
4.634173625707629363e-01 1.659586906433105913e-01 1.797309970855712757e-01
4.828593844175341765e-01 1.718479275703431730e-01 1.751936978101730213e-01
5.099310988187792937e-01 1.830712437629701261e-01 1.693684539198875294e-01
5.297660344839099089e-01 1.900321722030641203e-01 1.656866973638534413e-01
5.360105746984484831e-01 1.935052156448365812e-01 1.636286532878875322e-01
5.480473750829699675e-01 1.977019786834718351e-01 1.609198531508445607e-01
5.568748527765277068e-01 2.005217552185060148e-01 1.588787442445754872e-01
5.601301157474520842e-01 2.017063975334169035e-01 1.574309474229812489e-01
5.635382646322253386e-01 2.018674492836000089e-01 1.560828393697738514e-01
5.685407781600955168e-01 2.024037122726441984e-01 1.539043641090392933e-01
5.696971529722216765e-01 2.031051397323609953e-01 1.531696176528930531e-01
5.715382063388827483e-01 2.023915529251100187e-01 1.524965173006057606e-01
5.718899482488635222e-01 2.026135802268983488e-01 1.514295196533202992e-01
5.723386818170550505e-01 2.022340774536134367e-01 1.512753075361251698e-01
5.727653914690020720e-01 2.021787643432618742e-01 1.506498014926910267e-01
5.727513545751574675e-01 2.023183584213258390e-01 1.502988046407699452e-01
5.731151664257052580e-01 2.015628099441529875e-01 1.506507998704910145e-01
5.729654395580294768e-01 2.016188979148866300e-01 1.507260656356811390e-01
5.731702262163165251e-01 2.015293121337892179e-01 1.510402119159698353e-01
5.736066216230395476e-01 2.012201428413392668e-01 1.513189530372619496e-01
5.735830479860308806e-01 2.011905789375306730e-01 1.512524640560150013e-01
5.736803227663043181e-01 2.008476734161378507e-01 1.509222245216369496e-01
5.732808226346972624e-01 2.009086489677430754e-01 1.505638962984084950e-01
5.729686731100085417e-01 2.003462195396424894e-01 1.505116602778434620e-01
5.728137308359149138e-01 2.000846147537233000e-01 1.504639095067977772e-01
5.719771200418475310e-01 1.999146223068238859e-01 1.502394309639930592e-01
5.713321530818942229e-01 1.996170759201051359e-01 1.498851633071899281e-01
5.708181375265124480e-01 1.996436595916749601e-01 1.494929796457290516e-01
5.701408499479296843e-01 1.998105525970460539e-01 1.487628823518752919e-01
5.699671173095706145e-01 1.998579978942872648e-01 1.485994166135787831e-01
5.698676669597628752e-01 2.000353217124940519e-01 1.481789505481720115e-01
5.706530922651293913e-01 2.007131457328797941e-01 1.468671417236327992e-01
5.708340072631838957e-01 2.008869528770448332e-01 1.463529920578002796e-01
5.710949563980105559e-01 2.011961817741395597e-01 1.451244136691093312e-01
5.715085977315905730e-01 2.014832377433778410e-01 1.444765633344650135e-01
5.721011424064639250e-01 2.016698598861695890e-01 1.436829647421836720e-01
5.724698716402056853e-01 2.019038677215577726e-01 1.424372053146362171e-01
5.725413823127749602e-01 2.019007682800294523e-01 1.420548415184020863e-01
5.728916937112811247e-01 2.019963741302491789e-01 1.413224792480468617e-01
5.732418262958529631e-01 2.021701216697694425e-01 1.408792740106582508e-01
5.740209782123568694e-01 2.024200439453126554e-01 1.403842425346374101e-01
5.744712764024737517e-01 2.029031395912171964e-01 1.395862555503845082e-01
5.744221323728564421e-01 2.028360843658448820e-01 1.394473618268966542e-01
5.697263294458392302e-01 2.106104373931886320e-01 1.379868245124816761e-01
5.673498922586444060e-01 2.140977859497071867e-01 1.378054922819137440e-01
5.658558273315431597e-01 2.165371656417848234e-01 1.367049968242645130e-01
5.708605015277865569e-01 2.145618677139283781e-01 1.381512588262557850e-01
5.754066520929339568e-01 2.126207232475282316e-01 1.401247835159301625e-01
5.806068444252017180e-01 2.088103175163270597e-01 1.425600206851959095e-01
5.854995661973956267e-01 2.054113030433656339e-01 1.447323119640350209e-01
5.896247291564944426e-01 2.028308987617494230e-01 1.462003594636916981e-01
5.908469820022586028e-01 2.035110473632814054e-01 1.481011664867400990e-01
5.914001429080966155e-01 2.029114842414857511e-01 1.503800606727599964e-01
5.905036890506747405e-01 2.036489725112916593e-01 1.514861962199210987e-01
5.944751465320590178e-01 2.001803994178773527e-01 1.560865050554275379e-01
5.985157155990603606e-01 1.954973816871644621e-01 1.588252788782119618e-01
6.038674676418307463e-01 1.903847932815553312e-01 1.621524995565414295e-01
6.154774987697604338e-01 1.775837421417237882e-01 1.697783476114272938e-01
6.195449495315554778e-01 1.726881146430970793e-01 1.710793158411979542e-01
6.279469990730288664e-01 1.634977936744691496e-01 1.742838329076766835e-01
6.412840449810031096e-01 1.542422056198121671e-01 1.825070834159850941e-01
6.466646754741671721e-01 1.494696021080018644e-01 1.862750580906867848e-01
6.564992630481722991e-01 1.411799073219300871e-01 1.952641984820365773e-01
6.624481344223025481e-01 1.382536768913270597e-01 2.005643254518508778e-01
6.660478079319003264e-01 1.384243845939637785e-01 2.026645025610923634e-01
6.693626308441165129e-01 1.370363712310792570e-01 2.073065719008445607e-01
6.654669606685641448e-01 1.339031934738160734e-01 2.103048047423362599e-01
6.638126039505007903e-01 1.327782154083253507e-01 2.119598022103309498e-01
6.570521259307864348e-01 1.314161300659181242e-01 2.136769971251487599e-01
6.528283023834231535e-01 1.309199810028077726e-01 2.139975956082343922e-01
6.471586787700656096e-01 1.310256600379945402e-01 2.155843010544776783e-01
6.408820116519930998e-01 1.314034342765809660e-01 2.155438965559005604e-01
6.345826947689059416e-01 1.309130072593690519e-01 2.161361879110336170e-01
6.314435863494876067e-01 1.304280638694764738e-01 2.163522771000861988e-01
6.305307114124301116e-01 1.309653401374818449e-01 2.160562804341316090e-01
6.297916436195376555e-01 1.322122097015382414e-01 2.159009581804275379e-01
6.270869934558871428e-01 1.322394490242005949e-01 2.159316918253898487e-01
6.263809764385226408e-01 1.326758742332460050e-01 2.156456491351127491e-01
6.250639820098879973e-01 1.322991728782655363e-01 2.145137941837310658e-01
6.262274646759036223e-01 1.255202174186708097e-01 2.068375131487846241e-01
6.268697941303256194e-01 1.228009343147279386e-01 1.993471091985702381e-01
6.281625592708590666e-01 1.183398842811586027e-01 1.820350742340087757e-01
6.288699471950534026e-01 1.169252872467042570e-01 1.726787804067134724e-01
6.299716496467593352e-01 1.159610033035279875e-01 1.547121039032935963e-01
6.300002598762515227e-01 1.164066672325135832e-01 1.463059714436530934e-01
6.294381582736972014e-01 1.177371621131898527e-01 1.327714627981185780e-01
6.293481254577639739e-01 1.182240724563600187e-01 1.274970850348472462e-01
6.292100214958193938e-01 1.196476697921755594e-01 1.187251961231231556e-01
6.286298596858981291e-01 1.217846751213075285e-01 1.101487508416175709e-01
6.279685163497927824e-01 1.232985734939576750e-01 1.054311251640319691e-01
6.271407866477969328e-01 1.265918493270875578e-01 9.682180047035215953e-02
6.267951691150668303e-01 1.281297087669374113e-01 9.310010135173796275e-02
6.257716381549838225e-01 1.309078812599183683e-01 8.671054303646086314e-02
6.254067981243136565e-01 1.333260416984559660e-01 8.173814475536345103e-02
6.252861285209658782e-01 1.342007994651795988e-01 8.007620334625242808e-02
6.248710417747500578e-01 1.364657759666444425e-01 7.618744730949400523e-02
6.243739092350009123e-01 1.382676839828492765e-01 7.249444782733915904e-02
6.242777371406558196e-01 1.383777737617494230e-01 7.201783418655394176e-02
6.239879989624026457e-01 1.392686247825624113e-01 7.019908785820005992e-02
6.238127017021182219e-01 1.398516178131105070e-01 6.882655680179594615e-02
6.237914824485781828e-01 1.398911952972413664e-01 6.842938125133513072e-02
6.237534546852114836e-01 1.402101993560792570e-01 6.724262297153471568e-02
6.238966548442843596e-01 1.401064872741700773e-01 6.669306814670561412e-02
6.237984263896945158e-01 1.402557969093324308e-01 6.589962601661680797e-02
6.237905585765841643e-01 1.402847647666932707e-01 6.571050047874449351e-02
6.238320136070254485e-01 1.404113054275514250e-01 6.525835454463957408e-02
6.238026285171511809e-01 1.404386639595032182e-01 6.504134893417357066e-02
6.237166786193850676e-01 1.405461311340333586e-01 6.471574366092680552e-02
6.236237251758578459e-01 1.409287929534913664e-01 6.413774251937864879e-02
6.236493551731112639e-01 1.411160707473756437e-01 6.391404628753660777e-02
6.235646867752078215e-01 1.413422703742982511e-01 6.360144972801207164e-02
6.235042178630831877e-01 1.416087031364442472e-01 6.324243605136870006e-02
6.235256755352023283e-01 1.416967391967774992e-01 6.314995944499968150e-02
6.233909094333651701e-01 1.420927524566651945e-01 6.267719030380247691e-02
6.233208143711093108e-01 1.422001004219056730e-01 6.254336297512053111e-02
6.233229899406436125e-01 1.422523736953736906e-01 6.248398184776304820e-02
6.233144366741183440e-01 1.423718810081483488e-01 6.236183702945707896e-02
6.232550108432772795e-01 1.425197601318360929e-01 6.217242836952208140e-02
6.232594811916354338e-01 1.425699472427369718e-01 6.212072134017943004e-02
6.232766771316531340e-01 1.426326513290406828e-01 6.206481218338011363e-02
6.233127081394198576e-01 1.428320288658143644e-01 6.189230144023891156e-02
6.232714021205905119e-01 1.429197072982789640e-01 6.179624855518339732e-02
6.232442224025729338e-01 1.430024385452272062e-01 6.171192288398741344e-02
6.232998633384707610e-01 1.432074785232545500e-01 6.153754949569700816e-02
6.233079695701602141e-01 1.432688117027284269e-01 6.146653056144713023e-02
6.232958698272708098e-01 1.433414101600648527e-01 6.137348771095274547e-02
6.232481265068057219e-01 1.434922099113465910e-01 6.120483636856077769e-02
6.232601368427279631e-01 1.435140848159791593e-01 6.118735730648039439e-02
6.232663655281069914e-01 1.435627818107606535e-01 6.113931596279142955e-02
6.232265496253970305e-01 1.437951207160951261e-01 6.086622238159178355e-02
6.232113206386569182e-01 1.438712358474733000e-01 6.076441764831541636e-02
6.232047045230868498e-01 1.439052700996400480e-01 6.072659850120543101e-02
6.231704020500186125e-01 1.440017104148866300e-01 6.061647891998289683e-02
6.231557691097262541e-01 1.440408706665040617e-01 6.057034492492674449e-02
6.231449806690219084e-01 1.440855741500856046e-01 6.051130652427672008e-02
6.230822467803958098e-01 1.442313671112062101e-01 6.031292736530302623e-02
6.230716371536257903e-01 1.442481160163880949e-01 6.028969645500181773e-02
6.230465435981753508e-01 1.442972898483277921e-01 6.021745562553404429e-02
6.230161452293399016e-01 1.443384170532228117e-01 6.015989243984221080e-02
6.229834818840029875e-01 1.443980216979982023e-01 6.007419586181639293e-02
6.229768657684329192e-01 1.444313406944276457e-01 6.002727210521696666e-02
6.229380631446841399e-01 1.445526361465454546e-01 5.985529780387877086e-02
6.229327285289767424e-01 1.445730209350587492e-01 5.980967044830320933e-02
6.228837633132937590e-01 1.446336388587953214e-01 5.970130920410154918e-02
6.228797996044161955e-01 1.446441888809206766e-01 5.965571165084840310e-02
6.228754484653475920e-01 1.446540236473085050e-01 5.962544739246367076e-02
6.228639149665835539e-01 1.446716666221620207e-01 5.956517219543455699e-02
6.228462719917300383e-01 1.446976542472840910e-01 5.951853156089781383e-02
6.228562855720523039e-01 1.447281122207643156e-01 5.945858418941496470e-02
6.228479111194613616e-01 1.447573184967042570e-01 5.937521219253538707e-02
6.227860713005068938e-01 1.448377251625062589e-01 5.921523332595823863e-02
6.227912569046023528e-01 1.448305726051332121e-01 5.920915365219114879e-02
6.227987074851992766e-01 1.448172807693483000e-01 5.918279349803923228e-02
6.228006148338320891e-01 1.448029160499574308e-01 5.915217161178587535e-02
6.227748954296115080e-01 1.448246717453004484e-01 5.910773634910582164e-02
6.227718257904055754e-01 1.448150753974916105e-01 5.907386600971220592e-02
6.227779650688174407e-01 1.447955250740052824e-01 5.905737042427061656e-02
6.227737331390383879e-01 1.447836041450502043e-01 5.902941584587095836e-02
6.227616035938265959e-01 1.447810411453248625e-01 5.899590313434599498e-02
6.227264368534091155e-01 1.448001146316529875e-01 5.893251359462736705e-02
6.227289998531344573e-01 1.447900414466859464e-01 5.892770051956175426e-02
6.227005088329318205e-01 1.448035120964051847e-01 5.887450337409971812e-02
6.226659083366397063e-01 1.448208570480348234e-01 5.881238043308256724e-02
6.226483845710757414e-01 1.448301553726197843e-01 5.878114759922026256e-02
6.225836241245272795e-01 1.448795676231385832e-01 5.868302345275877574e-02
6.225797498226168791e-01 1.448699712753297453e-01 5.866356253623963846e-02
6.225503349304202239e-01 1.448915481567384367e-01 5.861824810504911998e-02
6.225360894203189055e-01 1.448936343193055754e-01 5.858752191066740611e-02
6.225331687927249114e-01 1.448897600173951750e-01 5.857661426067350963e-02
6.224836373329165617e-01 1.449270129203797941e-01 5.850108027458189586e-02
6.224850976467135588e-01 1.449104428291322355e-01 5.848710298538206676e-02
6.224609577655795256e-01 1.449262976646424894e-01 5.844785332679744427e-02
6.224446856975558440e-01 1.449267745018006925e-01 5.841079413890834515e-02
6.224493348598483244e-01 1.449041247367860441e-01 5.839787483215330699e-02
6.224474275112155119e-01 1.448974490165712004e-01 5.838657975196837047e-02
6.224485003948214690e-01 1.448816537857056108e-01 5.837245345115660289e-02
6.224491560459139983e-01 1.448716402053834562e-01 5.836357235908506969e-02
6.224411094188693205e-01 1.448613286018373136e-01 5.833387434482573131e-02
6.224230790138247649e-01 1.448626995086670366e-01 5.829374551773069957e-02
6.224227213859561125e-01 1.448532223701478605e-01 5.828310608863829234e-02
6.224265658855441252e-01 1.448293209075929289e-01 5.826696813106535533e-02
6.224161052703860442e-01 1.448181152343751554e-01 5.823111593723293011e-02
6.224142873287203948e-01 1.448089361190797453e-01 5.821727275848387340e-02
6.224029922485354582e-01 1.447921276092530851e-01 5.817389547824858287e-02
6.224222147464755217e-01 1.447451591491700773e-01 5.816865026950834849e-02
6.224250459671023528e-01 1.447313308715821867e-01 5.816073775291441539e-02
6.224277281761172453e-01 1.447034358978273039e-01 5.813802838325499156e-02
6.224091613292697112e-01 1.447007536888124113e-01 5.809249043464659312e-02
6.224059426784518401e-01 1.446932435035707121e-01 5.807714223861693004e-02
6.224197411537173430e-01 1.446587324142457609e-01 5.807302951812742808e-02
6.224286222457888762e-01 1.446261286735536222e-01 5.805902242660521129e-02
6.224381887912753264e-01 1.445978164672853117e-01 5.805170595645903209e-02
6.224382483959201018e-01 1.445743322372438078e-01 5.802759587764738658e-02
6.224137508869174162e-01 1.445736169815065031e-01 5.797083735466002086e-02
6.224126780033114592e-01 1.445662856101991300e-01 5.796106219291685679e-02
6.224097275733950774e-01 1.445495963096620207e-01 5.793829321861265758e-02
6.223837697505953948e-01 1.445669412612916593e-01 5.789725542068480113e-02
6.223584675788882414e-01 1.445788025856019621e-01 5.785346090793608287e-02
6.223495268821719328e-01 1.445742130279542570e-01 5.783073663711546519e-02
6.223452353477481047e-01 1.445721864700318937e-01 5.782096147537230113e-02
6.223010087013247649e-01 1.446047306060792570e-01 5.775782525539396861e-02
6.222881340980532805e-01 1.446059226989747648e-01 5.773590564727781871e-02
6.222875976562503020e-01 1.445995450019837980e-01 5.773268699645994761e-02
6.222362184524539153e-01 1.446404337882997160e-01 5.766332209110258677e-02
6.222351157665255705e-01 1.446322679519654875e-01 5.765719771385191539e-02
6.222356224060061614e-01 1.446262478828431730e-01 5.765527546405790904e-02
6.222258770465853850e-01 1.446270823478700285e-01 5.763913750648497203e-02
6.222137176990512053e-01 1.446310162544252043e-01 5.762071967124937633e-02
6.221994423866274992e-01 1.446422219276429777e-01 5.760201871395109752e-02
6.221779251098635832e-01 1.446573019027711515e-01 5.757466018199919322e-02
6.221607291698458830e-01 1.446671962738038664e-01 5.755347073078154185e-02
6.221610271930697600e-01 1.446626067161561613e-01 5.755519926548002818e-02
6.221121215820315520e-01 1.447037339210510698e-01 5.749948382377623179e-02
6.221612656116488616e-01 1.445760011672975187e-01 5.770063459873198131e-02
6.221636497974398772e-01 1.445690870285035734e-01 5.770582020282744029e-02
6.221535766124728362e-01 1.445758819580079679e-01 5.768261909484861949e-02
6.221448147296908537e-01 1.445805907249452238e-01 5.766531884670256236e-02
6.221350395679476897e-01 1.445892930030824308e-01 5.765016436576841929e-02
6.220946574211123625e-01 1.446280360221864347e-01 5.759318232536314586e-02
6.220863127708438078e-01 1.446328043937684660e-01 5.757510721683500865e-02
6.220834815502169768e-01 1.446343541145326261e-01 5.756865501403807261e-02
6.220730507373812834e-01 1.446412682533266825e-01 5.755035638809202769e-02
6.220680439472201506e-01 1.446440100669862394e-01 5.754055142402647594e-02
6.220498049259188811e-01 1.446598649024964933e-01 5.751310348510740855e-02
6.219958329200747649e-01 1.447117209434510832e-01 5.744274020195005992e-02
6.219791138172152678e-01 1.447237610816957121e-01 5.741715490818019574e-02
6.219683253765109221e-01 1.447318673133851652e-01 5.740098714828489879e-02
6.219252014160159270e-01 1.447691202163697843e-01 5.734193384647368052e-02
6.219264233112338225e-01 1.447644114494325285e-01 5.734096527099608043e-02
6.219179892539981047e-01 1.447666168212892179e-01 5.732545316219328502e-02
6.219140553474429289e-01 1.447645306587220793e-01 5.731673598289488414e-02
6.219066643714907805e-01 1.447694182395936613e-01 5.730576872825621226e-02
6.218789482116702239e-01 1.447901010513307218e-01 5.726933538913725474e-02
6.218681895732882658e-01 1.447926044464112882e-01 5.725488126277922252e-02
6.218566858768466155e-01 1.448009490966798429e-01 5.723944365978239635e-02
6.218460762500765959e-01 1.447999954223634367e-01 5.722338020801542857e-02
6.217922234535220305e-01 1.448453545570375089e-01 5.715702533721922496e-02
6.217564308643344084e-01 1.448781371116639738e-01 5.711323082447050670e-02
6.217253768444064299e-01 1.448994755744935636e-01 5.707596302032469371e-02
6.216920280456545989e-01 1.449190855026246671e-01 5.704182446002958873e-02
6.216690504550936858e-01 1.449319601058961515e-01 5.702616333961485484e-02
6.216898822784426848e-01 1.448376059532167082e-01 5.717633724212645152e-02
6.216890180110934416e-01 1.448323607444764738e-01 5.716569781303404429e-02
6.216860079765322844e-01 1.448311090469361906e-01 5.715763628482817271e-02
6.216628515720370451e-01 1.448480367660524015e-01 5.712153077125547984e-02
6.216390395164492766e-01 1.448637127876283293e-01 5.708353281021116832e-02
6.216343903541567961e-01 1.448628187179566984e-01 5.707293808460234263e-02
6.216346287727358977e-01 1.448529839515687589e-01 5.706431031227110484e-02
6.216324830055239836e-01 1.448491692543031339e-01 5.705639779567717174e-02
6.216036939620974699e-01 1.448674678802491789e-01 5.701109826564787486e-02
6.215783619880679289e-01 1.448809981346131925e-01 5.697375595569609263e-02
6.215777361392977873e-01 1.448721766471864347e-01 5.697315990924833873e-02
6.215795242786410491e-01 1.448538780212403898e-01 5.697178900241850474e-02
6.215821766853335539e-01 1.448417782783509855e-01 5.697238504886625865e-02
6.215537154674533049e-01 1.448449969291688566e-01 5.693332910537718394e-02
6.215572321414950530e-01 1.448312282562257414e-01 5.693848490715028299e-02
6.215970182418826262e-01 1.447254300117494230e-01 5.708126783370970347e-02
6.216033959388735930e-01 1.447023630142213468e-01 5.708609580993651011e-02
6.216011011600497405e-01 1.446988463401795988e-01 5.707673788070677379e-02
6.215890014171603362e-01 1.447012305259706144e-01 5.705106317996977427e-02
6.215709710121157805e-01 1.447064757347108488e-01 5.701640307903288463e-02
6.215611660480502287e-01 1.447126746177674894e-01 5.700014591217039683e-02
6.215587222576144377e-01 1.447064161300660734e-01 5.699180126190184215e-02
6.215503478050234953e-01 1.447031378746034269e-01 5.697777926921843150e-02
6.215470397472384612e-01 1.447024226188661222e-01 5.697108864784239390e-02
6.215445065498355071e-01 1.446927070617677336e-01 5.696503877639769176e-02
6.215139591693881194e-01 1.447129130363465910e-01 5.692508876323698619e-02
6.215063595771792571e-01 1.447149395942689543e-01 5.691312313079832652e-02
6.215026640892031828e-01 1.447054028511048918e-01 5.690722227096556285e-02
6.215013527870181242e-01 1.447005748748780851e-01 5.690679013729094127e-02
6.214977765083316008e-01 1.446896076202394132e-01 5.690658152103422740e-02
6.215084457397463957e-01 1.446277379989624468e-01 5.699835777282713511e-02
6.216034853458407561e-01 1.443734645843507414e-01 5.740596413612364390e-02
6.216278934478762785e-01 1.443073630332948332e-01 5.750839471817015269e-02
6.216593945026400725e-01 1.442206978797914152e-01 5.763545691967009166e-02
6.217082405090335051e-01 1.440926074981691007e-01 5.783936440944667523e-02
6.217032635211947600e-01 1.440757393836976652e-01 5.786454737186430552e-02
6.216676795482638518e-01 1.440807461738587980e-01 5.787365198135374644e-02
6.216790938377383391e-01 1.440276384353640360e-01 5.796769320964814676e-02
6.216816866397860686e-01 1.440089821815492277e-01 5.799439609050749400e-02
6.216488444805148283e-01 1.440369963645936613e-01 5.796071946620939830e-02
6.216471457481387297e-01 1.440222740173340288e-01 5.798499345779417613e-02
6.216524803638461272e-01 1.440060019493104582e-01 5.800975918769835094e-02
6.216638648509982268e-01 1.439597487449647550e-01 5.808724522590635875e-02
6.216694378852847258e-01 1.439285159111024504e-01 5.813916087150569623e-02
6.216638946533206145e-01 1.439282774925233488e-01 5.814041256904600719e-02
6.216503345966342131e-01 1.439338803291321245e-01 5.813439249992369273e-02
6.216299498081210295e-01 1.439486622810365324e-01 5.811905920505522349e-02
6.216045582294467131e-01 1.439628481864930754e-01 5.810545444488524058e-02
6.215844714641574065e-01 1.439683914184571867e-01 5.810384511947630504e-02
6.215532684326174895e-01 1.439819216728212004e-01 5.809968769550322154e-02
6.215374433994296233e-01 1.439510464668275480e-01 5.817031919956205943e-02
6.214933955669406096e-01 1.439759016036988859e-01 5.814836978912352183e-02
6.214576327800753752e-01 1.439918160438539152e-01 5.814321398735045054e-02
6.214717590808871428e-01 1.439332842826844816e-01 5.823840260505674937e-02
6.214370095729830901e-01 1.439457416534425382e-01 5.822755455970762828e-02
6.214164757728579680e-01 1.439574241638185148e-01 5.821347296237941449e-02
6.213977003097537199e-01 1.439596295356752043e-01 5.820810854434965709e-02
6.213641428947451750e-01 1.439750075340272550e-01 5.819161295890806773e-02
6.213641726970675627e-01 1.439472317695620340e-01 5.823914766311644176e-02
6.213711166381838957e-01 1.438981771469117765e-01 5.831092655658720592e-02
6.213481092453005949e-01 1.439021110534669523e-01 5.830694794654844859e-02
6.213419699668887297e-01 1.438835144042970304e-01 5.834019243717192271e-02
6.213634872436526457e-01 1.438178300857545500e-01 5.843961298465727427e-02
6.213470959663394133e-01 1.438058495521546964e-01 5.845984876155851939e-02
6.213172340393069426e-01 1.438259363174440031e-01 5.843818247318266490e-02
6.213259959220889250e-01 1.437970280647279386e-01 5.847342371940611461e-02
6.213439965248110930e-01 1.437255620956422453e-01 5.858439266681669810e-02
6.213326418399813811e-01 1.437342047691346769e-01 5.857040047645570291e-02
6.212961935997012297e-01 1.437629938125611906e-01 5.853082299232481578e-02
6.212849283218386809e-01 1.437666893005372648e-01 5.851838052272795299e-02
6.212800109386447112e-01 1.437634110450746183e-01 5.851201772689818004e-02
6.212737822532656828e-01 1.437646627426149015e-01 5.850483536720274547e-02
6.212487483024600188e-01 1.437808752059938078e-01 5.847550988197325328e-02
6.212391519546511809e-01 1.437859416007997160e-01 5.846433401107786754e-02
6.212202572822573821e-01 1.437962532043458586e-01 5.844235479831694224e-02
6.211989188194277922e-01 1.438070416450502043e-01 5.841633737087248424e-02
6.211672687530520598e-01 1.438341617584230070e-01 5.837714731693266490e-02
6.211482846736910979e-01 1.438422083854676847e-01 5.835598766803740123e-02
6.211307013034823576e-01 1.438461422920228605e-01 5.833551347255705455e-02
6.211186313629153410e-01 1.438509702682496671e-01 5.832339882850645640e-02
6.211131775379183928e-01 1.438180088996888761e-01 5.836410880088804820e-02
6.211741828918460051e-01 1.436344265937806730e-01 5.865353405475615123e-02
6.212020182609561125e-01 1.434870243072511320e-01 5.889897108078001597e-02
6.211731398105624358e-01 1.434976339340211515e-01 5.889181852340696910e-02
6.211608314514163176e-01 1.434557318687440519e-01 5.896294176578520396e-02
6.211825871467593352e-01 1.433752655982972746e-01 5.909322261810301402e-02
6.211574637889865080e-01 1.433603048324586515e-01 5.912672042846678355e-02
6.211676263809207121e-01 1.433215618133546476e-01 5.917120039463041881e-02
6.211608314514163176e-01 1.433140516281129484e-01 5.917842745780943492e-02
6.211366021633151213e-01 1.433035016059877043e-01 5.919227063655851939e-02
6.211212837696078459e-01 1.432956337928773527e-01 5.919317960739134410e-02
6.211171114444735686e-01 1.432881832122804289e-01 5.919724762439726451e-02
6.210760438442233244e-01 1.432978987693788175e-01 5.917619228363035777e-02
6.210717225074771086e-01 1.432850837707521086e-01 5.919417798519133189e-02
6.210735404491427580e-01 1.432569503784181242e-01 5.922137260437010386e-02
6.210009717941287199e-01 1.433118462562562589e-01 5.914633035659788707e-02
6.209855639934542815e-01 1.433135151863099699e-01 5.913217425346373179e-02
6.209614837169650237e-01 1.433301448822023039e-01 5.910503923892973521e-02
6.209025943279269377e-01 1.433759808540345793e-01 5.903559982776640513e-02
6.208323800563815276e-01 1.434337377548219328e-01 5.895230233669279674e-02
6.208125615119937102e-01 1.434465527534486418e-01 5.892680644989012340e-02
