-3.627118766307830811e-01 2.026278376579284668e-01 1.485869646072387695e+00
-3.628122806549072266e-01 2.042291760444641113e-01 1.486200451850891113e+00
-3.624718785285949707e-01 2.023808211088180542e-01 1.484879374504089355e+00
-3.624397814273834229e-01 2.008074820041656494e-01 1.484773159027099609e+00
-3.720213472843170166e-01 1.860706657171249390e-01 1.510831356048583984e+00
-3.613566756248474121e-01 1.594700217247009277e-01 1.479907751083374023e+00
-3.466763794422149658e-01 1.412893235683441162e-01 1.446213841438293457e+00
-3.430129587650299072e-01 1.140049025416374207e-01 1.443806290626525879e+00
-3.564540147781372070e-01 1.034573763608932495e-01 1.500169515609741211e+00
-3.664006888866424561e-01 9.040368348360061646e-02 1.528357982635498047e+00
-3.707945644855499268e-01 8.889090269804000854e-02 1.560572266578674316e+00
-3.567916750907897949e-01 8.869837224483489990e-02 1.529928684234619141e+00
-3.567757308483123779e-01 9.372843801975250244e-02 1.530000090599060059e+00
-3.532010614871978760e-01 9.525436162948608398e-02 1.500206470489501953e+00
-3.490211069583892822e-01 9.491214901208877563e-02 1.469021797180175781e+00
-3.655743300914764404e-01 1.017427667975425720e-01 1.497690320014953613e+00
-3.760612010955810547e-01 1.071663796901702881e-01 1.527282357215881348e+00
-3.687240779399871826e-01 1.051726564764976501e-01 1.497271180152893066e+00
-3.689371645450592041e-01 1.085117384791374207e-01 1.498016476631164551e+00
-3.686248362064361572e-01 1.067363172769546509e-01 1.496896386146545410e+00
-3.688455224037170410e-01 1.051860526204109192e-01 1.497577071189880371e+00
-3.688687682151794434e-01 1.053183674812316895e-01 1.497630715370178223e+00
-3.688606619834899902e-01 1.085001230239868164e-01 1.497837066650390625e+00
-3.685483038425445557e-01 1.067970693111419678e-01 1.496718049049377441e+00
-3.685688972473144531e-01 1.067671328783035278e-01 1.496759653091430664e+00
-3.526220023632049561e-01 1.000418588519096375e-01 1.470524787902832031e+00
-3.438653647899627686e-01 9.857883304357528687e-02 1.502738475799560547e+00
-3.112674951553344727e-01 7.863251864910125732e-02 1.504562139511108398e+00
-2.636046409606933594e-01 7.096391916275024414e-02 1.424579143524169922e+00
-2.622768580913543701e-01 6.682290136814117432e-02 1.368826746940612793e+00
-2.806013822555541992e-01 5.871259048581123352e-02 1.314397454261779785e+00
-3.246466517448425293e-01 6.457272171974182129e-02 1.306423664093017578e+00
-3.710861504077911377e-01 7.104413211345672607e-02 1.372391939163208008e+00
-4.020995199680328369e-01 7.525268197059631348e-02 1.451752185821533203e+00
-3.847731649875640869e-01 7.373040914535522461e-02 1.457975745201110840e+00
-3.603047728538513184e-01 7.380764931440353394e-02 1.463108658790588379e+00
-3.423844873905181885e-01 7.858595997095108032e-02 1.496788144111633301e+00
-3.059272170066833496e-01 8.209783583879470825e-02 1.447366356849670410e+00
-2.833516299724578857e-01 9.779281169176101685e-02 1.398757576942443848e+00
-2.653351426124572754e-01 1.230250820517539978e-01 1.353586435317993164e+00
-2.608870863914489746e-01 1.670368015766143799e-01 1.361466646194458008e+00
-2.425412982702255249e-01 1.897540837526321411e-01 1.342344760894775391e+00
-2.214048802852630615e-01 2.246325910091400146e-01 1.304921269416809082e+00
-2.011159807443618774e-01 2.445767670869827271e-01 1.266876578330993652e+00
-1.663044095039367676e-01 2.701073288917541504e-01 1.177245855331420898e+00
-1.462927162647247314e-01 3.050562441349029541e-01 1.183443665504455566e+00
-1.009733602404594421e-01 3.099863529205322266e-01 1.086901783943176270e+00
-8.498362451791763306e-02 3.275023102760314941e-01 1.093918561935424805e+00
-5.795806646347045898e-02 3.441885411739349365e-01 1.083105325698852539e+00
0.000000000000000000e+00 0.000000000000000000e+00 0.000000000000000000e+00
0.000000000000000000e+00 0.000000000000000000e+00 0.000000000000000000e+00
0.000000000000000000e+00 0.000000000000000000e+00 0.000000000000000000e+00
0.000000000000000000e+00 0.000000000000000000e+00 0.000000000000000000e+00
0.000000000000000000e+00 0.000000000000000000e+00 0.000000000000000000e+00
0.000000000000000000e+00 0.000000000000000000e+00 0.000000000000000000e+00
0.000000000000000000e+00 0.000000000000000000e+00 0.000000000000000000e+00
0.000000000000000000e+00 0.000000000000000000e+00 0.000000000000000000e+00
0.000000000000000000e+00 0.000000000000000000e+00 0.000000000000000000e+00
-4.345436021685600281e-02 3.546945154666900635e-01 1.072076797485351562e+00
-5.690640211105346680e-02 3.374020457267761230e-01 1.065347671508789062e+00
-6.931630522012710571e-02 3.536001443862915039e-01 1.112782120704650879e+00
-8.782831579446792603e-02 3.516429066658020020e-01 1.129550457000732422e+00
-1.105185374617576599e-01 3.595807850360870361e-01 1.215832352638244629e+00
-1.369613707065582275e-01 3.661384582519531250e-01 1.316956639289855957e+00
-1.419752091169357300e-01 3.452306091785430908e-01 1.336633920669555664e+00
-1.469754278659820557e-01 3.370189368724822998e-01 1.357053637504577637e+00
-1.497139483690261841e-01 3.386170566082000732e-01 1.382029175758361816e+00
-1.495378166437149048e-01 3.367458879947662354e-01 1.380391240119934082e+00
-1.497107148170471191e-01 3.353598415851593018e-01 1.381011486053466797e+00
-1.496636271476745605e-01 3.367060422897338867e-01 1.380560517311096191e+00
-1.556416451930999756e-01 3.448188304901123047e-01 1.407276988029479980e+00
-1.494722366333007812e-01 3.429339230060577393e-01 1.380961298942565918e+00
-1.236455887556076050e-01 3.515137434005737305e-01 1.362263202667236328e+00
-9.856505692005157471e-02 3.521955311298370361e-01 1.343035578727722168e+00
-8.523876219987869263e-02 3.583030104637145996e-01 1.367571473121643066e+00
-7.635599374771118164e-02 3.615570366382598877e-01 1.368979096412658691e+00
-7.634472846984863281e-02 3.587272763252258301e-01 1.369266152381896973e+00
-7.769837230443954468e-02 3.648724555969238281e-01 1.393269777297973633e+00
-8.073737472295761108e-02 3.617339134216308594e-01 1.392513513565063477e+00
-7.921937853097915649e-02 3.521959185600280762e-01 1.367219805717468262e+00
-4.700605943799018860e-02 3.189605772495269775e-01 1.299565672874450684e+00
1.486833859235048294e-02 2.785814106464385986e-01 1.237442016601562500e+00
5.837805569171905518e-02 2.592874467372894287e-01 1.238602161407470703e+00
1.452765315771102905e-01 2.350178062915802002e-01 1.132709503173828125e+00
2.245374917984008789e-01 2.572793662548065186e-01 1.170867085456848145e+00
3.008377254009246826e-01 2.589963972568511963e-01 1.019890069961547852e+00
0.000000000000000000e+00 0.000000000000000000e+00 0.000000000000000000e+00
0.000000000000000000e+00 0.000000000000000000e+00 0.000000000000000000e+00
0.000000000000000000e+00 0.000000000000000000e+00 0.000000000000000000e+00
0.000000000000000000e+00 0.000000000000000000e+00 0.000000000000000000e+00
0.000000000000000000e+00 0.000000000000000000e+00 0.000000000000000000e+00
0.000000000000000000e+00 0.000000000000000000e+00 0.000000000000000000e+00
0.000000000000000000e+00 0.000000000000000000e+00 0.000000000000000000e+00
0.000000000000000000e+00 0.000000000000000000e+00 0.000000000000000000e+00
0.000000000000000000e+00 0.000000000000000000e+00 0.000000000000000000e+00
0.000000000000000000e+00 0.000000000000000000e+00 0.000000000000000000e+00
0.000000000000000000e+00 0.000000000000000000e+00 0.000000000000000000e+00
0.000000000000000000e+00 0.000000000000000000e+00 0.000000000000000000e+00
0.000000000000000000e+00 0.000000000000000000e+00 0.000000000000000000e+00
4.185519218444824219e-01 3.130559325218200684e-01 1.140354156494140625e+00
3.335184156894683838e-01 2.726672291755676270e-01 1.176017045974731445e+00
2.466942220926284790e-01 2.566595077514648438e-01 1.244100689888000488e+00
0.000000000000000000e+00 0.000000000000000000e+00 0.000000000000000000e+00
5.910181999206542969e-02 2.311920523643493652e-01 1.256214499473571777e+00
-1.894376799464225769e-02 2.390941977500915527e-01 1.334659695625305176e+00
-6.246864423155784607e-02 2.327409088611602783e-01 1.328806638717651367e+00
-1.214197054505348206e-01 2.343331426382064819e-01 1.369320154190063477e+00
-1.712619662284851074e-01 2.176889926195144653e-01 1.384317874908447266e+00
-2.252377122640609741e-01 1.988965719938278198e-01 1.399235248565673828e+00
-2.603590786457061768e-01 2.003152221441268921e-01 1.477213740348815918e+00
-2.647491991519927979e-01 2.020468860864639282e-01 1.502916812896728516e+00
-2.651036083698272705e-01 1.990323513746261597e-01 1.504501342773437500e+00
-2.520640492439270020e-01 1.947205811738967896e-01 1.448027968406677246e+00
-2.650341093540191650e-01 1.957578361034393311e-01 1.504419803619384766e+00
-2.651534080505371094e-01 1.957924067974090576e-01 1.504947423934936523e+00
-2.570827603340148926e-01 1.921354830265045166e-01 1.476563811302185059e+00
-2.569222152233123779e-01 1.936820894479751587e-01 1.476057767868041992e+00
-2.568486928939819336e-01 1.936521381139755249e-01 1.475920438766479492e+00
-2.571988403797149658e-01 1.954354345798492432e-01 1.477425456047058105e+00
-2.487186044454574585e-01 1.914819031953811646e-01 1.447212815284729004e+00
-2.567620873451232910e-01 1.935886442661285400e-01 1.475367426872253418e+00
-2.649597823619842529e-01 1.956878602504730225e-01 1.504169702529907227e+00
-2.650176882743835449e-01 1.957338303327560425e-01 1.504366040229797363e+00
-2.569658756256103516e-01 1.936235278844833374e-01 1.476072788238525391e+00
-2.567428946495056152e-01 1.950739920139312744e-01 1.475079894065856934e+00
-2.646127343177795410e-01 1.954501420259475708e-01 1.502252221107482910e+00
-2.563283741474151611e-01 1.932072639465332031e-01 1.472870707511901855e+00
-2.596614658832550049e-01 1.917363405227661133e-01 1.473801374435424805e+00
-2.645319998264312744e-01 1.953606754541397095e-01 1.501688241958618164e+00
-2.563834488391876221e-01 1.932155191898345947e-01 1.473195791244506836e+00
-2.557931542396545410e-01 1.945244371891021729e-01 1.471059560775756836e+00
-2.565583586692810059e-01 1.951029747724533081e-01 1.474692344665527344e+00
-2.562724351882934570e-01 1.964777708053588867e-01 1.473329663276672363e+00
-2.483783662319183350e-01 1.943635195493698120e-01 1.445790648460388184e+00
-2.559843361377716064e-01 1.978956013917922974e-01 1.472158789634704590e+00
-2.569582760334014893e-01 2.001962065696716309e-01 1.476731181144714355e+00
-2.569556534290313721e-01 2.001659572124481201e-01 1.476498961448669434e+00
-2.566318213939666748e-01 1.983178555965423584e-01 1.474973797798156738e+00
-2.485828548669815063e-01 1.960479766130447388e-01 1.446707725524902344e+00
-2.566261887550354004e-01 1.951377093791961670e-01 1.475023508071899414e+00
-2.488783150911331177e-01 1.915946155786514282e-01 1.447957515716552734e+00
-2.571116983890533447e-01 1.922220587730407715e-01 1.476910829544067383e+00
-2.241120487451553345e-01 1.720079928636550903e-01 1.393242001533508301e+00
-2.007354795932769775e-01 1.662440896034240723e-01 1.399044513702392578e+00
-1.762921512126922607e-01 1.739289164543151855e-01 1.376175403594970703e+00
-1.269649118185043335e-01 2.080186605453491211e-01 1.364245653152465820e+00
-6.309068202972412109e-02 2.520482242107391357e-01 1.405474781990051270e+00
-4.428580868989229202e-03 2.663500905036926270e-01 1.362931847572326660e+00
5.141610652208328247e-02 2.921897470951080322e-01 1.419567942619323730e+00
8.263327181339263916e-02 2.986330986022949219e-01 1.422675251960754395e+00
1.077351868152618408e-01 3.037189245223999023e-01 1.425308585166931152e+00
1.159805133938789368e-01 2.947178483009338379e-01 1.376717567443847656e+00
1.348330974578857422e-01 2.983251512050628662e-01 1.352980017662048340e+00
1.651164740324020386e-01 2.922990620136260986e-01 1.288469791412353516e+00
2.370463311672210693e-01 3.061918318271636963e-01 1.250705122947692871e+00
2.959579527378082275e-01 3.228334486484527588e-01 1.233662247657775879e+00
3.578933179378509521e-01 3.403475880622863770e-01 1.162573218345642090e+00
0.000000000000000000e+00 0.000000000000000000e+00 0.000000000000000000e+00
4.830464720726013184e-01 3.989125490188598633e-01 1.182645082473754883e+00
0.000000000000000000e+00 0.000000000000000000e+00 0.000000000000000000e+00
0.000000000000000000e+00 0.000000000000000000e+00 0.000000000000000000e+00
0.000000000000000000e+00 0.000000000000000000e+00 0.000000000000000000e+00
0.000000000000000000e+00 0.000000000000000000e+00 0.000000000000000000e+00
0.000000000000000000e+00 0.000000000000000000e+00 0.000000000000000000e+00
0.000000000000000000e+00 0.000000000000000000e+00 0.000000000000000000e+00
0.000000000000000000e+00 0.000000000000000000e+00 0.000000000000000000e+00
0.000000000000000000e+00 0.000000000000000000e+00 0.000000000000000000e+00
0.000000000000000000e+00 0.000000000000000000e+00 0.000000000000000000e+00
0.000000000000000000e+00 0.000000000000000000e+00 0.000000000000000000e+00
0.000000000000000000e+00 0.000000000000000000e+00 0.000000000000000000e+00
0.000000000000000000e+00 0.000000000000000000e+00 0.000000000000000000e+00
0.000000000000000000e+00 0.000000000000000000e+00 0.000000000000000000e+00
0.000000000000000000e+00 0.000000000000000000e+00 0.000000000000000000e+00
3.894924521446228027e-01 3.744261562824249268e-01 1.256719589233398438e+00
3.020891547203063965e-01 3.306002318859100342e-01 1.237225174903869629e+00
2.210678458213806152e-01 3.051493465900421143e-01 1.268547534942626953e+00
5.261806398630142212e-02 2.455657422542572021e-01 1.295624375343322754e+00
-1.209256649017333984e-01 2.049251347780227661e-01 1.364415407180786133e+00
-2.272833585739135742e-01 1.902986168861389160e-01 1.452122330665588379e+00
-2.972321510314941406e-01 1.573881804943084717e-01 1.378334045410156250e+00
-3.616692125797271729e-01 1.791055649518966675e-01 1.481667280197143555e+00
-3.651748597621917725e-01 1.792785972356796265e-01 1.481834173202514648e+00
-3.647627234458923340e-01 1.790872663259506226e-01 1.481259107589721680e+00
-3.648365736007690430e-01 1.758568435907363892e-01 1.480981230735778809e+00
-3.646305501461029053e-01 1.742712259292602539e-01 1.480704188346862793e+00
-3.615524470806121826e-01 1.758520752191543579e-01 1.480923771858215332e+00
-3.615278601646423340e-01 1.758258044719696045e-01 1.480904459953308105e+00
-3.618673980236053467e-01 1.760100126266479492e-01 1.482365131378173828e+00
-3.461396992206573486e-01 1.727675348520278931e-01 1.484398722648620605e+00
-3.401654362678527832e-01 1.698013991117477417e-01 1.486624240875244141e+00
-3.399180769920349121e-01 1.664344817399978638e-01 1.485917568206787109e+00
-3.402155637741088867e-01 1.697810441255569458e-01 1.486660361289978027e+00
-3.400938510894775391e-01 1.713670939207077026e-01 1.486443400382995605e+00
-3.402574360370635986e-01 1.763004511594772339e-01 1.487373352050781250e+00
-3.468581140041351318e-01 1.814241707324981689e-01 1.516425371170043945e+00
-3.466796875000000000e-01 1.828951686620712280e-01 1.515757322311401367e+00
-3.466752171516418457e-01 1.813610494136810303e-01 1.515802621841430664e+00
-3.468418717384338379e-01 1.830207854509353638e-01 1.516285419464111328e+00
-3.467734456062316895e-01 1.830369383096694946e-01 1.516144990921020508e+00
-3.372559547424316406e-01 1.796256005764007568e-01 1.488044261932373047e+00
-3.463048934936523438e-01 1.729734092950820923e-01 1.514471173286437988e+00
-3.371671736240386963e-01 1.715334355831146240e-01 1.487837672233581543e+00
-3.366558253765106201e-01 1.664329469203948975e-01 1.485834836959838867e+00
-3.365576863288879395e-01 1.664043217897415161e-01 1.485696077346801758e+00
-3.369123339653015137e-01 1.697606593370437622e-01 1.487027168273925781e+00
-3.369049727916717529e-01 1.681839674711227417e-01 1.486989974975585938e+00
-3.366211652755737305e-01 1.646856069564819336e-01 1.485689043998718262e+00
-3.365877866744995117e-01 1.646703928709030151e-01 1.485548496246337891e+00
-3.364808261394500732e-01 1.629892438650131226e-01 1.485125303268432617e+00
-3.364868164062500000e-01 1.630263924598693848e-01 1.485323548316955566e+00
-3.272866010665893555e-01 1.600892990827560425e-01 1.458118557929992676e+00
-3.271368741989135742e-01 1.568033844232559204e-01 1.457452774047851562e+00
-3.269830346107482910e-01 1.599312126636505127e-01 1.457116603851318359e+00
-3.271032571792602539e-01 1.583623886108398438e-01 1.457574486732482910e+00
-3.270125687122344971e-01 1.583417356014251709e-01 1.457208633422851562e+00
-3.270387351512908936e-01 1.567493528127670288e-01 1.457124352455139160e+00
-3.147015869617462158e-01 1.569866538047790527e-01 1.429977297782897949e+00
-2.966366112232208252e-01 1.555372625589370728e-01 1.375987052917480469e+00
-3.118468225002288818e-01 1.778057366609573364e-01 1.461161255836486816e+00
-3.089149892330169678e-01 1.795281767845153809e-01 1.461992621421813965e+00
-3.093449771404266357e-01 1.813487857580184937e-01 1.463903784751892090e+00
-3.091651201248168945e-01 1.812414377927780151e-01 1.463243603706359863e+00
-3.154911398887634277e-01 1.882951259613037109e-01 1.493132472038269043e+00
-3.152997493743896484e-01 1.865448951721191406e-01 1.492378711700439453e+00
-3.152515888214111328e-01 1.864613294601440430e-01 1.492240667343139648e+00
-3.154875934123992920e-01 1.850666254758834839e-01 1.493232131004333496e+00
-3.151549994945526123e-01 1.831274330615997314e-01 1.491745352745056152e+00
-3.152832686901092529e-01 1.832208037376403809e-01 1.492260694503784180e+00
-3.151586949825286865e-01 1.832324564456939697e-01 1.491694688796997070e+00
-3.152715265750885010e-01 1.831994354724884033e-01 1.492266654968261719e+00
-3.153755366802215576e-01 1.832405328750610352e-01 1.492602825164794922e+00
-3.154016137123107910e-01 1.832564771175384521e-01 1.492824792861938477e+00
-3.153294622898101807e-01 1.832876950502395630e-01 1.492601752281188965e+00
-3.153667151927947998e-01 1.832728236913681030e-01 1.492791533470153809e+00
-3.155405223369598389e-01 1.834284216165542603e-01 1.493505239486694336e+00
-3.152900338172912598e-01 1.849078238010406494e-01 1.492477655410766602e+00
-3.153693079948425293e-01 1.849884837865829468e-01 1.492825865745544434e+00
-3.152136504650115967e-01 1.848104596138000488e-01 1.492265224456787109e+00
-3.154832422733306885e-01 1.834349185228347778e-01 1.493483304977416992e+00
-3.151654303073883057e-01 1.831744611263275146e-01 1.492074131965637207e+00
-3.154264390468597412e-01 1.834375411272048950e-01 1.493287801742553711e+00
-3.154042959213256836e-01 1.834393739700317383e-01 1.493320584297180176e+00
-3.214677870273590088e-01 1.869102865457534790e-01 1.521971344947814941e+00
-3.214517831802368164e-01 1.868670433759689331e-01 1.521969914436340332e+00
-3.156469464302062988e-01 1.852074265480041504e-01 1.494270563125610352e+00
-3.214191496372222900e-01 1.868972480297088623e-01 1.521955370903015137e+00
-3.124428391456604004e-01 1.834324598312377930e-01 1.493936181068420410e+00
-3.124155402183532715e-01 1.833552867174148560e-01 1.493760466575622559e+00
-3.124249577522277832e-01 1.833812594413757324e-01 1.493858695030212402e+00
-3.123590648174285889e-01 1.834423542022705078e-01 1.493647098541259766e+00
-3.123881518840789795e-01 1.834903806447982788e-01 1.493865609169006348e+00
-3.154147267341613770e-01 1.834170520305633545e-01 1.493416428565979004e+00
-3.213908374309539795e-01 1.867935657501220703e-01 1.521828293800354004e+00
-3.155276477336883545e-01 1.833565980195999146e-01 1.493777275085449219e+00
-3.213070034980773926e-01 1.762741208076477051e-01 1.460321545600891113e+00
-3.724570572376251221e-01 1.812246739864349365e-01 1.511824369430541992e+00
-4.184918999671936035e-01 1.736638993024826050e-01 1.499574899673461914e+00
-4.306652545928955078e-01 1.616649776697158813e-01 1.462536573410034180e+00
-4.363146126270294189e-01 1.646451950073242188e-01 1.460273861885070801e+00
-3.680771887302398682e-01 1.533603370189666748e-01 1.361323714256286621e+00
-3.079890012741088867e-01 1.493872553110122681e-01 1.346249699592590332e+00
-2.594175636768341064e-01 1.592646837234497070e-01 1.385956883430480957e+00
-1.975063681602478027e-01 1.468216478824615479e-01 1.420851469039916992e+00
-1.798788011074066162e-01 1.445565074682235718e-01 1.480868577957153320e+00
-1.864791065454483032e-01 1.510390788316726685e-01 1.480893254280090332e+00
-2.658812105655670166e-01 1.634515821933746338e-01 1.528419733047485352e+00
-3.474862277507781982e-01 1.682644635438919067e-01 1.518007516860961914e+00
-4.086604714393615723e-01 1.725205034017562866e-01 1.535759925842285156e+00
-4.482114017009735107e-01 1.580789983272552490e-01 1.489014744758605957e+00
-4.173058569431304932e-01 1.461811810731887817e-01 1.375979423522949219e+00
-3.832251429557800293e-01 1.497495770454406738e-01 1.383687496185302734e+00
-3.342759609222412109e-01 1.507622897624969482e-01 1.369259238243103027e+00
-2.556485235691070557e-01 1.462312638759613037e-01 1.334214210510253906e+00
-2.228290885686874390e-01 1.493906229734420776e-01 1.444339990615844727e+00
-1.865846067667007446e-01 1.389110088348388672e-01 1.507897615432739258e+00
-1.784477978944778442e-01 1.198643073439598083e-01 1.418499588966369629e+00
-2.030690908432006836e-01 1.214921250939369202e-01 1.416282057762145996e+00
-2.458725422620773315e-01 1.398635059595108032e-01 1.360815167427062988e+00
-3.330317437648773193e-01 1.550366729497909546e-01 1.455263018608093262e+00
-3.753134310245513916e-01 1.609352231025695801e-01 1.446644544601440430e+00
-3.887341320514678955e-01 1.606722474098205566e-01 1.473275542259216309e+00
-3.632878959178924561e-01 1.641843616962432861e-01 1.448916435241699219e+00
-3.418746292591094971e-01 1.598775684833526611e-01 1.425674438476562500e+00
-3.267416357994079590e-01 1.631632745265960693e-01 1.400910258293151855e+00
-3.266102671623229980e-01 1.600892990827560425e-01 1.400315880775451660e+00
-3.266658782958984375e-01 1.631673425436019897e-01 1.400554418563842773e+00
-3.207567930221557617e-01 1.572113037109375000e-01 1.375122785568237305e+00
-3.267322182655334473e-01 1.631568968296051025e-01 1.400829672813415527e+00
-3.516849279403686523e-01 1.662703156471252441e-01 1.453458786010742188e+00
-3.508152961730957031e-01 1.563496291637420654e-01 1.450171828269958496e+00
-3.116052150726318359e-01 1.438545137643814087e-01 1.348452448844909668e+00
-3.300278484821319580e-01 1.710702180862426758e-01 1.456228375434875488e+00
-2.668468058109283447e-01 1.814651489257812500e-01 1.289938926696777344e+00
-2.188128381967544556e-01 2.013062536716461182e-01 1.256811141967773438e+00
-1.522035896778106689e-01 2.060837149620056152e-01 1.168717741966247559e+00
-1.294134855270385742e-01 2.194261103868484497e-01 1.193700313568115234e+00
-1.294503360986709595e-01 2.101562321186065674e-01 1.193666338920593262e+00
-1.542670875787734985e-01 2.179592102766036987e-01 1.270181775093078613e+00
-1.833002120256423950e-01 2.027440816164016724e-01 1.260208725929260254e+00
-2.400217205286026001e-01 2.153436392545700073e-01 1.345481634140014648e+00
-2.908434867858886719e-01 2.186317294836044312e-01 1.362684965133666992e+00
-3.289914727210998535e-01 2.202907204627990723e-01 1.410483479499816895e+00
-3.710905611515045166e-01 2.050663083791732788e-01 1.454790353775024414e+00
-3.902597427368164062e-01 1.939259171485900879e-01 1.479118108749389648e+00
-3.663497865200042725e-01 1.657438129186630249e-01 1.365727782249450684e+00
-3.699423968791961670e-01 1.656198054552078247e-01 1.390500545501708984e+00
-3.491211831569671631e-01 1.643747240304946899e-01 1.368648886680603027e+00
-2.958617806434631348e-01 1.592021584510803223e-01 1.280423760414123535e+00
-2.356983870267868042e-01 1.598949283361434937e-01 1.203548550605773926e+00
-1.973117142915725708e-01 1.688578277826309204e-01 1.193948507308959961e+00
-1.327134072780609131e-01 1.828871518373489380e-01 1.113877654075622559e+00
-7.911105453968048096e-02 2.040290236473083496e-01 1.078970432281494141e+00
-6.245804205536842346e-02 2.290726006031036377e-01 1.166144251823425293e+00
-3.914810717105865479e-02 2.289362698793411255e-01 1.153399229049682617e+00
-3.959521278738975525e-02 2.294670641422271729e-01 1.169788241386413574e+00
-5.838384106755256653e-02 2.329182773828506470e-01 1.186255574226379395e+00
-8.790811151266098022e-02 2.293148040771484375e-01 1.200114488601684570e+00
-1.313706338405609131e-01 2.173403501510620117e-01 1.212108850479125977e+00
-1.850255131721496582e-01 2.264870554208755493e-01 1.310366153717041016e+00
-2.464755028486251831e-01 2.143583446741104126e-01 1.347660064697265625e+00
-2.859309017658233643e-01 2.074143439531326294e-01 1.338916778564453125e+00
-3.073091804981231689e-01 1.917272657155990601e-01 1.330086827278137207e+00
-3.478953242301940918e-01 1.957956850528717041e-01 1.400287508964538574e+00
-3.419218659400939941e-01 1.909208148717880249e-01 1.375639677047729492e+00
-3.455526232719421387e-01 1.945719867944717407e-01 1.402396917343139648e+00
-3.366891145706176758e-01 1.977946013212203979e-01 1.404461860656738281e+00
-2.905762195587158203e-01 2.023789733648300171e-01 1.334179401397705078e+00
-2.485499978065490723e-01 2.037353366613388062e-01 1.297350883483886719e+00
-1.858112514019012451e-01 2.009555101394653320e-01 1.239598631858825684e+00
-1.436509639024734497e-01 2.145026177167892456e-01 1.250087261199951172e+00
-8.408997207880020142e-02 2.363771051168441772e-01 1.260609030723571777e+00
-2.834250219166278839e-02 2.531793117523193359e-01 1.230291843414306641e+00
-4.125219304114580154e-03 2.793661057949066162e-01 1.297166585922241211e+00
1.495274621993303299e-02 2.784428298473358154e-01 1.236944675445556641e+00
0.000000000000000000e+00 0.000000000000000000e+00 0.000000000000000000e+00
1.492257975041866302e-02 2.816255092620849609e-01 1.239036321640014648e+00
-1.387612428516149521e-03 2.967862188816070557e-01 1.344472408294677734e+00
-1.278873160481452942e-02 2.706582546234130859e-01 1.296259760856628418e+00
-2.910309471189975739e-02 2.442922890186309814e-01 1.268482804298400879e+00
-6.964778155088424683e-02 2.415780127048492432e-01 1.353602170944213867e+00
-1.212517991662025452e-01 2.159511595964431763e-01 1.367120623588562012e+00
-1.846993565559387207e-01 2.163650989532470703e-01 1.492699861526489258e+00
-2.430251985788345337e-01 1.878688931465148926e-01 1.509618520736694336e+00
-2.872307896614074707e-01 1.821891069412231445e-01 1.499687433242797852e+00
-2.902690470218658447e-01 1.837465912103652954e-01 1.498580098152160645e+00
-2.871215641498565674e-01 1.819759756326675415e-01 1.498647093772888184e+00
-2.870505750179290771e-01 1.819263696670532227e-01 1.498236298561096191e+00
-2.872304618358612061e-01 1.820556372404098511e-01 1.498930335044860840e+00
-2.871973216533660889e-01 1.820243597030639648e-01 1.498652219772338867e+00
-2.871810495853424072e-01 1.820350438356399536e-01 1.498626947402954102e+00
-2.870887517929077148e-01 1.819873452186584473e-01 1.498336672782897949e+00
-2.870899438858032227e-01 1.820189207792282104e-01 1.498344302177429199e+00
-2.869148850440979004e-01 1.818795353174209595e-01 1.497722148895263672e+00
-2.783658206462860107e-01 1.769927293062210083e-01 1.469596385955810547e+00
-2.784856557846069336e-01 1.785604953765869141e-01 1.470195889472961426e+00
-2.785328626632690430e-01 1.785199642181396484e-01 1.470340371131896973e+00
-2.866902351379394531e-01 1.801169216632843018e-01 1.497033715248107910e+00
-2.867446839809417725e-01 1.801774203777313232e-01 1.497194886207580566e+00
-2.866921424865722656e-01 1.800545156002044678e-01 1.496862053871154785e+00
-2.869142293930053711e-01 1.786993294954299927e-01 1.497665643692016602e+00
-2.864142060279846191e-01 1.783058047294616699e-01 1.495553255081176758e+00
-2.868046462535858154e-01 1.801870614290237427e-01 1.497390508651733398e+00
-2.867965102195739746e-01 1.801944077014923096e-01 1.497281193733215332e+00
-2.867047488689422607e-01 1.801826655864715576e-01 1.496763110160827637e+00
-2.867318093776702881e-01 1.801556944847106934e-01 1.497115492820739746e+00
-2.870062887668609619e-01 1.786905676126480103e-01 1.498045444488525391e+00
-2.867704033851623535e-01 1.802485585212707520e-01 1.497116208076477051e+00
-2.867472767829895020e-01 1.801890730857849121e-01 1.497063398361206055e+00
-2.867230474948883057e-01 1.800998002290725708e-01 1.496907114982604980e+00
-2.870673835277557373e-01 1.819606721401214600e-01 1.498443603515625000e+00
-2.868821918964385986e-01 1.818860322237014771e-01 1.497925877571105957e+00
-2.782323956489562988e-01 1.768521070480346680e-01 1.468836069107055664e+00
-2.869317531585693359e-01 1.819194406270980835e-01 1.498009562492370605e+00
-2.869184911251068115e-01 1.818462461233139038e-01 1.497853994369506836e+00
-2.868485152721405029e-01 1.801827549934387207e-01 1.497248053550720215e+00
-2.867760956287384033e-01 1.801600754261016846e-01 1.497076511383056641e+00
-2.867825925350189209e-01 1.801686286926269531e-01 1.496976494789123535e+00
-2.902805507183074951e-01 1.821075826883316040e-01 1.498642921447753906e+00
-2.853255271911621094e-01 1.918533295392990112e-01 1.471790909767150879e+00
-2.818100452423095703e-01 2.145690470933914185e-01 1.439753413200378418e+00
-2.734687924385070801e-01 2.663388550281524658e-01 1.446207284927368164e+00
-2.535467743873596191e-01 3.121381700038909912e-01 1.387029170989990234e+00
-2.653841376304626465e-01 3.502736091613769531e-01 1.386523127555847168e+00
-2.672119438648223877e-01 3.719086349010467529e-01 1.364829778671264648e+00
-2.799274027347564697e-01 3.900903463363647461e-01 1.396859645843505859e+00
-2.829843163490295410e-01 3.931001126766204834e-01 1.396937370300292969e+00
