4.953299999999999925e-01 2.731419999999999959e-01 1.578349999999999920e+00
4.953299999999999925e-01 2.731419999999999959e-01 1.578349999999999920e+00
4.953299999999999925e-01 2.731419999999999959e-01 1.578349999999999920e+00
4.953299999999999925e-01 2.731419999999999959e-01 1.578349999999999920e+00
4.953299999999999925e-01 2.731419999999999959e-01 1.578349999999999920e+00
4.953299999999999925e-01 2.731419999999999959e-01 1.578349999999999920e+00
4.953299999999999925e-01 2.731419999999999959e-01 1.578349999999999920e+00
4.953299999999999925e-01 2.731419999999999959e-01 1.578349999999999920e+00
4.953299999999999925e-01 2.731419999999999959e-01 1.578349999999999920e+00
4.953299999999999925e-01 2.731419999999999959e-01 1.578349999999999920e+00
4.953299999999999925e-01 2.731419999999999959e-01 1.578349999999999920e+00
4.953299999999999925e-01 2.731419999999999959e-01 1.578349999999999920e+00
4.953299999999999925e-01 2.731419999999999959e-01 1.578349999999999920e+00
4.953299999999999925e-01 2.731419999999999959e-01 1.578349999999999920e+00
4.953299999999999925e-01 2.731419999999999959e-01 1.578349999999999920e+00
4.953299999999999925e-01 2.731419999999999959e-01 1.578349999999999920e+00
8.312290545678615583e-01 -1.795129140515624999e-01 3.830952973057002442e-01
9.056557936865716751e-01 -1.548912222800328808e-01 3.364434077731319750e-01
9.277615285174831694e-01 -1.268356990705541698e-01 3.560585574529182562e-01
1.019152184998571853e+00 -1.610842883422672900e-01 2.841191643805058842e-01
-3.675428418221116100e-01 9.895623014154731889e-01 3.641484923279162622e+00
4.953299999999999925e-01 2.731419999999999959e-01 1.578349999999999920e+00
4.953299999999999925e-01 2.731419999999999959e-01 1.578349999999999920e+00
4.953299999999999925e-01 2.731419999999999959e-01 1.578349999999999920e+00
4.953299999999999925e-01 2.731419999999999959e-01 1.578349999999999920e+00
4.953299999999999925e-01 2.731419999999999959e-01 1.578349999999999920e+00
4.953299999999999925e-01 2.731419999999999959e-01 1.578349999999999920e+00
4.953299999999999925e-01 2.731419999999999959e-01 1.578349999999999920e+00
4.953299999999999925e-01 2.731419999999999959e-01 1.578349999999999920e+00
8.139293144659400792e-01 -4.894432229576111126e-01 9.942598389717938190e-02
8.150114818916440740e-01 -4.555646253358125453e-01 8.379105941743247854e-02
8.137742766799807015e-01 -3.526464818481803154e-01 1.489762360932826990e-01
8.316516548993111435e-01 -2.521962096341103243e-01 1.718107516943410129e-01
8.422014611427128816e-01 -2.565764891035258177e-01 1.420244441443381245e-01
8.512073405999480702e-01 -2.745550798608213938e-01 7.653995202651175944e-02
8.615380295027017521e-01 -2.891186248441785511e-01 2.992920329738968377e-03
8.550087414039730938e-01 -2.728250506776272455e-01 3.227107472588697235e-02
8.681997260909020131e-01 -2.714020017115473249e-01 -6.419736578366252999e-03
8.732717529472291407e-01 -2.598180587763190275e-01 -1.105138235375591194e-02
8.503925211412399765e-01 -2.197115568709745725e-01 8.648736033820569880e-02
8.382997052715569497e-01 -1.882311795878932048e-01 1.394888860267720077e-01
8.426208321448832583e-01 -1.773913461887612342e-01 1.362368900151527118e-01
8.477356123477384209e-01 -1.638307619558236894e-01 1.307875032388681191e-01
8.521554967093647459e-01 -1.545569046731967155e-01 1.278611181909319328e-01
8.666818341737616560e-01 -1.590112044462831387e-01 9.681757766489340611e-02
8.615768856153637190e-01 -1.335256116175874697e-01 1.190540301185660788e-01
8.414510352600843568e-01 -1.042377743125929568e-01 2.001987718353308576e-01
8.343038039470642708e-01 -7.991310317792743589e-02 2.184564980027519088e-01
8.348972606817811615e-01 -7.538805777610091408e-02 2.164971938500084292e-01
8.280991026773929509e-01 -5.205439416448770507e-02 2.335166239724710824e-01
8.240174494463861077e-01 -4.354634331969914340e-02 2.273392697367353499e-01
8.357244040138006591e-01 -4.118027197897428104e-02 1.676102845014333376e-01
8.339587966194510482e-01 -3.058981791143117190e-02 1.625390591557158704e-01
8.331713563068092743e-01 -1.583398347260051020e-02 1.550096222956731662e-01
8.213316953023195310e-01 -5.399372437059901664e-03 1.792251113381444494e-01
8.031715370485543737e-01 2.062054558244347247e-02 2.211663239359644706e-01
8.121974234473050558e-01 1.405440019446618782e-02 1.675664153645961552e-01
8.154593330743551416e-01 1.235576991254100365e-02 1.391237333613097871e-01
7.965910115344524423e-01 3.388401001617313835e-02 1.845549161875694733e-01
7.943221628688633684e-01 3.990729421654343190e-02 1.815462992257652619e-01
7.838967569052637252e-01 4.864121764546636140e-02 2.031889956852466206e-01
7.811866622706293839e-01 5.184289385697243846e-02 2.020824450404077322e-01
7.876386762204050651e-01 5.476694763866069016e-02 1.722089463898270889e-01
7.941113148134111288e-01 5.796500958818201488e-02 1.421427777418016181e-01
8.002309953389108443e-01 5.679498849251868320e-02 1.130804487086056742e-01
7.974361211943447048e-01 5.852319071289896479e-02 1.119823554291365930e-01
7.978210336840747541e-01 6.154121855917571438e-02 1.103670328490704566e-01
7.982492441837548691e-01 6.293515267565846782e-02 1.086461457256944207e-01
7.983456197138071309e-01 6.445128685256840129e-02 1.083603981649248205e-01
7.983908514419436608e-01 6.453553155955676912e-02 1.081598398332626054e-01
7.983428996610580919e-01 6.447925302875046061e-02 1.082276002521125324e-01
7.952607912415921021e-01 6.481260392293336503e-02 1.081499040499744879e-01
7.957467254615426810e-01 6.607338050061467571e-02 1.060510585442662190e-01
7.867393091939569594e-01 6.880559640264516386e-02 1.345341689160168830e-01
7.866299379264711789e-01 6.877507625722889539e-02 1.346347484045444798e-01
7.752139616306006342e-01 7.309463207572702848e-02 1.608998654494315783e-01
7.750515784427582933e-01 7.159587072658540885e-02 1.610955914008347367e-01
7.671236143769025739e-01 7.543124323889616178e-02 1.862318227381078994e-01
7.667151290996611079e-01 7.409716665950416559e-02 1.878295962940632613e-01
7.744396671029805113e-01 6.712798466137054332e-02 1.634348350945142858e-01
7.750934692163466977e-01 4.942731988981369229e-02 1.715818550014762689e-01
7.743551104144931196e-01 4.346610276383161553e-02 1.742601521623252658e-01
7.797014877813279732e-01 1.847936504063013574e-02 1.581458251207410459e-01
7.619291400425731720e-01 1.833786097782852398e-02 2.145899812176077504e-01
7.602483046893835361e-01 5.516303006127543096e-03 2.198947585393027371e-01
7.558534213412582137e-01 -2.560209589779371964e-03 2.248250986887543323e-01
7.466586676685988966e-01 -1.132374020506438095e-02 2.540359055508687458e-01
7.622640568824707863e-01 -3.946641985917087592e-02 1.531673647796123472e-01
7.239498730398534754e-01 -3.264396879772835103e-02 2.592879609781160166e-01
7.343170378906130891e-01 -6.028334547221653184e-02 1.598823632668555650e-01
6.968847147844136058e-01 -3.679302327328926037e-02 2.585531153190463449e-01
6.780458879327446731e-01 -5.018301478634779045e-02 1.767158935620636306e-01
6.392801045513629710e-01 -3.250052534885705668e-02 2.200163577176852403e-01
5.871328163189754035e-01 9.015863537922497173e-03 3.240474676897413531e-01
5.348789771335050736e-01 2.312355152213579901e-02 2.612894087832828838e-01
4.897810427747987250e-01 4.121511733748767226e-02 2.488815481820765285e-01
4.237610684310853526e-01 6.392633764764671378e-02 2.356839589695394199e-01
3.759458246935606374e-01 8.988224602073435765e-02 2.723799538876832127e-01
3.253577735351264599e-01 1.182201925408840615e-01 3.228062033823817512e-01
2.654925617151021600e-01 1.388450456863641880e-01 2.926314805452348011e-01
2.017270613965451709e-01 1.818555374314189121e-01 3.412376562393812929e-01
4.953299999999999925e-01 2.731419999999999959e-01 1.578349999999999920e+00
6.441996660919785400e-02 2.750884161922932947e-01 3.101600432667761531e-01
4.953299999999999925e-01 2.731419999999999959e-01 1.578349999999999920e+00
4.953299999999999925e-01 2.731419999999999959e-01 1.578349999999999920e+00
3.406894721695780115e-02 2.969400480669141529e-01 3.035962930262474657e-01
4.953299999999999925e-01 2.731419999999999959e-01 1.578349999999999920e+00
-9.211831591379615602e-03 3.144900046363472423e-01 2.371459252148391261e-01
-5.423863423848152010e-03 3.181972649394273489e-01 2.600372891625881699e-01
3.400588796317438600e-03 3.211677419916987852e-01 3.153478075539228875e-01
-1.045047234138252179e-02 3.222870264272689744e-01 3.005743111908734111e-01
-1.975314678480633024e-02 3.204541432254313649e-01 2.978839612778780843e-01
-2.818840223702201442e-02 3.173133770145178389e-01 2.787959721188006945e-01
-3.545996266947981646e-02 3.217975853989124557e-01 2.590415827297867235e-01
-5.534121453847884453e-02 3.302972607319951126e-01 2.128511996093094272e-01
4.953299999999999925e-01 2.731419999999999959e-01 1.578349999999999920e+00
4.953299999999999925e-01 2.731419999999999959e-01 1.578349999999999920e+00
-5.485743973692658315e-02 3.233836902670860769e-01 2.180421507963716810e-01
-4.676723472365140744e-02 3.214457254017591969e-01 2.382529367907939566e-01
-5.507785024944544805e-02 3.247842425784469023e-01 2.165903547724841172e-01
-3.538235047882798412e-02 3.218217880214452875e-01 2.591222254002034653e-01
-2.724916049644943161e-02 3.237205266475677856e-01 2.779025194475532867e-01
-1.125083482587330153e-02 3.173078677429557182e-01 2.805838127043782659e-01
4.953299999999999925e-01 2.731419999999999959e-01 1.578349999999999920e+00
4.953299999999999925e-01 2.731419999999999959e-01 1.578349999999999920e+00
4.953299999999999925e-01 2.731419999999999959e-01 1.578349999999999920e+00
4.953299999999999925e-01 2.731419999999999959e-01 1.578349999999999920e+00
6.968553159444923484e-02 2.636881936081051925e-01 2.916118204117745805e-01
9.529049519106153054e-02 2.431937141174674299e-01 2.976743688056706638e-01
1.173077495006739634e-01 2.217845553765297462e-01 2.628705448097079511e-01
1.735891802330136735e-01 1.888427993454933618e-01 2.731991776892246371e-01
1.960452699807405108e-01 1.612303735808134353e-01 2.399211679296493482e-01
2.519037442446708241e-01 1.081574446731507488e-01 2.364874122819513591e-01
3.214148880662858754e-01 5.955608362618092233e-02 2.809524689500453309e-01
3.560386146802246854e-01 4.611193279582265214e-02 3.325786689841003785e-01
4.051411302837371609e-01 9.962190815970273228e-03 2.816399311083597201e-01
4.364824118409245668e-01 2.435741040065886320e-03 2.869758088219402925e-01
4.637388267487652649e-01 -1.297000072071696763e-02 2.471635471934492401e-01
5.048715473290992239e-01 -7.526653684621631424e-03 2.961532919455296398e-01
5.336260851172800468e-01 -1.634755260276421485e-02 2.803373871376531046e-01
4.953299999999999925e-01 2.731419999999999959e-01 1.578349999999999920e+00
7.720153487429156636e-01 -1.050288957639523013e-01 1.860617460014628577e-01
7.689677672391370677e-01 -1.031507832247205436e-01 1.857575135449367476e-01
7.617300395428537874e-01 -8.881903258721524086e-02 2.083136458787455680e-01
7.451144871493846633e-01 -6.126524992152299065e-02 2.508740070890955742e-01
7.580523678065000936e-01 -6.881509860070050832e-02 1.677453943373217182e-01
7.237790967174291268e-01 -3.265178012079000824e-02 2.602158991427838686e-01
7.211244239379823728e-01 -2.338686525005101435e-02 2.593401971883564361e-01
7.293150422330767491e-01 -1.927464244794846460e-02 1.991277799172237462e-01
7.289500722951024470e-01 -5.934469264298747326e-04 1.895976352900592410e-01
7.204219252091735859e-01 1.765550713917618531e-02 2.081755351558460809e-01
7.189165544238627081e-01 3.083023963838815718e-02 2.029410341424553454e-01
7.142330448659270914e-01 5.216221317514779798e-02 2.187830372779979715e-01
7.089642193613500121e-01 7.045012561434504939e-02 2.380545808298630828e-01
7.046967895439059104e-01 8.745373403316736294e-02 2.520566773422134865e-01
7.043371521440475735e-01 1.083640142042636700e-01 2.425352777662619363e-01
7.068297844833314469e-01 1.227098791949450818e-01 2.130849779828967172e-01
6.993961251493989728e-01 1.301888268830777018e-01 2.065209106902390346e-01
6.894683527151316271e-01 1.484656848695576348e-01 2.207595467885987706e-01
6.871096024956285797e-01 1.543370383078456198e-01 2.184822431454866987e-01
6.912708660258233273e-01 1.607788661521673546e-01 1.911588029307929038e-01
6.872620677674055045e-01 1.679423019616007595e-01 1.596769670434055044e-01
6.820144651863545571e-01 1.742509310342371665e-01 1.558157794071690638e-01
6.731942728857696068e-01 1.808103044284581906e-01 1.791477857124297302e-01
6.675592477915286427e-01 1.839929870344401142e-01 2.015176168211341157e-01
6.706009479907006909e-01 1.853285170731245879e-01 1.771307931684091841e-01
6.741423296077966310e-01 1.881144740149974237e-01 1.501851758944869886e-01
6.719905150798469728e-01 1.941330470191538482e-01 1.464919996033535732e-01
6.694890308282672731e-01 1.956769654242396794e-01 1.436872622275202627e-01
6.693157686509252358e-01 1.972013020337224365e-01 1.447781917362094273e-01
6.726647005197852192e-01 1.956580154046118625e-01 1.172493579421236554e-01
6.759498249536365355e-01 1.926112250413000715e-01 8.955251396107222206e-02
6.728803773366094365e-01 1.928174243631959328e-01 8.917839753743384001e-02
6.725235299982279535e-01 1.883262346560060640e-01 9.013267708968064618e-02
6.724651843761115799e-01 1.882483568215668202e-01 9.007881655957539202e-02
6.721266014735429728e-01 1.852150740518271888e-01 9.149469636795082295e-02
6.783732563214510680e-01 1.817546739358008034e-01 6.496568834334759401e-02
6.776289184377490837e-01 1.802557427477241014e-01 9.514789688311497962e-02
6.772028574686497215e-01 1.757262863096296646e-01 9.678584692881253559e-02
6.703569829730660068e-01 1.778689260548055873e-01 1.521387145921275774e-01
6.729511814913571310e-01 1.748292376530171111e-01 1.542577579524426756e-01
6.719933729544848022e-01 1.692235184992850194e-01 1.825114107523098106e-01
6.795513893226533542e-01 1.538149710820019278e-01 1.644147075897319787e-01
6.966877248065650452e-01 1.302705994762777819e-01 1.207199855133560540e-01
6.907689203748375029e-01 1.223464566676021326e-01 1.806107548951521036e-01
6.879739930867075914e-01 1.065929164054990053e-01 2.144617957072019188e-01
7.009132941167562914e-01 7.669270857644083783e-02 1.775560853251680893e-01
6.955464570319771500e-01 6.756540346470474301e-02 2.086836437845915881e-01
6.901886508072883064e-01 5.571983321303131120e-02 2.392246224479275263e-01
6.822369963087380196e-01 4.620732703384755613e-02 2.687526357663869714e-01
6.782751417114436521e-01 3.830247499099376229e-02 2.724365944102764558e-01
6.798125544528722530e-01 2.027342642937601802e-02 2.551215500149950355e-01
6.766564832104504656e-01 1.770492943881452064e-02 2.560219992170944536e-01
6.706129501768678391e-01 2.224393387524786769e-02 2.782779290917725135e-01
6.679478350289255184e-01 1.807769763760275206e-02 2.545652513754008694e-01
6.565476927903204363e-01 2.293722014614940630e-02 2.758414730041847118e-01
6.508849060421704191e-01 2.324561641740802154e-02 2.748168756495834586e-01
6.480631082366437035e-01 2.490491449944681746e-02 2.746827524430064393e-01
6.341722020174056507e-01 3.001816285972297438e-02 2.957832561564861518e-01
6.261795256321712744e-01 3.154240167649091653e-02 2.926866444058695560e-01
6.112784592134579142e-01 4.419810455141964800e-02 3.322326413272835843e-01
6.018366814569383605e-01 4.247974662801623502e-02 2.848311420545144301e-01
5.823925277757734387e-01 5.780294836080079879e-02 3.235888705899760964e-01
5.589091909023403693e-01 5.688158846300839233e-02 2.975432123697518971e-01
5.365984195847932625e-01 5.961025393299390629e-02 2.943677830968796094e-01
4.973000810046743214e-01 7.949506597113981110e-02 3.696784312192971100e-01
4.735540824348338229e-01 8.449683165066695922e-02 3.450832529257978898e-01
4.472279263437524133e-01 9.534854286889732355e-02 3.391654704885593841e-01
4.049594953432544830e-01 1.137937804089039218e-01 3.285023030836677904e-01
3.706715530589014262e-01 1.304460930428207321e-01 3.818771998575969384e-01
3.271682294671058311e-01 1.495244893943071807e-01 3.913340609033226780e-01
2.915280399833172220e-01 1.607821543522179319e-01 3.846873333145037765e-01
2.477019311956346059e-01 1.845711206883788869e-01 3.947578714651254206e-01
2.237483915594280504e-01 1.959105892460048515e-01 3.703652776459276375e-01
2.015684402943551112e-01 2.113969726240634839e-01 3.652920295552699592e-01
1.563471316685914880e-01 2.408124771087169491e-01 3.715079812121273584e-01
1.155963883753836074e-01 2.593680654072761937e-01 3.106061956360131049e-01
4.953299999999999925e-01 2.731419999999999959e-01 1.578349999999999920e+00
4.953299999999999925e-01 2.731419999999999959e-01 1.578349999999999920e+00
4.953299999999999925e-01 2.731419999999999959e-01 1.578349999999999920e+00
4.953299999999999925e-01 2.731419999999999959e-01 1.578349999999999920e+00
4.953299999999999925e-01 2.731419999999999959e-01 1.578349999999999920e+00
4.953299999999999925e-01 2.731419999999999959e-01 1.578349999999999920e+00
4.953299999999999925e-01 2.731419999999999959e-01 1.578349999999999920e+00
1.733917552415131791e-02 3.189089460907578166e-01 2.977966157738327624e-01
-1.360191141239397439e-02 3.243135562049746512e-01 2.132620181578992469e-01
-4.895381567835754844e-03 3.208706370539664565e-01 2.385128004682182112e-01
-1.633709912180902890e-02 3.272515691257119053e-01 2.120377001975357611e-01
-3.302786084177489201e-02 3.303315923054814807e-01 1.668542382876099239e-01
-6.169289562225288570e-03 3.260445610898137225e-01 2.747875761827289764e-01
-5.939164884174008563e-03 3.246572384083867280e-01 2.762409949823736444e-01
-1.099500612914638964e-03 3.216482875995635982e-01 2.971219679199754715e-01
-1.586896987068597831e-03 3.203615408191681779e-01 2.961926560558734156e-01
-1.228063959507941227e-02 3.212758587514161213e-01 2.754681937673448822e-01
-1.954447094646694083e-02 3.166577136262656023e-01 2.598835183838903440e-01
4.953299999999999925e-01 2.731419999999999959e-01 1.578349999999999920e+00
-3.542436267498727531e-02 3.205320338027476401e-01 2.181969057932195977e-01
-2.003838759350784482e-02 3.179557773382664099e-01 2.577037027644157874e-01
-1.701035498777636601e-02 3.164091906223296946e-01 2.592139215335069746e-01
-1.510498735725840369e-03 3.190892623714208787e-01 2.971351547511398294e-01
-1.695664015747300191e-02 3.177317559089065102e-01 2.153685531846165624e-01
3.998943025549045460e-02 3.144087876660823233e-01 3.525438543743042441e-01
3.966592726027962090e-02 3.119924486490488480e-01 2.330910503148555524e-01
8.412827987427112797e-02 3.028746932979822226e-01 1.887104372511474448e-01
1.514604902034103473e-01 2.764595433903336841e-01 1.195185974879713342e-01
2.382096880668699845e-01 2.458668628187180016e-01 1.274610595554144243e-01
2.910203496766329279e-01 2.214494687331914902e-01 8.387244160895357403e-02
3.751741544986962884e-01 1.935468443478942646e-01 9.737255910721409613e-02
4.266983204862623835e-01 1.769636112062633604e-01 7.569490186997507308e-02
5.020211630662749780e-01 1.513003951273002023e-01 9.069581108679125592e-02
5.892977720639154260e-01 1.266947410549670860e-01 1.094101015539146182e-01
6.437802207091629647e-01 1.065048216955959970e-01 1.544013476781547212e-01
6.702920005616397336e-01 1.018572533056438245e-01 1.874767391730263189e-01
6.994229637907326547e-01 8.988909326905014652e-02 1.714389219982712653e-01
7.192712957492470860e-01 8.000452192014456676e-02 1.790659359806299200e-01
7.510125757309555894e-01 5.932982060697672422e-02 1.008270462727633987e-01
7.672074356677412998e-01 4.175201258501409773e-02 1.133426558350592028e-01
7.729025462055683082e-01 3.499556023803357396e-02 1.164874578103454184e-01
7.734232350041330140e-01 2.356755104973912163e-02 1.267676284044025881e-01
7.733455880484522149e-01 2.517204001036288386e-02 1.269619258491634373e-01
7.794102157578408629e-01 1.989539842733745179e-02 9.611821546221377410e-02
7.716881781462073819e-01 2.603622630265350901e-02 1.208664347071377598e-01
7.769167656069994043e-01 2.128842806795250286e-02 9.293776677841236733e-02
7.716835568394839751e-01 2.600347481316328535e-02 1.206902914177445663e-01
7.768953221292256295e-01 1.963370269548897484e-02 9.305181218490599093e-02
7.768691961487174114e-01 2.137034308663016136e-02 9.331009545398649685e-02
7.772012920246302858e-01 2.278694270059472560e-02 9.193846573138819700e-02
7.772826264303446253e-01 2.273931582489613357e-02 9.164706647501263959e-02
7.773736308307528375e-01 2.431593601331122345e-02 9.155414632306380085e-02
7.717559975932239968e-01 2.601773490303754821e-02 1.205984975437401907e-01
7.773260546293198070e-01 2.269719027459621286e-02 9.153578061424183510e-02
7.717248593019128133e-01 2.602105435428025970e-02 1.207433983038335157e-01
7.720733708139777551e-01 2.739360201436280562e-02 1.192703457009314238e-01
7.717966738292216800e-01 2.597496367934348793e-02 1.203207846379548140e-01
7.719203121460558314e-01 2.589110486766699193e-02 1.197337275091678865e-01
7.855048936797857095e-01 1.616380531203748250e-02 6.441953183915605230e-02
7.800238136970281122e-01 2.110918194362526590e-02 9.317386781869818613e-02
7.801607036319075927e-01 2.097291099444043017e-02 9.252494096906760390e-02
7.800655135616481051e-01 2.109520818805699083e-02 9.309324528778484265e-02
7.797973461352050162e-01 1.955646034687757995e-02 9.415112992494401034e-02
7.797508746299981475e-01 1.964359240594509837e-02 9.433532139532863070e-02
7.799742922362626896e-01 1.946958597561715409e-02 9.334836226347675847e-02
7.800040237014770339e-01 1.943685712990161907e-02 9.325995166390832480e-02
7.802438360768317871e-01 2.254024533301590694e-02 9.241130331643221396e-02
7.799833394458353109e-01 2.112908244797589985e-02 9.338181930012678933e-02
7.800277293056011585e-01 2.108576239079235082e-02 9.324788782443382829e-02
7.800061663822710489e-01 2.107384996262195997e-02 9.320587629913679173e-02
7.802847831589818650e-01 2.254022799378635478e-02 9.225984414986365678e-02
7.801014131809353991e-01 2.102676585096124873e-02 9.279381992335289375e-02
7.800958192748606024e-01 2.096038776743414100e-02 9.276570838505349137e-02
7.713361935519635892e-01 2.300277743074302661e-02 1.219623572150885238e-01
7.764835014552057268e-01 1.989784220844509344e-02 9.469071328251676967e-02
7.855610474897980477e-01 1.611619618755583128e-02 6.436026081312884450e-02
7.775196795594870869e-01 2.420313034361604165e-02 9.069733781788658078e-02
7.866627791203260056e-01 2.220562639164924690e-02 6.048131054302441356e-02
7.758943034794272275e-01 3.328734277805689423e-02 1.173950955945788355e-01
7.679457612060844873e-01 1.889613190978767232e-02 1.546383305017797749e-01
7.652903676674722711e-01 4.537525955587429216e-04 1.940583999002292170e-01
8.271911697168171651e-01 -9.665856962348517989e-02 5.559387600544862806e-02
8.513742091878742091e-01 -1.469386683457269416e-01 9.036252697731317340e-02
9.271175733683258979e-01 -2.375536091288849017e-01 -5.083700890217146551e-03
9.416538489273131862e-01 -2.524819848278314072e-01 5.490716592781108574e-02
9.872748498472213585e-01 -3.015356436222493830e-01 -4.581410400241736625e-04
1.026117030299723121e+00 -3.406665697803198944e-01 -1.775884066392485749e-02
1.046116141393149013e+00 -3.582639101737439269e-01 -5.718323030978744725e-04
1.065551010623407402e+00 -3.730046342260538994e-01 1.754785801267932932e-02
1.122507741389238811e+00 -3.950650224102436603e-01 -5.386680074787442152e-02
4.953299999999999925e-01 2.731419999999999959e-01 1.578349999999999920e+00
4.953299999999999925e-01 2.731419999999999959e-01 1.578349999999999920e+00
4.953299999999999925e-01 2.731419999999999959e-01 1.578349999999999920e+00
4.953299999999999925e-01 2.731419999999999959e-01 1.578349999999999920e+00
4.953299999999999925e-01 2.731419999999999959e-01 1.578349999999999920e+00
4.953299999999999925e-01 2.731419999999999959e-01 1.578349999999999920e+00
4.953299999999999925e-01 2.731419999999999959e-01 1.578349999999999920e+00
4.953299999999999925e-01 2.731419999999999959e-01 1.578349999999999920e+00
4.953299999999999925e-01 2.731419999999999959e-01 1.578349999999999920e+00
4.953299999999999925e-01 2.731419999999999959e-01 1.578349999999999920e+00
4.953299999999999925e-01 2.731419999999999959e-01 1.578349999999999920e+00
4.953299999999999925e-01 2.731419999999999959e-01 1.578349999999999920e+00
4.953299999999999925e-01 2.731419999999999959e-01 1.578349999999999920e+00
4.953299999999999925e-01 2.731419999999999959e-01 1.578349999999999920e+00
4.953299999999999925e-01 2.731419999999999959e-01 1.578349999999999920e+00
4.953299999999999925e-01 2.731419999999999959e-01 1.578349999999999920e+00
4.953299999999999925e-01 2.731419999999999959e-01 1.578349999999999920e+00
4.953299999999999925e-01 2.731419999999999959e-01 1.578349999999999920e+00
4.953299999999999925e-01 2.731419999999999959e-01 1.578349999999999920e+00
4.953299999999999925e-01 2.731419999999999959e-01 1.578349999999999920e+00
4.953299999999999925e-01 2.731419999999999959e-01 1.578349999999999920e+00
4.953299999999999925e-01 2.731419999999999959e-01 1.578349999999999920e+00
4.953299999999999925e-01 2.731419999999999959e-01 1.578349999999999920e+00
