4.953299999999999925e-01 2.731419999999999959e-01 1.578349999999999920e+00
4.953299999999999925e-01 2.731419999999999959e-01 1.578349999999999920e+00
4.953299999999999925e-01 2.731419999999999959e-01 1.578349999999999920e+00
4.953299999999999925e-01 2.731419999999999959e-01 1.578349999999999920e+00
4.953299999999999925e-01 2.731419999999999959e-01 1.578349999999999920e+00
4.953299999999999925e-01 2.731419999999999959e-01 1.578349999999999920e+00
4.953299999999999925e-01 2.731419999999999959e-01 1.578349999999999920e+00
1.164267955830544210e+00 -2.137156947915107019e-01 3.038417638097421491e-01
4.953299999999999925e-01 2.731419999999999959e-01 1.578349999999999920e+00
4.953299999999999925e-01 2.731419999999999959e-01 1.578349999999999920e+00
4.953299999999999925e-01 2.731419999999999959e-01 1.578349999999999920e+00
4.953299999999999925e-01 2.731419999999999959e-01 1.578349999999999920e+00
4.953299999999999925e-01 2.731419999999999959e-01 1.578349999999999920e+00
4.953299999999999925e-01 2.731419999999999959e-01 1.578349999999999920e+00
9.293870641378878528e-01 1.437601823866430095e-03 1.006275706742585374e-01
9.077031941312551089e-01 7.018876805902074523e-04 9.547745809406649187e-02
8.779878107100009821e-01 4.113885348349832771e-03 1.208772164254932058e-01
8.750706618132650938e-01 5.731358599811775534e-03 1.198016006345210549e-01
8.821681118317663550e-01 -1.194377522021561333e-03 9.142363567616929032e-02
8.779514150274216888e-01 -5.378918485522299342e-03 9.451738729618486268e-02
8.665834962345182468e-01 -9.076411203414180839e-03 1.257026429751633145e-01
8.746311279974878783e-01 -1.180869229012726507e-02 9.444832025159888289e-02
8.742277335771559965e-01 -1.325721935775869831e-02 9.543834662978345484e-02
8.506588144723773448e-01 -3.285757286488943940e-03 1.508098590272426431e-01
8.506347537335754438e-01 -3.310964772105184917e-03 1.508669041506109920e-01
8.580443408946631934e-01 -4.150166117876774585e-03 1.211385766908257278e-01
8.480960129268050318e-01 1.420993536412729075e-03 1.486240818066715264e-01
8.550556846396267785e-01 -4.073403921008078576e-03 1.204302386376649991e-01
8.453302535665154771e-01 1.333534853667051046e-03 1.473797397969751621e-01
8.448012521974623823e-01 -1.562935986608227079e-03 1.489015440076528751e-01
8.509350962071537960e-01 -1.140283692842719576e-02 1.232130497572898609e-01
8.510602141630768669e-01 -9.802811119377585758e-03 1.227127338644027343e-01
8.514344153032481488e-01 -8.509691692113852124e-03 1.215576089444725394e-01
8.513694208364427363e-01 -6.866396693944842866e-03 1.215756933134526374e-01
8.440681356412111924e-01 -5.925895338088238429e-03 1.511269839519322478e-01
8.449295788590609479e-01 -1.614223556518579183e-03 1.483944749924988038e-01
8.499212717613101598e-01 2.158041620761164125e-03 1.158404955377547729e-01
8.471605822266340402e-01 5.494873933941157862e-03 1.139870586069613445e-01
8.377186113292158787e-01 1.381366619747881330e-02 1.400921421534211397e-01
8.169269329071402463e-01 3.148716639867427114e-02 1.897979104794351723e-01
8.065880679921507701e-01 4.464380911254889339e-02 2.099066896910368740e-01
8.160223807759643400e-01 4.040405368235716610e-02 1.550388296492786200e-01
8.146373627213477908e-01 5.085792947518824603e-02 1.487377349174856533e-01
8.012411194945454618e-01 6.730533421623707824e-02 1.690777077608762724e-01
7.870710101784348378e-01 9.334020844969154185e-02 1.821983247965961450e-01
7.863295042771041299e-01 1.110263012059629073e-01 1.449454112515389248e-01
7.628856994348048870e-01 1.246731990175545257e-01 2.178302889368801676e-01
7.609373531273155855e-01 1.333511088422835722e-01 2.142361178896829976e-01
7.622716022251516677e-01 1.446016616315544123e-01 2.094227012044953540e-01
7.646426339374184922e-01 1.453737457341551798e-01 1.827522642708063749e-01
7.580757816675902649e-01 1.548683298090099414e-01 2.032856190236747018e-01
7.620290310299933090e-01 1.686099142726660838e-01 1.705352807960660577e-01
7.623395382102221562e-01 1.717047291420400468e-01 1.694260193921164337e-01
7.706450040817797165e-01 1.753811049409508271e-01 1.106661133971305055e-01
7.558856221352308058e-01 1.881317652250231176e-01 1.593760479138448538e-01
7.542068900480329852e-01 1.923921029523611992e-01 1.854179295791298365e-01
7.554384466075390048e-01 1.963802079652845478e-01 2.109011047755016133e-01
7.583934394342600749e-01 1.962553227306604309e-01 2.110514839924304553e-01
7.656617663879871083e-01 1.916944195119143490e-01 1.880434782571673846e-01
7.607410113629669013e-01 1.902674083257019366e-01 2.129725306488825520e-01
7.596577276526750300e-01 1.804489330925942436e-01 2.165124993273646048e-01
7.652575761157661693e-01 1.701565098389089536e-01 1.997111472513244390e-01
7.626928720823407115e-01 1.504459387092591527e-01 2.085364725997507218e-01
7.610526052107871031e-01 1.420840405262113193e-01 2.145617001430601967e-01
7.586826598757266948e-01 1.237883298016488887e-01 2.224208355798096282e-01
7.533192440912812593e-01 1.000390417147875022e-01 2.304717694197222499e-01
7.555644563601225938e-01 7.986514807891847978e-02 2.136640534539209213e-01
7.496192142929256619e-01 5.901826025131345910e-02 2.237467232399106276e-01
7.470565026098221484e-01 4.377964789611105134e-02 2.022503929404659839e-01
7.418648830114782378e-01 2.533023843812948206e-02 2.094602440798729592e-01
7.365604161192833566e-01 8.585515489503758868e-03 2.171695518410576842e-01
7.299687344321190707e-01 3.021162757799067400e-03 2.181906557599440077e-01
7.021728184669613348e-01 1.885991990819568809e-03 2.400523378400400976e-01
6.824899695244491804e-01 6.821124263256816977e-03 2.330682669145642816e-01
6.339745596129416905e-01 -2.669345776289411276e-04 1.475547295180394958e-01
5.638210618008308028e-01 3.079962537025660030e-02 2.341089687173116829e-01
5.030206601605042849e-01 3.901660943065587972e-02 1.710286470681645632e-01
4.470613308467223934e-01 6.404748003317423111e-02 2.098498152088039692e-01
3.958920278802633419e-01 8.689454200321444777e-02 2.234966810551581862e-01
3.488132431121587773e-01 1.050228241614400981e-01 2.391301900847226936e-01
3.041727457380383748e-01 1.333086116293072942e-01 2.725217574086176153e-01
2.437697543645560572e-01 1.651640336767435380e-01 2.595813975287166731e-01
1.990660989857137575e-01 2.084437098143994693e-01 2.852323427837670788e-01
1.462225604758977671e-01 2.410282502189279308e-01 2.532817703095850970e-01
1.036024384718478020e-01 2.743029192332029909e-01 2.424337092791468695e-01
7.670046878429054305e-02 2.932781256055832508e-01 2.794795731633215041e-01
3.196828713430160951e-02 3.097459437071681254e-01 2.122057227015377023e-01
3.975253863330863169e-05 3.178503671648501561e-01 1.909799742084978824e-01
-1.866701753071553505e-02 3.302564231156706054e-01 2.118611166515351751e-01
-1.356003572773933907e-02 3.294637518884539484e-01 2.545015375615538034e-01
-3.900816293966768988e-03 3.283251331433654219e-01 2.930873285445332321e-01
-2.467754592740534214e-02 3.304678129807114284e-01 2.326153107831656630e-01
-3.569387920006505954e-02 3.328999130427241493e-01 2.106197014845130333e-01
-4.099167992303376362e-02 3.291875765826106082e-01 2.137890391506016563e-01
-2.589109876842488056e-02 3.274648157295584339e-01 2.796742846629083346e-01
-2.107977850743525394e-02 3.244141963671445805e-01 2.996934875185310876e-01
-2.893556651966566751e-02 3.225336942073106505e-01 2.817623215685369775e-01
-2.938352102768426732e-02 3.212765214338302311e-01 2.811149184660792777e-01
-2.210058050704011290e-02 3.194189220262766415e-01 2.994193133984446309e-01
-2.241757368383401339e-02 3.194597566910385988e-01 2.982200770299017201e-01
1.792649709422589055e-02 3.051021541820169158e-01 3.608787552411496513e-01
7.402964579926135658e-02 2.822166598782539504e-01 4.667247894795207852e-01
1.186824761404931539e-01 2.383635784086585163e-01 4.483764296106964586e-01
1.961360572978257943e-01 1.940773067832887167e-01 4.765659462248055256e-01
2.661724060821115678e-01 1.547387999294101979e-01 4.741072114748776656e-01
3.671794776384472714e-01 1.106848036347926056e-01 3.705537495243280688e-01
4.337725159619003623e-01 1.021295750361383425e-01 3.952088434941574135e-01
4.862977446931119885e-01 7.790314289267735726e-02 3.712329858625442736e-01
5.263223673788152146e-01 6.119813083613662164e-02 4.026090807592825893e-01
5.643225972396552770e-01 5.145501410359143435e-02 4.104069934087068994e-01
5.924431901338116369e-01 3.761515490603450917e-02 3.782471327154584007e-01
6.145929174756705748e-01 2.487505765961112170e-02 3.650386548680617516e-01
6.401669884292036095e-01 1.270014401924612901e-02 3.289902750156594724e-01
6.567595327928930082e-01 1.012994004128875414e-02 3.305547187632142947e-01
6.697363573183239271e-01 1.129145497044919955e-02 3.556043745127139832e-01
6.950934616461694748e-01 -5.767649451017431428e-03 2.970459893299071119e-01
7.121938221679925407e-01 -5.385033950969564387e-03 2.986974536682800441e-01
7.282712309185445099e-01 -4.166846672743529378e-03 2.747400670694588598e-01
7.380931540192812168e-01 4.872787712886905709e-03 2.714228855582534461e-01
7.448058366404056718e-01 1.420488844123485306e-02 2.687108499109178705e-01
7.561013685363590087e-01 1.306673486545684160e-02 2.424309725095690204e-01
7.832699087339878297e-01 2.246398791104609050e-03 1.681850088817149480e-01
7.823669896287321901e-01 1.859781874516608369e-02 1.898328565496176790e-01
7.776747051893770912e-01 2.763999217274787368e-02 2.138730359870015807e-01
7.782476685962557150e-01 3.047556712087984288e-02 2.118388448447494632e-01
7.906343801393866944e-01 2.970637698283795647e-02 1.540805987969247060e-01
7.916740228134155899e-01 3.852440718692545785e-02 1.506639477313935771e-01
7.918104487543462522e-01 3.852102248150107711e-02 1.503405364207028860e-01
7.975442265466510250e-01 3.392173564305905886e-02 1.223870780526936652e-01
7.974974957756221228e-01 3.398301347172255626e-02 1.226029646322219779e-01
7.975100174015760102e-01 3.401077386635548150e-02 1.224382615794239459e-01
8.034738274176120854e-01 3.086392237716911735e-02 9.353530187776670779e-02
8.009460379171013944e-01 3.395501944357159907e-02 9.077719101809278435e-02
7.861409599850177621e-01 4.222745504578950815e-02 1.162148641718236952e-01
7.806681723385928695e-01 4.903550417715307752e-02 7.926068037286992940e-02
7.477337788570522781e-01 7.014267757475378673e-02 1.568383219545541607e-01
7.436739811936288191e-01 7.668589734286074266e-02 9.105181167082943006e-02
7.227879175891875896e-01 8.891377015125750960e-02 8.255436303507091012e-02
6.967049960996359870e-01 1.029917891594172019e-01 1.324549283079727857e-01
6.762567167525529443e-01 1.206695092520415624e-01 1.514381695653050919e-01
6.720725204710782386e-01 1.333622792276143998e-01 1.158895921015292707e-01
6.499340179662853600e-01 1.591755156852902031e-01 1.845233335484668391e-01
6.473502655256881955e-01 1.637710006365627469e-01 1.837374579709047939e-01
6.481605810208336260e-01 1.724241005658954662e-01 1.808960994841746217e-01
6.480945418137893377e-01 1.724720051146299005e-01 1.810984073119707993e-01
6.485584540821029975e-01 1.767533553093523224e-01 1.797388362441800780e-01
6.460967754701734123e-01 1.769818648895025714e-01 2.025013817438063857e-01
6.512911327750474655e-01 1.736523979782163551e-01 1.807602491565152292e-01
6.536202092732696922e-01 1.676854898118079196e-01 1.832399620363160953e-01
6.615268819765507402e-01 1.550754472064972966e-01 1.620555484585730621e-01
6.608740814822107179e-01 1.506520410308540558e-01 1.648891498394293720e-01
6.597301829472392853e-01 1.404439576445520310e-01 1.688656662573948530e-01
6.555030637717962350e-01 1.331510942042470336e-01 1.995283230470834557e-01
6.705186012024938469e-01 1.229070793630481218e-01 1.225821816893069016e-01
6.640948194582223518e-01 1.229683985322117534e-01 1.495768415667473317e-01
6.428695839932501155e-01 1.258916661470830256e-01 1.458618466932415370e-01
6.238535896488115462e-01 1.260301472128183553e-01 1.145185113606312921e-01
5.867611621823206614e-01 1.331494671454877543e-01 1.068536201069525404e-01
5.335268297435775686e-01 1.527886244228929824e-01 1.216805876698068278e-01
4.963300179006345791e-01 1.578764905211552660e-01 8.778173108457898444e-02
4.499594514089821917e-01 1.740422855433225724e-01 1.057798912875174135e-01
3.784047665987670950e-01 1.948174208307863475e-01 9.600602321430740105e-02
3.282110346423089964e-01 2.106909940040111451e-01 1.145671808901755906e-01
2.674717031532168332e-01 2.188508186790943388e-01 5.672066286599042328e-02
2.104714651402354586e-01 2.450511311882734300e-01 1.292374361665069582e-01
1.480705761212467997e-01 2.669973185991644793e-01 1.500911577440260380e-01
9.819977924638984002e-02 2.797500313339233990e-01 1.484569391252339443e-01
6.170141273292306661e-02 2.959215461363792210e-01 1.675277776039303390e-01
3.641403977298146577e-02 3.080105023031235456e-01 1.656348485881538046e-01
3.088064070665863525e-03 3.264428356391191333e-01 1.366662839190897483e-01
5.221039366757884714e-03 3.322618661759495495e-01 2.285538578207970684e-01
-5.536816432702540425e-03 3.303657976289987586e-01 2.313522306549964380e-01
-2.745746940988302853e-02 3.324976514112353843e-01 1.876433826999186483e-01
-4.669522604876752414e-02 3.353498491790891101e-01 1.891740381205797572e-01
-3.490014784748562970e-02 3.285641844559312741e-01 2.364442199665961475e-01
-2.973806793907873836e-02 3.280084536419511365e-01 2.562766904555440206e-01
-3.775134004775293484e-02 3.341018788411021512e-01 2.333822903410076588e-01
-3.000532672712807880e-02 3.308971891639829188e-01 2.332710538231550501e-01
4.627455575001215848e-03 3.224091775788664460e-01 2.977581529572963515e-01
3.279194742942453944e-02 3.101203572692871613e-01 3.355117243231326984e-01
7.726465159186723941e-02 2.942253995354175422e-01 3.605454901940792212e-01
1.097619167522429495e-01 2.788875012482405769e-01 3.971731678727505876e-01
1.787078502981364059e-01 2.516050467454791773e-01 4.556209863520175318e-01
2.167198338613212094e-01 2.333947159370184377e-01 4.759104948411434499e-01
2.589130982927620450e-01 2.130094952984153966e-01 4.168883069223345839e-01
3.374632871120750721e-01 1.988982462981939148e-01 4.587505926925927735e-01
4.047609087499349778e-01 1.774429389478564545e-01 4.544381764522715805e-01
4.677662750651963020e-01 1.505702952999100619e-01 4.337058015080985651e-01
5.209917358320301783e-01 1.350986275310833151e-01 4.458085966457079330e-01
5.780396201361580610e-01 1.185554812616854692e-01 4.018797837023713182e-01
6.527467777746797095e-01 1.000812139871716799e-01 3.584056425590156358e-01
6.911656484031915015e-01 8.203458572429417339e-02 3.305545501659452601e-01
7.161171795858800593e-01 7.047862821087241825e-02 3.132337974016965454e-01
7.434226388545482900e-01 6.063249848490959160e-02 2.721187308479948719e-01
7.705241176086663479e-01 4.257564947083603002e-02 2.071613863612324913e-01
7.766283640054763016e-01 4.182663163352012825e-02 2.346930179457216159e-01
7.880973665948152185e-01 3.689413359820842286e-02 2.093050681200980812e-01
8.143102326052724660e-01 2.259664985817666505e-02 1.314876155264825819e-01
8.243177962594747665e-01 2.033402331656219975e-02 1.013364664047777808e-01
8.064409145830333525e-01 3.315063382259014757e-02 1.545107277888295716e-01
8.120365245023906109e-01 2.872309691661595332e-02 1.284913347319394106e-01
8.026674828799187367e-01 3.220870807668574365e-02 1.568493947911202557e-01
8.027496543995917833e-01 3.220103340208535503e-02 1.565805299833207265e-01
7.943439646717429525e-01 3.828775295025110825e-02 1.817068384368658585e-01
8.031995167088508136e-01 3.345585890671609608e-02 1.548410064200369529e-01
8.028106107564150218e-01 3.211051088896393901e-02 1.560782871898889201e-01
7.970591360819995197e-01 3.508644685259459939e-02 1.825259199989077707e-01
8.026653147211372241e-01 3.068635564363009216e-02 1.566944894187716208e-01
8.026988900697350493e-01 3.218432225504519462e-02 1.566705525379388231e-01
8.030655724921464955e-01 3.356482308658964575e-02 1.553661736170262042e-01
8.030454937095761192e-01 3.357769375357033681e-02 1.554598500925452598e-01
8.027302812006592569e-01 3.063901201599839030e-02 1.565450082120416475e-01
8.118497876011192549e-01 2.727056959524748470e-02 1.290005417511761454e-01
8.026110730982185526e-01 3.072740913599730783e-02 1.569159599507690128e-01
8.030614676186859091e-01 3.355344981223346013e-02 1.553452861378876726e-01
7.944486046487450048e-01 3.819741605013610153e-02 1.812679705725190882e-01
8.028374389528631916e-01 3.214404584383967478e-02 1.561333512665687984e-01
8.031515716205775979e-01 3.348565700712796689e-02 1.550689908468008138e-01
8.029866283654332193e-01 3.357144207751749931e-02 1.556522484288631603e-01
8.027980713178992644e-01 3.056997903433444908e-02 1.562614788024991874e-01
7.972424569565057517e-01 3.501267031270272057e-02 1.819315390872895399e-01
8.029629139659404391e-01 3.205498338565226923e-02 1.556873801992744166e-01
8.027719374123811757e-01 3.217130355462438640e-02 1.564896902441708093e-01
8.026770490920007717e-01 3.221229040107137509e-02 1.567521134622871237e-01
7.968706248234866951e-01 3.367701259320976526e-02 1.832283444387909910e-01
8.026088229197978485e-01 3.067614291939141369e-02 1.569141448233692948e-01
8.028120313593446467e-01 3.210512693020706187e-02 1.563219237655639748e-01
7.971993078013956957e-01 3.502302776610860535e-02 1.820529038173108738e-01
7.973589708687066624e-01 3.648443760323527574e-02 1.816954966096280266e-01
8.029182504197120984e-01 3.205161308211085247e-02 1.559994314500032786e-01
8.117143788563966345e-01 2.731439676660302185e-02 1.296901704190314142e-01
7.972881328753411712e-01 3.499023153930908014e-02 1.818275263291626587e-01
7.972954992539703634e-01 3.496090936106444058e-02 1.817717485479921624e-01
7.972904037330865723e-01 3.649236181995274553e-02 1.818476115443556917e-01
8.117018926600276796e-01 2.730966056418421273e-02 1.296578405187993610e-01
7.971496769303678676e-01 3.507217547559737802e-02 1.822105666375339883e-01
8.114751047435522224e-01 2.427261851343515131e-02 1.302335358026711631e-01
8.028656543740928520e-01 3.211450889128453223e-02 1.562151176292687627e-01
7.973920927720844487e-01 3.642225012922289951e-02 1.815494862131743492e-01
8.031052329359054109e-01 3.353516789883376203e-02 1.552784294450937352e-01
8.116187975235165109e-01 2.576097887659078989e-02 1.298404054461808066e-01
7.972504616308331293e-01 3.499946905958650767e-02 1.819369768596350578e-01
8.028597260974585925e-01 3.212188290247325329e-02 1.562935090108334979e-01
8.116593656645357813e-01 2.732973380285508291e-02 1.298842664397805713e-01
8.032367753392160026e-01 3.497954059368374446e-02 1.548269126187591382e-01
8.024973436957001383e-01 2.917666415372488498e-02 1.572261115083664063e-01
8.027117230369031908e-01 3.066366579419377292e-02 1.566476013496667097e-01
8.027796968299328872e-01 3.216011377748850819e-02 1.564254250646410771e-01
7.972888255125105683e-01 3.500213632571702593e-02 1.818422130680232840e-01
7.972065081170499612e-01 3.655252473598719076e-02 1.820993062890081671e-01
8.029837453504919953e-01 3.204542836067086897e-02 1.555464964127926120e-01
8.027192628818808906e-01 3.063464089229706033e-02 1.565425916549862961e-01
8.030595148652612814e-01 3.351051100981233821e-02 1.552140163221507052e-01
7.945613144252360316e-01 3.807943600413205010e-02 1.806683933777808448e-01
8.029233904663561905e-01 3.209438670560721407e-02 1.556223145571202782e-01
7.945845533680915285e-01 3.817194811674951005e-02 1.805718928106754273e-01
7.948303353131771498e-01 4.100932343974705852e-02 1.795850456560998953e-01
8.004711690081118824e-01 3.661465888398890423e-02 1.532861259770095241e-01
8.004003073153257430e-01 3.669859585815671288e-02 1.535026339505611848e-01
8.003127359985471312e-01 3.680875559151175480e-02 1.538951646379174143e-01
8.004240297243475633e-01 3.668450840821863013e-02 1.534922825759739151e-01
8.004294387380361808e-01 3.831172479793426566e-02 1.535993045282451064e-01
7.908264482175588750e-01 3.856107676774267468e-02 2.114000106522737621e-01
8.171640815255880597e-01 2.315685178002713229e-02 2.257535420029133100e-01
8.326017053533016909e-01 1.219964035770298993e-02 2.907758552780808081e-01
8.981460086588919367e-01 -3.082570928464822835e-02 2.136074539982004694e-01
9.123869757360398847e-01 -3.162248846001924907e-02 2.466401466930403519e-01
8.941548099058747034e-01 -1.403680674502250092e-02 3.740611644244042910e-01
9.048130312672109099e-01 -2.383584348196532421e-02 4.684540131385124262e-01
9.977519626485495952e-01 -1.154602216663733194e-01 4.071086017538105839e-01
1.069311614219307982e+00 -2.246538280051648684e-01 3.824057486441878595e-01
1.149777161860668695e+00 -3.949124780303835403e-01 3.403116102100252061e-01
4.953299999999999925e-01 2.731419999999999959e-01 1.578349999999999920e+00
4.953299999999999925e-01 2.731419999999999959e-01 1.578349999999999920e+00
4.953299999999999925e-01 2.731419999999999959e-01 1.578349999999999920e+00
4.953299999999999925e-01 2.731419999999999959e-01 1.578349999999999920e+00
4.953299999999999925e-01 2.731419999999999959e-01 1.578349999999999920e+00
4.953299999999999925e-01 2.731419999999999959e-01 1.578349999999999920e+00
4.953299999999999925e-01 2.731419999999999959e-01 1.578349999999999920e+00
4.953299999999999925e-01 2.731419999999999959e-01 1.578349999999999920e+00
