8.159749233848482275e-01 -2.086789344936832435e-01 1.464830317496588208e-01
8.162804623531878523e-01 -2.073314734897464262e-01 1.452359044375699515e-01
8.161355845280587884e-01 -2.087970760058164010e-01 1.460149771400778285e-01
8.164970220762461928e-01 -2.075743637599572478e-01 1.445635960878752790e-01
8.160201933119506368e-01 -2.086447637757137819e-01 1.463278857009389089e-01
8.161368539519517906e-01 -2.087646742434874081e-01 1.460165850262709064e-01
8.160069554968505390e-01 -2.085997434501871139e-01 1.464726461182408457e-01
8.160828195176930144e-01 -2.087114912135228650e-01 1.461917967315635725e-01
8.161134790912866199e-01 -2.070636849744766639e-01 1.461881924251151599e-01
8.164158873219580226e-01 -2.057436411971076962e-01 1.450648131608864855e-01
8.164569429644257248e-01 -2.057919282157048002e-01 1.446696659650434924e-01
8.226081415786385964e-01 -2.149174404917955639e-01 1.171112928693471833e-01
8.164006412564457360e-01 -2.057368909254073952e-01 1.450518469467965144e-01
8.156390792283296776e-01 -2.116889627626985237e-01 1.476942873845592530e-01
8.138272802721560062e-01 -2.217890575063973246e-01 1.534870176601363934e-01
8.000724913965464591e-01 -2.207386439246535048e-01 1.847782455481710162e-01
7.628896490351200210e-01 -1.915137633335441403e-01 2.574729156880155578e-01
7.332419505436121865e-01 -1.725634942988604481e-01 3.011824694713278738e-01
7.007628768554597931e-01 -1.525799675311148018e-01 3.385779465580387448e-01
6.739258858367562777e-01 -1.312613495525568608e-01 3.506617704038277328e-01
6.524817870005100717e-01 -1.252530888696163636e-01 3.443146159930290384e-01
6.288328819848567619e-01 -1.153774610155597347e-01 3.103479915059721428e-01
5.976999831354916637e-01 -1.084465062726885365e-01 2.768926885050788655e-01
5.856299200063883603e-01 -1.048731464252956047e-01 2.469021895364740260e-01
5.644268538699257487e-01 -7.895484045660589034e-02 3.116953183892570145e-01
5.463031501711875793e-01 -7.457530448436916481e-02 2.821936918361764857e-01
5.298424600025247733e-01 -6.407660472103204885e-02 2.760808855249552440e-01
5.218926378578372383e-01 -5.558184992807352343e-02 2.699948000326883868e-01
5.148881665445524947e-01 -4.711286881522458447e-02 2.395023942689460394e-01
5.123575310553502016e-01 -4.255975675027445781e-02 2.376821764769971868e-01
5.049594486509806357e-01 -4.107026801618696155e-02 1.795220158089414486e-01
4.956954379850884718e-01 -4.475771077398765785e-02 1.519371831282887442e-01
4.836264983238041104e-01 -2.709992889468371136e-02 2.263372202608331385e-01
4.738319215990830502e-01 -3.782723277224969705e-02 1.745395153360596030e-01
4.673464170747377300e-01 -3.862106932395692471e-02 1.756967729095895159e-01
4.622952895833581932e-01 -2.732135505868488190e-02 2.243381026615769436e-01
4.640391391813732391e-01 -3.986839288064092379e-02 1.762770087680574083e-01
4.647661604798174473e-01 -3.286642851846660607e-02 2.006265466671910414e-01
4.757884062298777805e-01 -5.262943057562785576e-02 1.244805140932707666e-01
4.827324599290460649e-01 -3.682584934444721458e-02 2.308300535315959134e-01
5.003018637787970402e-01 -5.524259608528553356e-02 1.863664802322138048e-01
5.313737859975464772e-01 -6.200373232508449295e-02 2.477622205866958360e-01
5.753653932190708753e-01 -1.009824911798331004e-01 1.860533563163653259e-01
6.177060777162745042e-01 -1.133415444131455896e-01 2.265578391705316275e-01
6.376522540200635358e-01 -1.212081188394762421e-01 2.610778471362817932e-01
6.551045747155324062e-01 -1.162961219209841801e-01 2.889780886119748260e-01
6.665109398066282331e-01 -1.099306210573762210e-01 3.140727641457810027e-01
6.754027415654122457e-01 -8.834165938392279926e-02 3.556207915315687806e-01
6.823223489332528313e-01 -7.533790401314965912e-02 3.519597550490394244e-01
6.673566593480140252e-01 -3.112227687025814760e-02 4.402404099310166519e-01
6.497048623884648100e-01 2.681545111869271247e-02 4.739247467194407371e-01
6.435946362231970141e-01 5.512573775777224183e-02 4.595100942496270768e-01
6.254292738974317478e-01 9.028446614263951897e-02 4.800339153964199301e-01
6.059847160334482785e-01 1.236245866773575952e-01 4.786938442066124288e-01
5.915967062399849485e-01 1.454626681339591943e-01 4.679848666375197030e-01
5.729879383191942566e-01 1.762913074830770310e-01 4.868634645823299856e-01
5.584481464660622230e-01 2.021790920127257696e-01 4.887044225924292995e-01
5.541275803786813725e-01 2.175569110364914405e-01 4.644892581450015268e-01
5.438690844096031318e-01 2.266231257883198902e-01 4.929634437848793294e-01
5.422859578583151263e-01 2.334674615132510400e-01 4.899658194204137285e-01
5.429066232380115320e-01 2.401774478547647473e-01 4.879633934197085132e-01
5.432941300370801585e-01 2.435415515434108946e-01 4.862452881305430186e-01
5.462884882633801675e-01 2.429878779151626311e-01 4.706878610748441716e-01
5.465273544050793797e-01 2.452114928872921595e-01 4.695289518534639939e-01
5.436024897515575605e-01 2.458371429454423995e-01 4.842357580256411165e-01
5.440831015431955020e-01 2.454140570853203251e-01 4.701317232742330265e-01
5.411608199178006284e-01 2.459681014130599142e-01 4.847728208391564042e-01
5.386431394281622209e-01 2.439716526000686447e-01 4.853594632110089790e-01
5.363042480152730995e-01 2.429324415093977452e-01 4.847317498171193062e-01
5.400833007654917139e-01 2.274477012893892924e-01 4.754496394961231776e-01
5.415872438876457862e-01 2.116750584458336748e-01 4.654811069863939998e-01
5.499621521627902077e-01 1.831600455386936943e-01 4.447705951765088539e-01
5.592395640457644701e-01 1.445567492827922185e-01 4.800598446566484157e-01
5.787853916304334101e-01 9.952313546128571664e-02 4.662538318984634778e-01
5.954348233371198340e-01 5.826946118988096668e-02 4.679032454300746657e-01
6.195707853956147204e-01 1.690274252041429337e-02 4.519534402621490088e-01
6.408291074220031636e-01 -2.112473346751186920e-02 4.108294415448179304e-01
6.441883854984440383e-01 -3.020847182608576986e-02 4.568623071187025708e-01
6.789455617388926445e-01 -8.052224622520615105e-02 3.534922356984331326e-01
6.839284240482903510e-01 -9.599701122535947428e-02 3.363714141782494504e-01
7.074912043871551814e-01 -1.249406092450320860e-01 2.751070896470053651e-01
7.131185608634292850e-01 -1.281126403126641999e-01 2.764574945813693674e-01
7.162068943049088032e-01 -1.284905145059861142e-01 2.763172977815691045e-01
7.203415150254637300e-01 -1.344129177314490331e-01 2.521896516235975216e-01
7.218469536964728928e-01 -1.405542043225429527e-01 2.258641163881016656e-01
7.307665064420089118e-01 -1.550921097967438156e-01 1.727474407322240335e-01
7.391623108619614912e-01 -1.627703946043439487e-01 1.430803040233434853e-01
7.428373528218448207e-01 -1.600601277817636503e-01 1.417393682199192817e-01
7.463219596999421945e-01 -1.570964880669749597e-01 1.410895587371530091e-01
7.461329835104182351e-01 -1.586171698520220108e-01 1.418283843553993506e-01
7.461024174333468206e-01 -1.585271895276792464e-01 1.419646552283186924e-01
7.544507359200597341e-01 -1.674691195462941762e-01 1.132321685974300163e-01
7.599467571688502954e-01 -1.749731863815709998e-01 8.238810148915565179e-02
7.542402133081616000e-01 -1.690483307031392379e-01 1.139194913296195377e-01
7.574207806751012129e-01 -1.678561510467379558e-01 1.492714293133390324e-01
7.722951008269876016e-01 -1.786187784654423572e-01 1.224254346915594205e-01
7.754875555524647357e-01 -1.786493886657058994e-01 1.235113725871681556e-01
7.555428643878623340e-01 -1.592740442293546499e-01 1.779717941120499969e-01
7.224944458829849481e-01 -1.245246899346709180e-01 2.757096116486237314e-01
7.171246463053077003e-01 -1.288312190827950454e-01 2.201234636521778310e-01
6.856748646573271877e-01 -1.008073753591542387e-01 2.878075426480923849e-01
6.692066540759232796e-01 -1.026510691240496986e-01 2.587170244803189689e-01
6.466870953698672375e-01 -9.496852883879280949e-02 2.501978313796080489e-01
6.250696733100503666e-01 -7.694226398439701908e-02 2.644523580922575334e-01
6.050882700854703922e-01 -7.009672449486326062e-02 2.599812098018918771e-01
6.038815780497640562e-01 -7.396299364343283944e-02 2.061572777762905595e-01
5.897021659778729497e-01 -6.464915744677923737e-02 1.995559608656374273e-01
5.844626603797420383e-01 -7.308599715397501306e-02 1.415418459835482423e-01
5.830066292872368994e-01 -7.626584169095007582e-02 1.132958007044233550e-01
5.754191224180669195e-01 -6.458264924136547513e-02 1.383958163063354618e-01
5.587471423828049844e-01 -3.318207401472328399e-02 2.351829552008830593e-01
5.597939679379820843e-01 -3.852144010443980804e-02 2.115255468208296907e-01
5.643561884120493755e-01 -4.174294148178397945e-02 1.851773735877215721e-01
5.643523810326800394e-01 -4.160578712020812642e-02 1.858951897406644349e-01
5.766176083582178480e-01 -5.628449903485177597e-02 1.318075474795914470e-01
5.844482591931298154e-01 -6.439487518368658403e-02 1.061816372472577097e-01
5.852011565299422013e-01 -5.011056855967643830e-02 1.912899841175599303e-01
6.042700292439893150e-01 -6.828073053397981651e-02 1.406842327242507906e-01
6.194816052624344538e-01 -7.498361124839630909e-02 1.463960806927717684e-01
6.315823495148837896e-01 -7.815953331360220302e-02 1.519460010991098287e-01
6.583163287618487569e-01 -1.000231401369869877e-01 1.333999308906808068e-01
6.574345276215076694e-01 -8.832910656548292883e-02 2.189949891452425135e-01
6.816479799298151843e-01 -1.191777650245465225e-01 1.464702038856078303e-01
6.728606348574572849e-01 -1.003821687442273958e-01 2.563239968523673973e-01
6.847522419652716241e-01 -1.089654367405512025e-01 2.346771335114612445e-01
6.938328860820945909e-01 -1.078271577937074399e-01 2.355950624379410385e-01
6.816093696096420240e-01 -6.958597169915586855e-02 3.235298172271692252e-01
6.883671917281179997e-01 -6.866108279933036407e-02 2.999628725518466155e-01
6.899653115178584484e-01 -5.823564548390358642e-02 2.939824644646593654e-01
6.816894751087516635e-01 -3.896338702920082442e-02 3.338265397776378762e-01
6.790771818818033267e-01 -2.699786585403235462e-02 3.531133226319633778e-01
6.580598417029260849e-01 1.802105639334022902e-02 4.167421403901949706e-01
6.469539756560593879e-01 4.104990309634803936e-02 4.476402716270611037e-01
6.453381519864469507e-01 7.036137205091119728e-02 4.528805938103896978e-01
6.364413729916333917e-01 9.860071955302363023e-02 4.757124274434954003e-01
6.295961500304787517e-01 1.209364179986119336e-01 4.824204951573596301e-01
6.221564718592480503e-01 1.386774817980975238e-01 4.739516228221198890e-01
6.057094484130799428e-01 1.633694042412340841e-01 5.272688070952296080e-01
6.079840738047227466e-01 1.782180037874728784e-01 4.728727023135250729e-01
5.979168180161505974e-01 2.005058673162758431e-01 4.941621998391554360e-01
5.936811945777624722e-01 2.184622134380340697e-01 5.024941635405046902e-01
5.925723171011835211e-01 2.286791710511148490e-01 4.970960496177121435e-01
5.820955468515083275e-01 2.403318348638564528e-01 5.219783065237618702e-01
5.800670146216817535e-01 2.427382613367661812e-01 5.209220826406265603e-01
5.799599790072149652e-01 2.500809869367704441e-01 5.020277502003813730e-01
5.789779658244185168e-01 2.537587246477380210e-01 5.163477744011079063e-01
5.800579529104977761e-01 2.534236439656912809e-01 5.018861032096133545e-01
5.780303696758464227e-01 2.558078019301742723e-01 5.007466185006401727e-01
5.760837172363579839e-01 2.570344326743483898e-01 4.990530508495658601e-01
5.773671351744376068e-01 2.579226774924471832e-01 4.827889672887284434e-01
5.770367917872368801e-01 2.557010373394489333e-01 4.843418888837307534e-01
5.767557523512646389e-01 2.523353005158454065e-01 4.849025796522297149e-01
5.758994750427602893e-01 2.445148927704096087e-01 4.883639960926353663e-01
5.774157936157197080e-01 2.387251965864002901e-01 4.918608249576463809e-01
5.785556496924801895e-01 2.252130916424840978e-01 4.960200887948877924e-01
5.889573381359219928e-01 2.034903342465460563e-01 4.911805204915493661e-01
5.929555193722814144e-01 1.773380512513518803e-01 5.033736608484846720e-01
6.101577936919777567e-01 1.358209936747253321e-01 4.909572028661624010e-01
6.186843255523204466e-01 8.732803127558536049e-02 4.952283394827678986e-01
6.372010169887959430e-01 4.360962646432220424e-02 4.819617098605795125e-01
6.631154646553187870e-01 5.138949380062540762e-03 4.453275170024371121e-01
6.838434929190010392e-01 -3.645535561597346152e-02 4.029702108771249236e-01
6.830609740363471349e-01 -4.202904548761804415e-02 4.502133762021680585e-01
7.205084303051225714e-01 -8.938790368358601190e-02 3.400165057487261056e-01
7.348282677281037234e-01 -1.187313348966724802e-01 3.045632735537844304e-01
7.445298066631720335e-01 -1.319821462840400639e-01 2.836039613956120586e-01
7.412058471231282031e-01 -1.329806146672963818e-01 2.848016199278622373e-01
7.384137246359765427e-01 -1.346145907869264191e-01 2.838061615536071614e-01
7.495800615303039871e-01 -1.565845720319002654e-01 2.079945245998218173e-01
7.598150553746938485e-01 -1.704120579911171940e-01 1.530037519556790571e-01
7.525388098164946804e-01 -1.594340934630408546e-01 1.764550067739343309e-01
7.576504248912394601e-01 -1.644361967626809806e-01 1.488993827908902112e-01
7.586442694720239022e-01 -1.605952149023189834e-01 1.446818364810056323e-01
7.639209596718683493e-01 -1.675200985097177186e-01 1.159810606650488740e-01
7.636785770049676625e-01 -1.689990948636047041e-01 1.169161173107606810e-01
7.640470645364836333e-01 -1.677058551744408654e-01 1.154066380127924951e-01
7.636687388338565530e-01 -1.689770478712468993e-01 1.170712987548219175e-01
7.586819345287829641e-01 -1.607164462197050447e-01 1.444084309047690695e-01
7.637998066125198937e-01 -1.691171372339538848e-01 1.165497329665223791e-01
7.637435683316304846e-01 -1.691254768150634580e-01 1.166410626535017148e-01
7.632974162233456816e-01 -1.720947866229079470e-01 1.180542755116726905e-01
7.602951261739417932e-01 -1.687237061246595893e-01 1.169095581664409966e-01
7.367684898471691390e-01 -1.389143739925119414e-01 1.963572557988204625e-01
7.328698429092663780e-01 -1.390302282909052223e-01 1.650702325817814398e-01
6.988757267716048105e-01 -1.043111826428543276e-01 2.619696198232746021e-01
6.988028806321685549e-01 -1.212401840300275646e-01 1.819350066349583184e-01
6.752039799891694782e-01 -9.834148322826252731e-02 1.984617013716396539e-01
6.487954505820229256e-01 -8.169641279677675172e-02 2.164820323613818598e-01
6.341129910500497013e-01 -8.271685202495748790e-02 1.544083059650362966e-01
6.033415299232408602e-01 -5.642274453899259745e-02 2.259601922143512631e-01
5.805054828018977320e-01 -5.566519183422624639e-02 1.649831733427604696e-01
5.552055849001303889e-01 -2.165209146231411586e-02 2.580478196338125141e-01
5.510166235222764275e-01 -3.632135503759237327e-02 1.523214371830383662e-01
5.335825207905322554e-01 -1.448983961084482353e-02 2.248292371487483621e-01
5.320514134684835028e-01 -2.219004830779502946e-02 1.730109499221843539e-01
5.259460298296760872e-01 -2.029665607423708495e-02 1.714222423167683917e-01
5.229358772131591504e-01 -1.870603062722081544e-02 1.702619816522343843e-01
5.131908175229547009e-01 -6.151838299771783536e-03 2.196098673520818778e-01
5.198115722171586794e-01 -1.832459518169982093e-02 1.708269732958593856e-01
5.343345052100673120e-01 -3.821162517614662413e-02 8.895896111028123165e-02
5.406914609145172523e-01 -3.994107516720141193e-02 9.150379395709729025e-02
5.555346679290540379e-01 -3.955266210695351781e-02 1.231599932179938683e-01
5.725603475533217468e-01 -4.370344672995807311e-02 1.570315894342109164e-01
5.859763579191237248e-01 -4.274777065384383068e-02 1.887724074043526379e-01
6.046467828192710892e-01 -4.677200508809092883e-02 2.202099341844796498e-01
6.297558279880226539e-01 -6.575428400770577664e-02 1.753983171892457005e-01
6.313050470103949152e-01 -4.762117699049411845e-02 2.531020660917042697e-01
6.465097796628027638e-01 -4.159427938365933830e-02 2.778940637899771637e-01
6.635020835394829231e-01 -3.707384140625591407e-02 3.039555465300276538e-01
6.813430558645814372e-01 -4.421296773638577760e-02 2.599755413872621990e-01
6.872851187518269622e-01 -3.364047046258294982e-02 2.822502473851495886e-01
6.842284184240281508e-01 -1.801466026204823212e-02 3.245847428739814244e-01
6.841075314557463205e-01 -1.047316212417187531e-02 3.453526987255393088e-01
6.794054227861285877e-01 1.000165249508622178e-02 3.803651105504153307e-01
6.773931222275912933e-01 2.715861124582591435e-02 3.968378576993749629e-01
6.771909823199628864e-01 4.313282315255700938e-02 3.878356075569584505e-01
6.711285617145418270e-01 6.448812832520905980e-02 3.993913631657526331e-01
6.674934894401043373e-01 8.124329670578245288e-02 4.119065231177254649e-01
6.536731218475460015e-01 9.600725178444380337e-02 4.417921972419915910e-01
6.482667785780460434e-01 1.152593303503096633e-01 4.511881347940012166e-01
6.304139452846542202e-01 1.280469636579901205e-01 4.614328855723224265e-01
5.954631886330827850e-01 1.764021299929172115e-01 4.526279171122915557e-01
5.799072821128010702e-01 1.928004171983003778e-01 4.782125667677581404e-01
5.763616986271962173e-01 2.045160657082646938e-01 4.730483504652001070e-01
5.732338124600417917e-01 2.184249004823491380e-01 4.663405366601969249e-01
5.697743734789579850e-01 2.215283411057293872e-01 4.495468396293413882e-01
5.614231805471562309e-01 2.303446946072653101e-01 4.772634557197679150e-01
5.607599560678235839e-01 2.355589222538247429e-01 4.577413283080820072e-01
5.604947873601824337e-01 2.368842133586109844e-01 4.232078479565188900e-01
5.613633535815394371e-01 2.362901934893651967e-01 4.066640914196590906e-01
5.604660732193722517e-01 2.356500316727608291e-01 4.230144392305725809e-01
5.624349349421188249e-01 2.320002503454834941e-01 4.253825195350802169e-01
5.617159966642901736e-01 2.228461779172867807e-01 4.641102046532281644e-01
5.759824121448859913e-01 2.099407573235481106e-01 4.191472381196774677e-01
5.840944607430950120e-01 1.959168909642547418e-01 4.594742202209167736e-01
5.979598150830015557e-01 1.762377580678015643e-01 4.526680712308295274e-01
6.196101465890809790e-01 1.463048362037391303e-01 4.154791516640850002e-01
6.414616298649251647e-01 9.787335660603646570e-02 4.388697397541043710e-01
6.571119223823368438e-01 5.727559135821469471e-02 4.199461319832502593e-01
6.748610292869061666e-01 2.593782123620808067e-02 3.956822340368448820e-01
6.880713975882112310e-01 -2.907962647587025717e-03 3.884554366768717681e-01
6.968105125963240942e-01 -2.824452685295042453e-02 3.781371064797192094e-01
7.185119492056295520e-01 -6.296371227883168498e-02 3.269028999446601524e-01
7.261176713673509475e-01 -8.082845557138507164e-02 3.123891525569721939e-01
7.252774942282927961e-01 -1.023658538775402138e-01 2.662125088937248307e-01
7.203329874261157340e-01 -1.134843145611029724e-01 2.414187711964563832e-01
7.302732690401390059e-01 -1.360515162225254260e-01 1.628786443092811176e-01
7.350792577398774785e-01 -1.443710165507788856e-01 1.337290310414149808e-01
7.348002465656491289e-01 -1.441428553590778927e-01 1.344924119913488703e-01
7.272707960205289091e-01 -1.363153377703283375e-01 1.607299730917739478e-01
7.318258299869224714e-01 -1.442360969977043439e-01 1.331501264751189240e-01
7.317153135127049124e-01 -1.441018392833648409e-01 1.335894494610312400e-01
7.319009235294695603e-01 -1.443283926892122149e-01 1.329994881622895697e-01
7.318157731298610136e-01 -1.442377193491570231e-01 1.332902240352582535e-01
7.318272214477228310e-01 -1.442537929027270516e-01 1.332770556619871094e-01
7.320553980578189401e-01 -1.445330753076835006e-01 1.323770060062230414e-01
7.318484228690287363e-01 -1.443184446811131005e-01 1.330395639967938415e-01
7.319772739001528805e-01 -1.444933009771672272e-01 1.325990307128783741e-01
7.318703998820195178e-01 -1.443423229886987014e-01 1.329514627212979860e-01
7.271426969297111187e-01 -1.377713671040460275e-01 1.613442077769495775e-01
7.273069488806139793e-01 -1.379522525597987603e-01 1.607753215333300734e-01
